1667615904.575640,lo,0.00,0.00,0.00,0,0,0.00,0.00,0.00,0,0,0.00,0.00,0,0,0.00,0.00,0.00,0,0
1667615904.575683,eth0,0.00,0.00,0.00,0,0,0.00,0.00,0.00,0,0,0.00,0.00,0,0,0.00,0.00,0.00,0,0
1667615904.575695,s1-eth1,0.00,0.00,0.00,0,0,0.00,0.00,0.00,0,0,0.00,0.00,0,0,0.00,0.00,0.00,0,0
1667615904.575708,s2-eth2,0.00,0.00,0.00,0,0,0.00,0.00,0.00,0,0,0.00,0.00,0,0,0.00,0.00,0.00,0,0
1667615904.575718,s2-eth3,0.00,0.00,0.00,0,0,0.00,0.00,0.00,0,0,0.00,0.00,0,0,0.00,0.00,0.00,0,0
1667615904.575727,s1-eth3,0.00,0.00,0.00,0,0,0.00,0.00,0.00,0,0,0.00,0.00,0,0,0.00,0.00,0.00,0,0
1667615904.575747,s1-eth2,0.00,0.00,0.00,0,0,0.00,0.00,0.00,0,0,0.00,0.00,0,0,0.00,0.00,0.00,0,0
1667615904.575756,s2-eth1,0.00,0.00,0.00,0,0,0.00,0.00,0.00,0,0,0.00,0.00,0,0,0.00,0.00,0.00,0,0
1667615904.575779,total,0.00,0.00,0.00,0,0,0.00,0.00,0.00,0,0,0.00,0.00,0,0,0.00,0.00,0.00,0,0
1667615905.575980,lo,13735.00,13735.00,27470.00,13735,13735,119.00,119.00,238.00,119,119,0.00,0.00,0,0,109880.00,109880.00,219760.00,109880,109880
1667615905.576016,eth0,2120.00,2260.00,4380.00,2260,2120,16.00,26.00,42.00,26,16,0.00,0.00,0,0,16960.00,18080.00,35040.00,18080,16960
1667615905.576061,s1-eth1,820.00,250.00,1070.00,250,820,10.00,3.00,13.00,3,10,0.00,0.00,0,0,6560.00,2000.00,8560.00,2000,6560
1667615905.576073,s2-eth2,910.00,160.00,1070.00,160,910,11.00,2.00,13.00,2,11,0.00,0.00,0,0,7280.00,1280.00,8560.00,1280,7280
1667615905.576085,s2-eth3,68696.00,11983958.00,12052654.00,11983958,68696,1038.00,1057.00,2095.00,1057,1038,0.00,0.00,0,0,549568.00,95871664.00,96421232.00,95871664,549568
1667615905.576098,s1-eth3,11994712.00,67942.00,12062654.00,67942,11994712,1064.00,1029.00,2093.00,1029,1064,0.00,0.00,0,0,95957696.00,543536.00,96501232.00,543536,95957696
1667615905.576127,s1-eth2,68442.00,12020568.00,12089010.00,12020568,68442,1035.00,1062.00,2097.00,1062,1035,0.00,0.00,0,0,547536.00,96164544.00,96712080.00,96164544,547536
1667615905.576141,s2-eth1,12020568.00,68508.00,12089076.00,68508,12020568,1062.00,1036.00,2098.00,1036,1062,0.00,0.00,0,0,96164544.00,548064.00,96712608.00,548064,96164544
1667615905.576163,total,24170004.00,24157380.00,48327384.00,24157381,24170003,4355.00,4334.00,8689.00,4334,4355,0.00,0.00,0,0,193360032.00,193259040.00,386619072.00,193259048,193360024
1667615906.576451,lo,7588.00,7588.00,15176.00,7588,7588,61.00,61.00,122.00,61,61,0.00,0.00,0,0,60704.00,60704.00,121408.00,60704,60704
1667615906.576488,eth0,4278.00,2948.00,7226.00,2948,4278,19.00,30.00,49.00,30,19,0.00,0.00,0,0,34224.00,23584.00,57808.00,23584,34224
1667615906.576502,s1-eth1,180.00,0.00,180.00,0,180,2.00,0.00,2.00,0,2,0.00,0.00,0,0,1440.00,0.00,1440.00,0,1440
1667615906.576513,s2-eth2,90.00,90.00,180.00,90,90,1.00,1.00,2.00,1,1,0.00,0.00,0,0,720.00,720.00,1440.00,720,720
1667615906.576524,s2-eth3,60990.00,12012776.00,12073766.00,12012776,60990,923.00,924.00,1847.00,924,923,0.00,0.00,0,0,487920.00,96102208.00,96590128.00,96102208,487920
1667615906.576538,s1-eth3,12024516.00,60744.00,12085260.00,60744,12024516,926.00,920.00,1846.00,920,926,0.00,0.00,0,0,96196128.00,485952.00,96682080.00,485952,96196128
1667615906.576562,s1-eth2,60810.00,12011418.00,12072228.00,12011418,60810,921.00,925.00,1846.00,925,921,0.00,0.00,0,0,486480.00,96091344.00,96577824.00,96091344,486480
1667615906.576575,s2-eth1,12011418.00,60744.00,12072162.00,60744,12011418,925.00,920.00,1845.00,920,925,0.00,0.00,0,0,96091344.00,485952.00,96577296.00,485952,96091344
1667615906.576598,total,24169870.00,24156308.00,48326176.00,24156308,24169870,3778.00,3781.00,7559.00,3781,3778,0.00,0.00,0,0,193358960.00,193250464.00,386609408.00,193250464,193358960
1667615907.576806,lo,929.00,929.00,1858.00,929,929,14.00,14.00,28.00,14,14,0.00,0.00,0,0,7432.00,7432.00,14864.00,7432,7432
1667615907.576843,eth0,712.00,596.00,1308.00,596,712,6.00,8.00,14.00,8,6,0.00,0.00,0,0,5696.00,4768.00,10464.00,4768,5696
1667615907.576857,s1-eth1,0.00,0.00,0.00,0,0,0.00,0.00,0.00,0,0,0.00,0.00,0,0,0.00,0.00,0.00,0,0
1667615907.576871,s2-eth2,0.00,0.00,0.00,0,0,0.00,0.00,0.00,0,0,0.00,0.00,0,0,0.00,0.00,0.00,0,0
1667615907.576881,s2-eth3,60588.00,12011262.00,12071850.00,12011262,60588,918.00,923.00,1841.00,923,918,0.00,0.00,0,0,484704.00,96090096.00,96574800.00,96090096,484704
1667615907.576907,s1-eth3,12011262.00,60654.00,12071916.00,60654,12011262,923.00,919.00,1842.00,919,923,0.00,0.00,0,0,96090096.00,485232.00,96575328.00,485232,96090096
1667615907.576932,s1-eth2,60588.00,12011262.00,12071850.00,12011262,60588,918.00,923.00,1841.00,923,918,0.00,0.00,0,0,484704.00,96090096.00,96574800.00,96090096,484704
1667615907.576945,s2-eth1,12011262.00,60588.00,12071850.00,60588,12011262,923.00,918.00,1841.00,918,923,0.00,0.00,0,0,96090096.00,484704.00,96574800.00,484704,96090096
1667615907.576967,total,24145340.00,24145292.00,48290632.00,24145291,24145341,3702.00,3705.00,7407.00,3705,3702,0.00,0.00,0,0,193162720.00,193162336.00,386325056.00,193162328,193162728
1667615908.577157,lo,4115.00,4115.00,8230.00,4115,4115,40.00,40.00,80.00,40,40,0.00,0.00,0,0,32920.00,32920.00,65840.00,32920,32920
1667615908.577195,eth0,670.00,588.00,1258.00,588,670,7.00,7.00,14.00,7,7,0.00,0.00,0,0,5360.00,4704.00,10064.00,4704,5360
1667615908.577209,s1-eth1,154.00,84.00,238.00,84,154,3.00,2.00,5.00,2,3,0.00,0.00,0,0,1232.00,672.00,1904.00,672,1232
1667615908.577227,s2-eth2,112.00,42.00,154.00,42,112,2.00,1.00,3.00,1,2,0.00,0.00,0,0,896.00,336.00,1232.00,336,896
1667615908.577239,s2-eth3,60856.00,12005470.00,12066326.00,12005470,60856,922.00,923.00,1845.00,923,922,0.00,0.00,0,0,486848.00,96043760.00,96530608.00,96043760,486848
1667615908.577252,s1-eth3,12011374.00,60828.00,12072202.00,60828,12011374,925.00,922.00,1847.00,922,925,0.00,0.00,0,0,96090992.00,486624.00,96577616.00,486624,96090992
1667615908.577277,s1-eth2,60828.00,12011304.00,12072132.00,12011304,60828,922.00,924.00,1846.00,924,922,0.00,0.00,0,0,486624.00,96090432.00,96577056.00,96090432,486624
1667615908.577290,s2-eth1,12011304.00,60828.00,12072132.00,60828,12011304,924.00,922.00,1846.00,922,924,0.00,0.00,0,0,96090432.00,486624.00,96577056.00,486624,96090432
1667615908.577312,total,24149412.00,24143260.00,48292672.00,24143259,24149413,3745.00,3741.00,7486.00,3741,3745,0.00,0.00,0,0,193195296.00,193146080.00,386341376.00,193146072,193195304
1667615909.577573,lo,9337.00,9337.00,18674.00,9337,9337,73.00,73.00,146.00,73,73,0.00,0.00,0,0,74696.00,74696.00,149392.00,74696,74696
1667615909.577609,eth0,354.00,320.00,674.00,320,354,3.00,5.00,8.00,5,3,0.00,0.00,0,0,2832.00,2560.00,5392.00,2560,2832
1667615909.577622,s1-eth1,322.00,112.00,434.00,112,322,5.00,2.00,7.00,2,5,0.00,0.00,0,0,2576.00,896.00,3472.00,896,2576
1667615909.577634,s2-eth2,322.00,112.00,434.00,112,322,5.00,2.00,7.00,2,5,0.00,0.00,0,0,2576.00,896.00,3472.00,896,2576
1667615909.577645,s2-eth3,61192.00,12017382.00,12078574.00,12017382,61192,928.00,929.00,1857.00,929,928,0.00,0.00,0,0,489536.00,96139056.00,96628592.00,96139056,489536
1667615909.577659,s1-eth3,12011716.00,60898.00,12072614.00,60898,12011716,930.00,923.00,1853.00,923,930,0.00,0.00,0,0,96093728.00,487184.00,96580912.00,487184,96093728
1667615909.577683,s1-eth2,61080.00,12011688.00,12072768.00,12011688,61080,926.00,930.00,1856.00,930,926,0.00,0.00,0,0,488640.00,96093504.00,96582144.00,96093504,488640
1667615909.577699,s2-eth1,12011688.00,61080.00,12072768.00,61080,12011688,930.00,926.00,1856.00,926,930,0.00,0.00,0,0,96093504.00,488640.00,96582144.00,488640,96093504
1667615909.577721,total,24156012.00,24160928.00,48316940.00,24160929,24156011,3800.00,3790.00,7590.00,3790,3800,0.00,0.00,0,0,193248096.00,193287424.00,386535520.00,193287432,193248088
1667615910.577880,lo,313.00,313.00,626.00,313,313,5.00,5.00,10.00,5,5,0.00,0.00,0,0,2504.00,2504.00,5008.00,2504,2504
1667615910.577917,eth0,236.00,216.00,452.00,216,236,2.00,3.00,5.00,3,2,0.00,0.00,0,0,1888.00,1728.00,3616.00,1728,1888
1667615910.577935,s1-eth1,0.00,0.00,0.00,0,0,0.00,0.00,0.00,0,0,0.00,0.00,0,0,0.00,0.00,0.00,0,0
1667615910.577945,s2-eth2,0.00,0.00,0.00,0,0,0.00,0.00,0.00,0,0,0.00,0.00,0,0,0.00,0.00,0.00,0,0
1667615910.577955,s2-eth3,60588.00,12010998.00,12071586.00,12010998,60588,918.00,919.00,1837.00,919,918,0.00,0.00,0,0,484704.00,96087984.00,96572688.00,96087984,484704
1667615910.577978,s1-eth3,12010998.00,60588.00,12071586.00,60588,12010998,919.00,918.00,1837.00,918,919,0.00,0.00,0,0,96087984.00,484704.00,96572688.00,484704,96087984
1667615910.578003,s1-eth2,60588.00,12010998.00,12071586.00,12010998,60588,918.00,919.00,1837.00,919,918,0.00,0.00,0,0,484704.00,96087984.00,96572688.00,96087984,484704
1667615910.578015,s2-eth1,12010998.00,60588.00,12071586.00,60588,12010998,919.00,918.00,1837.00,918,919,0.00,0.00,0,0,96087984.00,484704.00,96572688.00,484704,96087984
1667615910.578037,total,24143720.00,24143700.00,48287424.00,24143701,24143721,3681.00,3682.00,7363.00,3682,3681,0.00,0.00,0,0,193149760.00,193149600.00,386299392.00,193149608,193149768
1667615911.578276,lo,313.00,313.00,626.00,313,313,5.00,5.00,10.00,5,5,0.00,0.00,0,0,2504.00,2504.00,5008.00,2504,2504
1667615911.578314,eth0,236.00,216.00,452.00,216,236,2.00,3.00,5.00,3,2,0.00,0.00,0,0,1888.00,1728.00,3616.00,1728,1888
1667615911.578327,s1-eth1,0.00,0.00,0.00,0,0,0.00,0.00,0.00,0,0,0.00,0.00,0,0,0.00,0.00,0.00,0,0
1667615911.578337,s2-eth2,0.00,0.00,0.00,0,0,0.00,0.00,0.00,0,0,0.00,0.00,0,0,0.00,0.00,0.00,0,0
1667615911.578347,s2-eth3,60852.00,12011394.00,12072246.00,12011394,60852,922.00,925.00,1847.00,925,922,0.00,0.00,0,0,486816.00,96091152.00,96577968.00,96091152,486816
1667615911.578360,s1-eth3,12011394.00,60852.00,12072246.00,60852,12011394,925.00,922.00,1847.00,922,925,0.00,0.00,0,0,96091152.00,486816.00,96577968.00,486816,96091152
1667615911.578384,s1-eth2,60852.00,12011394.00,12072246.00,12011394,60852,922.00,925.00,1847.00,925,922,0.00,0.00,0,0,486816.00,96091152.00,96577968.00,96091152,486816
1667615911.578398,s2-eth1,12011394.00,60852.00,12072246.00,60852,12011394,925.00,922.00,1847.00,922,925,0.00,0.00,0,0,96091152.00,486816.00,96577968.00,486816,96091152
1667615911.578420,total,24145040.00,24145020.00,48290064.00,24145021,24145041,3701.00,3702.00,7403.00,3702,3701,0.00,0.00,0,0,193160320.00,193160160.00,386320512.00,193160168,193160328
1667615912.578589,lo,313.00,313.00,626.00,313,313,5.00,5.00,10.00,5,5,0.00,0.00,0,0,2504.00,2504.00,5008.00,2504,2504
1667615912.578632,eth0,326.00,292.00,618.00,292,326,3.00,4.00,7.00,4,3,0.00,0.00,0,0,2608.00,2336.00,4944.00,2336,2608
1667615912.578646,s1-eth1,0.00,0.00,0.00,0,0,0.00,0.00,0.00,0,0,0.00,0.00,0,0,0.00,0.00,0.00,0,0
1667615912.578655,s2-eth2,0.00,0.00,0.00,0,0,0.00,0.00,0.00,0,0,0.00,0.00,0,0,0.00,0.00,0.00,0,0
1667615912.578665,s2-eth3,60654.00,12011196.00,12071850.00,12011196,60654,919.00,922.00,1841.00,922,919,0.00,0.00,0,0,485232.00,96089568.00,96574800.00,96089568,485232
1667615912.578679,s1-eth3,12011196.00,60654.00,12071850.00,60654,12011196,922.00,919.00,1841.00,919,922,0.00,0.00,0,0,96089568.00,485232.00,96574800.00,485232,96089568
1667615912.578702,s1-eth2,60654.00,12011196.00,12071850.00,12011196,60654,919.00,922.00,1841.00,922,919,0.00,0.00,0,0,485232.00,96089568.00,96574800.00,96089568,485232
1667615912.578716,s2-eth1,12011196.00,60654.00,12071850.00,60654,12011196,922.00,919.00,1841.00,919,922,0.00,0.00,0,0,96089568.00,485232.00,96574800.00,485232,96089568
1667615912.578737,total,24144340.00,24144304.00,48288644.00,24144305,24144339,3690.00,3691.00,7381.00,3691,3690,0.00,0.00,0,0,193154720.00,193154432.00,386309152.00,193154440,193154712
1667615913.578983,lo,424.00,424.00,848.00,424,424,7.00,7.00,14.00,7,7,0.00,0.00,0,0,3392.00,3392.00,6784.00,3392,3392
1667615913.579020,eth0,346.00,268.00,614.00,268,346,3.00,4.00,7.00,4,3,0.00,0.00,0,0,2768.00,2144.00,4912.00,2144,2768
1667615913.579033,s1-eth1,0.00,0.00,0.00,0,0,0.00,0.00,0.00,0,0,0.00,0.00,0,0,0.00,0.00,0.00,0,0
1667615913.579043,s2-eth2,0.00,0.00,0.00,0,0,0.00,0.00,0.00,0,0,0.00,0.00,0,0,0.00,0.00,0.00,0,0
1667615913.579052,s2-eth3,60786.00,12011130.00,12071916.00,12011130,60786,921.00,921.00,1842.00,921,921,0.00,0.00,0,0,486288.00,96089040.00,96575328.00,96089040,486288
1667615913.579066,s1-eth3,12011130.00,60786.00,12071916.00,60786,12011130,921.00,921.00,1842.00,921,921,0.00,0.00,0,0,96089040.00,486288.00,96575328.00,486288,96089040
1667615913.579089,s1-eth2,60786.00,12011130.00,12071916.00,12011130,60786,921.00,921.00,1842.00,921,921,0.00,0.00,0,0,486288.00,96089040.00,96575328.00,96089040,486288
1667615913.579114,s2-eth1,12011130.00,60786.00,12071916.00,60786,12011130,921.00,921.00,1842.00,921,921,0.00,0.00,0,0,96089040.00,486288.00,96575328.00,486288,96089040
1667615913.579136,total,24144602.00,24144524.00,48289128.00,24144524,24144602,3694.00,3695.00,7389.00,3695,3694,0.00,0.00,0,0,193156816.00,193156192.00,386313024.00,193156192,193156816
1667615914.579388,lo,883.00,883.00,1766.00,883,883,15.00,15.00,30.00,15,15,0.00,0.00,0,0,7064.00,7064.00,14128.00,7064,7064
1667615914.579431,eth0,420.00,364.00,784.00,364,420,4.00,5.00,9.00,5,4,0.00,0.00,0,0,3360.00,2912.00,6272.00,2912,3360
1667615914.579445,s1-eth1,0.00,0.00,0.00,0,0,0.00,0.00,0.00,0,0,0.00,0.00,0,0,0.00,0.00,0.00,0,0
1667615914.579455,s2-eth2,0.00,0.00,0.00,0,0,0.00,0.00,0.00,0,0,0.00,0.00,0,0,0.00,0.00,0.00,0,0
1667615914.579465,s2-eth3,60588.00,12011130.00,12071718.00,12011130,60588,918.00,921.00,1839.00,921,918,0.00,0.00,0,0,484704.00,96089040.00,96573744.00,96089040,484704
1667615914.579478,s1-eth3,11998032.00,60588.00,12058620.00,60588,11998032,920.00,918.00,1838.00,918,920,0.00,0.00,0,0,95984256.00,484704.00,96468960.00,484704,95984256
1667615914.579505,s1-eth2,60588.00,12011130.00,12071718.00,12011130,60588,918.00,921.00,1839.00,921,918,0.00,0.00,0,0,484704.00,96089040.00,96573744.00,96089040,484704
1667615914.579518,s2-eth1,12011130.00,60588.00,12071718.00,60588,12011130,921.00,918.00,1839.00,918,921,0.00,0.00,0,0,96089040.00,484704.00,96573744.00,484704,96089040
1667615914.579540,total,24131640.00,24144684.00,48276324.00,24144683,24131641,3696.00,3698.00,7394.00,3698,3696,0.00,0.00,0,0,193053120.00,193157472.00,386210592.00,193157464,193053128
