1669089321.519967,lo,0.00,0.00,0.00,0,0,0.00,0.00,0.00,0,0,0.00,0.00,0,0,0.00,0.00,0.00,0,0
1669089321.520063,eth0,0.00,0.00,0.00,0,0,0.00,0.00,0.00,0,0,0.00,0.00,0,0,0.00,0.00,0.00,0,0
1669089321.520076,docker0,0.00,0.00,0.00,0,0,0.00,0.00,0.00,0,0,0.00,0.00,0,0,0.00,0.00,0.00,0,0
1669089321.520097,s1-eth1,0.00,0.00,0.00,0,0,0.00,0.00,0.00,0,0,0.00,0.00,0,0,0.00,0.00,0.00,0,0
1669089321.520130,s2-eth2,0.00,0.00,0.00,0,0,0.00,0.00,0.00,0,0,0.00,0.00,0,0,0.00,0.00,0.00,0,0
1669089321.520140,s2-eth3,0.00,0.00,0.00,0,0,0.00,0.00,0.00,0,0,0.00,0.00,0,0,0.00,0.00,0.00,0,0
1669089321.520198,s1-eth3,0.00,0.00,0.00,0,0,0.00,0.00,0.00,0,0,0.00,0.00,0,0,0.00,0.00,0.00,0,0
1669089321.520212,s1-eth2,0.00,0.00,0.00,0,0,0.00,0.00,0.00,0,0,0.00,0.00,0,0,0.00,0.00,0.00,0,0
1669089321.520226,s2-eth1,0.00,0.00,0.00,0,0,0.00,0.00,0.00,0,0,0.00,0.00,0,0,0.00,0.00,0.00,0,0
1669089321.520241,total,0.00,0.00,0.00,0,0,0.00,0.00,0.00,0,0,0.00,0.00,0,0,0.00,0.00,0.00,0,0
1669089322.520469,lo,8537.00,8537.00,17074.00,8537,8537,66.00,66.00,132.00,66,66,0.00,0.00,0,0,68296.00,68296.00,136592.00,68296,68296
1669089322.520518,eth0,730.00,420.00,1150.00,420,730,5.00,5.00,10.00,5,5,0.00,0.00,0,0,5840.00,3360.00,9200.00,3360,5840
1669089322.520533,docker0,0.00,0.00,0.00,0,0,0.00,0.00,0.00,0,0,0.00,0.00,0,0,0.00,0.00,0.00,0,0
1669089322.520551,s1-eth1,65134.00,6407102.00,6472236.00,6407102,65134,763.00,1131.00,1894.00,1131,763,0.00,0.00,0,0,521072.00,51256816.00,51777888.00,51256816,521072
1669089322.520588,s2-eth2,53798.00,5181850.00,5235648.00,5181850,53798,613.00,1067.00,1680.00,1067,613,0.00,0.00,0,0,430384.00,41454800.00,41885184.00,41454800,430384
1669089322.520619,s2-eth3,42546.00,3609886.00,3652432.00,3609886,42546,491.00,921.00,1412.00,921,491,0.00,0.00,0,0,340368.00,28879088.00,29219456.00,28879088,340368
1669089322.520635,s1-eth3,12036078.00,159412.00,12195490.00,159412,12036078,2329.00,1842.00,4171.00,1842,2329,0.00,0.00,0,0,96288624.00,1275296.00,97563920.00,1275296,96288624
1669089322.520649,s1-eth2,95156.00,8802914.00,8898070.00,8802914,95156,1090.00,2003.00,3093.00,2003,1090,0.00,0.00,0,0,761248.00,70423312.00,71184560.00,70423312,761248
1669089322.520663,s2-eth1,8802914.00,95156.00,8898070.00,95156,8802914,2003.00,1090.00,3093.00,1090,2003,0.00,0.00,0,0,70423312.00,761248.00,71184560.00,761248,70423312
1669089322.520682,total,21104892.00,24265276.00,45370168.00,24265277,21104893,7360.00,8125.00,15485.00,8125,7360,0.00,0.00,0,0,168839136.00,194122208.00,362961344.00,194122216,168839144
1669089323.521001,lo,341.00,341.00,682.00,341,341,6.00,6.00,12.00,6,6,0.00,0.00,0,0,2728.00,2728.00,5456.00,2728,2728
1669089323.521087,eth0,206.00,224.00,430.00,224,206,3.00,3.00,6.00,3,3,0.00,0.00,0,0,1648.00,1792.00,3440.00,1792,1648
1669089323.521102,docker0,0.00,0.00,0.00,0,0,0.00,0.00,0.00,0,0,0.00,0.00,0,0,0.00,0.00,0.00,0,0
1669089323.521120,s1-eth1,66290.00,5455398.00,5521688.00,5455398,66290,955.00,1043.00,1998.00,1043,955,0.00,0.00,0,0,530320.00,43643184.00,44173504.00,43643184,530320
1669089323.521157,s2-eth2,71568.00,3571042.00,3642610.00,3571042,71568,1042.00,1145.00,2187.00,1145,1042,0.00,0.00,0,0,572544.00,28568336.00,29140880.00,28568336,572544
1669089323.521210,s2-eth3,60518.00,2941988.00,3002506.00,2941988,60518,877.00,982.00,1859.00,982,877,0.00,0.00,0,0,484144.00,23535904.00,24020048.00,23535904,484144
1669089323.521228,s1-eth3,12082102.00,198118.00,12280220.00,198118,12082102,3203.00,2873.00,6076.00,2873,3203,0.00,0.00,0,0,96656816.00,1584944.00,98241760.00,1584944,96656816
1669089323.521242,s1-eth2,132190.00,6535080.00,6667270.00,6535080,132190,1921.00,2132.00,4053.00,2132,1921,0.00,0.00,0,0,1057520.00,52280640.00,53338160.00,52280640,1057520
1669089323.521256,s2-eth1,6535080.00,132190.00,6667270.00,132190,6535080,2132.00,1921.00,4053.00,1921,2132,0.00,0.00,0,0,52280640.00,1057520.00,53338160.00,1057520,52280640
1669089323.521276,total,18948296.00,18834380.00,37782676.00,18834381,18948295,10139.00,10105.00,20244.00,10105,10139,0.00,0.00,0,0,151586368.00,150675040.00,302261408.00,150675048,151586360
1669089324.521584,lo,229.00,229.00,458.00,229,229,4.00,4.00,8.00,4,4,0.00,0.00,0,0,1832.00,1832.00,3664.00,1832,1832
1669089324.521663,eth0,152.00,132.00,284.00,132,152,2.00,2.00,4.00,2,2,0.00,0.00,0,0,1216.00,1056.00,2272.00,1056,1216
1669089324.521678,docker0,0.00,0.00,0.00,0,0,0.00,0.00,0.00,0,0,0.00,0.00,0,0,0.00,0.00,0.00,0,0
1669089324.521702,s1-eth1,60720.00,5557542.00,5618262.00,5557542,60720,920.00,1011.00,1931.00,1011,920,0.00,0.00,0,0,485760.00,44460336.00,44946096.00,44460336,485760
1669089324.521740,s2-eth2,76428.00,3573954.00,3650382.00,3573954,76428,1158.00,1233.00,2391.00,1233,1158,0.00,0.00,0,0,611424.00,28591632.00,29203056.00,28591632,611424
1669089324.521784,s2-eth3,65406.00,3037568.00,3102974.00,3037568,65406,991.00,1048.00,2039.00,1048,991,0.00,0.00,0,0,523248.00,24300544.00,24823792.00,24300544,523248
1669089324.521798,s1-eth3,12080534.00,202686.00,12283220.00,202686,12080534,3267.00,3071.00,6338.00,3071,3267,0.00,0.00,0,0,96644272.00,1621488.00,98265760.00,1621488,96644272
1669089324.521812,s1-eth2,141900.00,6612970.00,6754870.00,6612970,141900,2150.00,2281.00,4431.00,2281,2150,0.00,0.00,0,0,1135200.00,52903760.00,54038960.00,52903760,1135200
1669089324.521826,s2-eth1,6612970.00,141900.00,6754870.00,141900,6612970,2281.00,2150.00,4431.00,2150,2281,0.00,0.00,0,0,52903760.00,1135200.00,54038960.00,1135200,52903760
1669089324.521845,total,19038340.00,19126980.00,38165320.00,19126981,19038339,10773.00,10800.00,21573.00,10800,10773,0.00,0.00,0,0,152306720.00,153015840.00,305322560.00,153015848,152306712
1669089325.522091,lo,4260.00,4260.00,8520.00,4260,4260,33.00,33.00,66.00,33,33,0.00,0.00,0,0,34080.00,34080.00,68160.00,34080,34080
1669089325.522144,eth0,0.00,0.00,0.00,0,0,0.00,0.00,0.00,0,0,0.00,0.00,0,0,0.00,0.00,0.00,0,0
1669089325.522157,docker0,0.00,0.00,0.00,0,0,0.00,0.00,0.00,0,0,0.00,0.00,0,0,0.00,0.00,0.00,0,0
1669089325.522175,s1-eth1,58828.00,5359770.00,5418598.00,5359770,58828,892.00,977.00,1869.00,977,892,0.00,0.00,0,0,470624.00,42878160.00,43348784.00,42878160,470624
1669089325.522214,s2-eth2,78322.00,3618426.00,3696748.00,3618426,78322,1187.00,1249.00,2436.00,1249,1187,0.00,0.00,0,0,626576.00,28947408.00,29573984.00,28947408,626576
1669089325.522229,s2-eth3,68880.00,3184262.00,3253142.00,3184262,68880,1044.00,1099.00,2143.00,1099,1044,0.00,0.00,0,0,551040.00,25474096.00,26025136.00,25474096,551040
1669089325.522243,s1-eth3,12084164.00,205590.00,12289754.00,205590,12084164,3300.00,3115.00,6415.00,3115,3300,0.00,0.00,0,0,96673312.00,1644720.00,98318032.00,1644720,96673312
1669089325.522258,s1-eth2,147066.00,6804202.00,6951268.00,6804202,147066,2229.00,2349.00,4578.00,2349,2229,0.00,0.00,0,0,1176528.00,54433616.00,55610144.00,54433616,1176528
1669089325.522271,s2-eth1,6804202.00,147066.00,6951268.00,147066,6804202,2349.00,2229.00,4578.00,2229,2349,0.00,0.00,0,0,54433616.00,1176528.00,55610144.00,1176528,54433616
1669089325.522298,total,19245722.00,19323576.00,38569296.00,19323576,19245722,11034.00,11051.00,22085.00,11051,11034,0.00,0.00,0,0,153965776.00,154588608.00,308554368.00,154588608,153965776
1669089326.522602,lo,10032.00,10032.00,20064.00,10032,10032,75.00,75.00,150.00,75,75,0.00,0.00,0,0,80256.00,80256.00,160512.00,80256,80256
1669089326.522653,eth0,0.00,0.00,0.00,0,0,0.00,0.00,0.00,0,0,0.00,0.00,0,0,0.00,0.00,0.00,0,0
1669089326.522665,docker0,0.00,0.00,0.00,0,0,0.00,0.00,0.00,0,0,0.00,0.00,0,0,0.00,0.00,0.00,0,0
1669089326.522683,s1-eth1,60670.00,5000232.00,5060902.00,5000232,60670,909.00,970.00,1879.00,970,909,0.00,0.00,0,0,485360.00,40001856.00,40487216.00,40001856,485360
1669089326.522720,s2-eth2,77164.00,3554822.00,3631986.00,3554822,77164,1162.00,1229.00,2391.00,1229,1162,0.00,0.00,0,0,617312.00,28438576.00,29055888.00,28438576,617312
1669089326.522764,s2-eth3,72242.00,3325032.00,3397274.00,3325032,72242,1095.00,1126.00,2221.00,1126,1095,0.00,0.00,0,0,577936.00,26600256.00,27178192.00,26600256,577936
1669089326.522779,s1-eth3,12082144.00,209284.00,12291428.00,209284,12082144,3380.00,3154.00,6534.00,3154,3380,0.00,0.00,0,0,96657152.00,1674272.00,98331424.00,1674272,96657152
1669089326.522793,s1-eth2,148902.00,6879840.00,7028742.00,6879840,148902,2249.00,2354.00,4603.00,2354,2249,0.00,0.00,0,0,1191216.00,55038720.00,56229936.00,55038720,1191216
1669089326.522822,s2-eth1,6879840.00,148902.00,7028742.00,148902,6879840,2354.00,2249.00,4603.00,2249,2354,0.00,0.00,0,0,55038720.00,1191216.00,56229936.00,1191216,55038720
1669089326.522843,total,19330994.00,19128144.00,38459136.00,19128144,19330994,11224.00,11157.00,22381.00,11157,11224,0.00,0.00,0,0,154647952.00,153025152.00,307673088.00,153025152,154647952
1669089327.523147,lo,0.00,0.00,0.00,0,0,0.00,0.00,0.00,0,0,0.00,0.00,0,0,0.00,0.00,0.00,0,0
1669089327.523227,eth0,0.00,0.00,0.00,0,0,0.00,0.00,0.00,0,0,0.00,0.00,0,0,0.00,0.00,0.00,0,0
1669089327.523239,docker0,0.00,0.00,0.00,0,0,0.00,0.00,0.00,0,0,0.00,0.00,0,0,0.00,0.00,0.00,0,0
1669089327.523258,s1-eth1,61974.00,4136712.00,4198686.00,4136712,61974,939.00,940.00,1879.00,940,939,0.00,0.00,0,0,495792.00,33093696.00,33589488.00,33093696,495792
1669089327.523295,s2-eth2,64350.00,2994586.00,3058936.00,2994586,64350,975.00,1033.00,2008.00,1033,975,0.00,0.00,0,0,514800.00,23956688.00,24471488.00,23956688,514800
1669089327.523311,s2-eth3,61182.00,5028622.00,5089804.00,5028622,61182,927.00,983.00,1910.00,983,927,0.00,0.00,0,0,489456.00,40228976.00,40718432.00,40228976,489456
1669089327.523350,s1-eth3,12063296.00,187440.00,12250736.00,187440,12063296,2940.00,2840.00,5780.00,2840,2940,0.00,0.00,0,0,96506368.00,1499520.00,98005888.00,1499520,96506368
1669089327.523365,s1-eth2,125532.00,8015902.00,8141434.00,8015902,125532,1902.00,2015.00,3917.00,2015,1902,0.00,0.00,0,0,1004256.00,64127216.00,65131472.00,64127216,1004256
1669089327.523379,s2-eth1,8015902.00,125532.00,8141434.00,125532,8015902,2015.00,1902.00,3917.00,1902,2015,0.00,0.00,0,0,64127216.00,1004256.00,65131472.00,1004256,64127216
1669089327.523400,total,20392236.00,20488794.00,40881032.00,20488794,20392236,9698.00,9713.00,19411.00,9713,9698,0.00,0.00,0,0,163137888.00,163910352.00,327048256.00,163910352,163137888
1669089328.523678,lo,338.00,338.00,676.00,338,338,6.00,6.00,12.00,6,6,0.00,0.00,0,0,2704.00,2704.00,5408.00,2704,2704
1669089328.523725,eth0,206.00,208.00,414.00,208,206,3.00,3.00,6.00,3,3,0.00,0.00,0,0,1648.00,1664.00,3312.00,1664,1648
1669089328.523740,docker0,0.00,0.00,0.00,0,0,0.00,0.00,0.00,0,0,0.00,0.00,0,0,0.00,0.00,0.00,0,0
1669089328.523758,s1-eth1,61710.00,4149876.00,4211586.00,4149876,61710,935.00,942.00,1877.00,942,935,0.00,0.00,0,0,493680.00,33199008.00,33692688.00,33199008,493680
1669089328.523793,s2-eth2,67320.00,3119056.00,3186376.00,3119056,67320,1020.00,1076.00,2096.00,1076,1020,0.00,0.00,0,0,538560.00,24952448.00,25491008.00,24952448,538560
1669089328.523808,s2-eth3,72666.00,4886280.00,4958946.00,4886280,72666,1101.00,1108.00,2209.00,1108,1101,0.00,0.00,0,0,581328.00,39090240.00,39671568.00,39090240,581328
1669089328.523822,s1-eth3,12075568.00,201630.00,12277198.00,201630,12075568,3104.00,3055.00,6159.00,3055,3104,0.00,0.00,0,0,96604544.00,1613040.00,98217584.00,1613040,96604544
1669089328.523836,s1-eth2,139920.00,8008232.00,8148152.00,8008232,139920,2120.00,2184.00,4304.00,2184,2120,0.00,0.00,0,0,1119360.00,64065856.00,65185216.00,64065856,1119360
1669089328.523850,s2-eth1,8008232.00,139920.00,8148152.00,139920,8008232,2184.00,2120.00,4304.00,2120,2184,0.00,0.00,0,0,64065856.00,1119360.00,65185216.00,1119360,64065856
1669089328.523871,total,20425960.00,20505540.00,40931500.00,20505540,20425960,10473.00,10494.00,20967.00,10494,10473,0.00,0.00,0,0,163407680.00,164044320.00,327452000.00,164044320,163407680
1669089329.524130,lo,110.00,110.00,220.00,110,110,2.00,2.00,4.00,2,2,0.00,0.00,0,0,880.00,880.00,1760.00,880,880
1669089329.524235,eth0,98.00,40.00,138.00,40,98,1.00,1.00,2.00,1,1,0.00,0.00,0,0,784.00,320.00,1104.00,320,784
1669089329.524249,docker0,0.00,0.00,0.00,0,0,0.00,0.00,0.00,0,0,0.00,0.00,0,0,0.00,0.00,0.00,0,0
1669089329.524273,s1-eth1,61380.00,4127760.00,4189140.00,4127760,61380,930.00,936.00,1866.00,936,930,0.00,0.00,0,0,491040.00,33022080.00,33513120.00,33022080,491040
1669089329.524331,s2-eth2,70158.00,3244974.00,3315132.00,3244974,70158,1063.00,1119.00,2182.00,1119,1063,0.00,0.00,0,0,561264.00,25959792.00,26521056.00,25959792,561264
1669089329.524362,s2-eth3,70818.00,4767276.00,4838094.00,4767276,70818,1073.00,1082.00,2155.00,1082,1073,0.00,0.00,0,0,566544.00,38138208.00,38704752.00,38138208,566544
1669089329.524376,s1-eth3,12066290.00,202422.00,12268712.00,202422,12066290,3117.00,3067.00,6184.00,3067,3117,0.00,0.00,0,0,96530320.00,1619376.00,98149696.00,1619376,96530320
1669089329.524390,s1-eth2,141042.00,8013764.00,8154806.00,8013764,141042,2137.00,2202.00,4339.00,2202,2137,0.00,0.00,0,0,1128336.00,64110112.00,65238448.00,64110112,1128336
1669089329.524403,s2-eth1,8013764.00,141042.00,8154806.00,141042,8013764,2202.00,2137.00,4339.00,2137,2202,0.00,0.00,0,0,64110112.00,1128336.00,65238448.00,1128336,64110112
1669089329.524423,total,20423660.00,20497388.00,40921048.00,20497388,20423660,10525.00,10546.00,21071.00,10546,10525,0.00,0.00,0,0,163389280.00,163979104.00,327368384.00,163979104,163389280
1669089330.524693,lo,0.00,0.00,0.00,0,0,0.00,0.00,0.00,0,0,0.00,0.00,0,0,0.00,0.00,0.00,0,0
1669089330.524742,eth0,0.00,0.00,0.00,0,0,0.00,0.00,0.00,0,0,0.00,0.00,0,0,0.00,0.00,0.00,0,0
1669089330.524755,docker0,0.00,0.00,0.00,0,0,0.00,0.00,0.00,0,0,0.00,0.00,0,0,0.00,0.00,0.00,0,0
1669089330.524774,s1-eth1,61776.00,4149942.00,4211718.00,4149942,61776,936.00,943.00,1879.00,943,936,0.00,0.00,0,0,494208.00,33199536.00,33693744.00,33199536,494208
1669089330.524811,s2-eth2,71148.00,3283546.00,3354694.00,3283546,71148,1078.00,1133.00,2211.00,1133,1078,0.00,0.00,0,0,569184.00,26268368.00,26837552.00,26268368,569184
1669089330.524826,s2-eth3,69786.00,4634056.00,4703842.00,4634056,69786,1053.00,1060.00,2113.00,1060,1053,0.00,0.00,0,0,558288.00,37072448.00,37630736.00,37072448,558288
1669089330.524840,s1-eth3,12065304.00,202590.00,12267894.00,202590,12065304,3124.00,3065.00,6189.00,3065,3124,0.00,0.00,0,0,96522432.00,1620720.00,98143152.00,1620720,96522432
1669089330.524854,s1-eth2,140946.00,7919050.00,8059996.00,7919050,140946,2131.00,2193.00,4324.00,2193,2131,0.00,0.00,0,0,1127568.00,63352400.00,64479968.00,63352400,1127568
1669089330.524868,s2-eth1,7919050.00,140946.00,8059996.00,140946,7919050,2193.00,2131.00,4324.00,2131,2193,0.00,0.00,0,0,63352400.00,1127568.00,64479968.00,1127568,63352400
1669089330.524898,total,20328010.00,20330130.00,40658140.00,20330130,20328010,10515.00,10525.00,21040.00,10525,10515,0.00,0.00,0,0,162624080.00,162641040.00,325265120.00,162641040,162624080
1669089331.525261,lo,1075.00,1075.00,2150.00,1075,1075,17.00,17.00,34.00,17,17,0.00,0.00,0,0,8600.00,8600.00,17200.00,8600,8600
1669089331.525309,eth0,396.00,316.00,712.00,316,396,4.00,3.00,7.00,3,4,0.00,0.00,0,0,3168.00,2528.00,5696.00,2528,3168
1669089331.525324,docker0,0.00,0.00,0.00,0,0,0.00,0.00,0.00,0,0,0.00,0.00,0,0,0.00,0.00,0.00,0,0
1669089331.525342,s1-eth1,58278.00,5022492.00,5080770.00,5022492,58278,883.00,934.00,1817.00,934,883,0.00,0.00,0,0,466224.00,40179936.00,40646160.00,40179936,466224
1669089331.525378,s2-eth2,64482.00,4086696.00,4151178.00,4086696,64482,977.00,972.00,1949.00,972,977,0.00,0.00,0,0,515856.00,32693568.00,33209424.00,32693568,515856
1669089331.525426,s2-eth3,62694.00,2954236.00,3016930.00,2954236,62694,945.00,1014.00,1959.00,1014,945,0.00,0.00,0,0,501552.00,23633888.00,24135440.00,23633888,501552
1669089331.525445,s1-eth3,12082648.00,185442.00,12268090.00,185442,12082648,2948.00,2805.00,5753.00,2805,2948,0.00,0.00,0,0,96661184.00,1483536.00,98144720.00,1483536,96661184
1669089331.525459,s1-eth2,127098.00,7036456.00,7163554.00,7036456,127098,1921.00,1984.00,3905.00,1984,1921,0.00,0.00,0,0,1016784.00,56291648.00,57308432.00,56291648,1016784
1669089331.525473,s2-eth1,7036456.00,127098.00,7163554.00,127098,7036456,1984.00,1921.00,3905.00,1921,1984,0.00,0.00,0,0,56291648.00,1016784.00,57308432.00,1016784,56291648
1669089331.525498,total,19433128.00,19413812.00,38846936.00,19413811,19433127,9679.00,9650.00,19329.00,9650,9679,0.00,0.00,0,0,155465024.00,155310496.00,310775488.00,155310488,155465016
1669089332.525777,lo,2010.00,2010.00,4020.00,2010,2010,28.00,28.00,56.00,28,28,0.00,0.00,0,0,16080.00,16080.00,32160.00,16080,16080
1669089332.525840,eth0,1368.00,1440.00,2808.00,1440,1368,12.00,17.00,29.00,17,12,0.00,0.00,0,0,10944.00,11520.00,22464.00,11520,10944
1669089332.525855,docker0,0.00,0.00,0.00,0,0,0.00,0.00,0.00,0,0,0.00,0.00,0,0,0.00,0.00,0.00,0,0
1669089332.525917,s1-eth1,59400.00,5009006.00,5068406.00,5009006,59400,900.00,971.00,1871.00,971,900,0.00,0.00,0,0,475200.00,40072048.00,40547248.00,40072048,475200
1669089332.525957,s2-eth2,60852.00,4101300.00,4162152.00,4101300,60852,922.00,930.00,1852.00,930,922,0.00,0.00,0,0,486816.00,32810400.00,33297216.00,32810400,486816
1669089332.525972,s2-eth3,65868.00,3033092.00,3098960.00,3033092,65868,998.00,1046.00,2044.00,1046,998,0.00,0.00,0,0,526944.00,24264736.00,24791680.00,24264736,526944
1669089332.525992,s1-eth3,12071060.00,186186.00,12257246.00,186186,12071060,2926.00,2821.00,5747.00,2821,2926,0.00,0.00,0,0,96568480.00,1489488.00,98057968.00,1489488,96568480
1669089332.526006,s1-eth2,126720.00,7134392.00,7261112.00,7134392,126720,1920.00,1976.00,3896.00,1976,1920,0.00,0.00,0,0,1013760.00,57075136.00,58088896.00,57075136,1013760
1669089332.526020,s2-eth1,7134392.00,126720.00,7261112.00,126720,7134392,1976.00,1920.00,3896.00,1920,1976,0.00,0.00,0,0,57075136.00,1013760.00,58088896.00,1013760,57075136
1669089332.526075,total,19521670.00,19594146.00,39115816.00,19594146,19521670,9682.00,9709.00,19391.00,9709,9682,0.00,0.00,0,0,156173360.00,156753168.00,312926528.00,156753168,156173360
1669089333.526429,lo,1111.00,1111.00,2222.00,1111,1111,12.00,12.00,24.00,12,12,0.00,0.00,0,0,8888.00,8888.00,17776.00,8888,8888
1669089333.526478,eth0,206.00,256.00,462.00,256,206,3.00,4.00,7.00,4,3,0.00,0.00,0,0,1648.00,2048.00,3696.00,2048,1648
1669089333.526492,docker0,0.00,0.00,0.00,0,0,0.00,0.00,0.00,0,0,0.00,0.00,0,0,0.00,0.00,0.00,0,0
1669089333.526511,s1-eth1,68248.00,5355956.00,5424204.00,5355956,68248,1034.00,1072.00,2106.00,1072,1034,0.00,0.00,0,0,545984.00,42847648.00,43393632.00,42847648,545984
1669089333.526579,s2-eth2,65212.00,4370508.00,4435720.00,4370508,65212,988.00,994.00,1982.00,994,988,0.00,0.00,0,0,521696.00,34964064.00,35485760.00,34964064,521696
1669089333.526597,s2-eth3,50020.00,2294238.00,2344258.00,2294238,50020,750.00,799.00,1549.00,799,750,0.00,0.00,0,0,400160.00,18353904.00,18754064.00,18353904,400160
1669089333.526612,s1-eth3,12065862.00,183204.00,12249066.00,183204,12065862,2891.00,2768.00,5659.00,2768,2891,0.00,0.00,0,0,96526896.00,1465632.00,97992528.00,1465632,96526896
1669089333.526626,s1-eth2,115162.00,6669222.00,6784384.00,6669222,115162,1737.00,1795.00,3532.00,1795,1737,0.00,0.00,0,0,921296.00,53353776.00,54275072.00,53353776,921296
1669089333.526641,s2-eth1,6669222.00,115162.00,6784384.00,115162,6669222,1795.00,1737.00,3532.00,1737,1795,0.00,0.00,0,0,53353776.00,921296.00,54275072.00,921296,53353776
1669089333.526661,total,19035044.00,18989656.00,38024700.00,18989657,19035043,9210.00,9181.00,18391.00,9181,9210,0.00,0.00,0,0,152280352.00,151917248.00,304197600.00,151917256,152280344
1669089334.526943,lo,883.00,883.00,1766.00,883,883,8.00,8.00,16.00,8,8,0.00,0.00,0,0,7064.00,7064.00,14128.00,7064,7064
1669089334.526990,eth0,98.00,40.00,138.00,40,98,1.00,1.00,2.00,1,1,0.00,0.00,0,0,784.00,320.00,1104.00,320,784
1669089334.527004,docker0,0.00,0.00,0.00,0,0,0.00,0.00,0.00,0,0,0.00,0.00,0,0,0.00,0.00,0.00,0,0
1669089334.527036,s1-eth1,61318.00,5532662.00,5593980.00,5532662,61318,929.00,1007.00,1936.00,1007,929,0.00,0.00,0,0,490544.00,44261296.00,44751840.00,44261296,490544
1669089334.527072,s2-eth2,68978.00,4621680.00,4690658.00,4621680,68978,1045.00,1048.00,2093.00,1048,1045,0.00,0.00,0,0,551824.00,36973440.00,37525264.00,36973440,551824
1669089334.527087,s2-eth3,42974.00,1991454.00,2034428.00,1991454,42974,651.00,687.00,1338.00,687,651,0.00,0.00,0,0,343792.00,15931632.00,16275424.00,15931632,343792
1669089334.527101,s1-eth3,12076688.00,172920.00,12249608.00,172920,12076688,2726.00,2620.00,5346.00,2620,2726,0.00,0.00,0,0,96613504.00,1383360.00,97996864.00,1383360,96613504
1669089334.527115,s1-eth2,111742.00,6616166.00,6727908.00,6616166,111742,1693.00,1737.00,3430.00,1737,1693,0.00,0.00,0,0,893936.00,52929328.00,53823264.00,52929328,893936
1669089334.527143,s2-eth1,6616166.00,111742.00,6727908.00,111742,6616166,1737.00,1693.00,3430.00,1693,1737,0.00,0.00,0,0,52929328.00,893936.00,53823264.00,893936,52929328
1669089334.527163,total,18978848.00,19047548.00,38026392.00,19047547,18978847,8790.00,8801.00,17591.00,8801,8790,0.00,0.00,0,0,151830784.00,152380384.00,304211136.00,152380376,151830776
1669089335.527423,lo,2688.00,2688.00,5376.00,2688,2688,24.00,24.00,48.00,24,24,0.00,0.00,0,0,21504.00,21504.00,43008.00,21504,21504
1669089335.527484,eth0,222.00,232.00,454.00,232,222,3.00,3.00,6.00,3,3,0.00,0.00,0,0,1776.00,1856.00,3632.00,1856,1776
1669089335.527531,docker0,0.00,0.00,0.00,0,0,0.00,0.00,0.00,0,0,0.00,0.00,0,0,0.00,0.00,0.00,0,0
1669089335.528428,s1-eth1,59814.19,5433434.50,5493249.00,5438868,59874,906.09,989.01,1895.10,990,907,0.00,0.00,0,0,478513.50,43467476.00,43945992.00,43510944,478992
1669089335.528475,s2-eth2,67788.21,4546709.50,4614497.50,4551256,67856,1026.97,1032.97,2059.94,1034,1028,0.00,0.00,0,0,542305.69,36373676.00,36915980.00,36410048,542848
1669089335.528491,s2-eth3,46491.51,2137552.50,2184044.00,2139690,46538,704.30,738.26,1442.56,739,705,0.00,0.00,0,0,371932.06,17100420.00,17472352.00,17117520,372304
1669089335.528524,s1-eth3,12057399.00,173674.33,12231073.00,173848,12069456,2745.25,2631.37,5376.62,2634,2748,0.00,0.00,0,0,96459192.00,1389394.62,97848584.00,1390784,96555648
1669089335.528540,s1-eth2,114004.00,6682749.50,6796753.50,6689432,114118,1727.27,1770.23,3497.50,1772,1729,0.00,0.00,0,0,912032.00,53461996.00,54374028.00,53515456,912944
1669089335.528554,s2-eth1,6682749.50,114004.00,6796753.50,114118,6689432,1770.23,1727.27,3497.50,1729,1772,0.00,0.00,0,0,53461996.00,912032.00,54374028.00,912944,53515456
1669089335.528585,total,19031154.00,19091042.00,38122196.00,19110132,19050184,8907.09,8916.08,17823.18,8925,8916,0.00,0.00,0,0,152249232.00,152728336.00,304977568.00,152881056,152401472
1669089336.528876,lo,171.83,171.83,343.66,172,172,3.00,3.00,5.99,3,3,0.00,0.00,0,0,1374.63,1374.63,2749.25,1376,1376
1669089336.528923,eth0,0.00,0.00,0.00,0,0,0.00,0.00,0.00,0,0,0.00,0.00,0,0,0.00,0.00,0.00,0,0
1669089336.528935,docker0,0.00,0.00,0.00,0,0,0.00,0.00,0.00,0,0,0.00,0.00,0,0,0.00,0.00,0.00,0,0
1669089336.528953,s1-eth1,64938.00,5049426.00,5114364.00,5049426,64938,971.00,1013.00,1984.00,1013,971,0.00,0.00,0,0,519504.00,40395408.00,40914912.00,40395408,519504
1669089336.528989,s2-eth2,66284.00,4088874.00,4155158.00,4088874,66284,986.00,1005.00,1991.00,1005,986,0.00,0.00,0,0,530272.00,32710992.00,33241264.00,32710992,530272
1669089336.529004,s2-eth3,53274.00,2624980.00,2678254.00,2624980,53274,807.00,830.00,1637.00,830,807,0.00,0.00,0,0,426192.00,20999840.00,21426032.00,20999840,426192
1669089336.529019,s1-eth3,12061712.00,184496.00,12246208.00,184496,12061712,2916.00,2764.00,5680.00,2764,2916,0.00,0.00,0,0,96493696.00,1475968.00,97969664.00,1475968,96493696
1669089336.529034,s1-eth2,119624.00,6715368.00,6834992.00,6715368,119624,1794.00,1836.00,3630.00,1836,1794,0.00,0.00,0,0,956992.00,53722944.00,54679936.00,53722944,956992
1669089336.529048,s2-eth1,6715368.00,119624.00,6834992.00,119624,6715368,1836.00,1794.00,3630.00,1794,1836,0.00,0.00,0,0,53722944.00,956992.00,54679936.00,956992,53722944
1669089336.529069,total,19081372.00,18782940.00,37864312.00,18782940,19081372,9313.00,9245.00,18558.00,9245,9313,0.00,0.00,0,0,152650976.00,150263520.00,302914496.00,150263520,152650976
1669089337.529380,lo,117.00,117.00,234.00,117,117,2.00,2.00,4.00,2,2,0.00,0.00,0,0,936.00,936.00,1872.00,936,936
1669089337.529430,eth0,144.00,168.00,312.00,168,144,2.00,2.00,4.00,2,2,0.00,0.00,0,0,1152.00,1344.00,2496.00,1344,1152
1669089337.529445,docker0,0.00,0.00,0.00,0,0,0.00,0.00,0.00,0,0,0.00,0.00,0,0,0.00,0.00,0.00,0,0
1669089337.529463,s1-eth1,66726.00,4489512.00,4556238.00,4489512,66726,1011.00,1020.00,2031.00,1020,1011,0.00,0.00,0,0,533808.00,35916096.00,36449904.00,35916096,533808
1669089337.529540,s2-eth2,56628.00,3805372.00,3862000.00,3805372,56628,858.00,878.00,1736.00,878,858,0.00,0.00,0,0,453024.00,30442976.00,30896000.00,30442976,453024
1669089337.529575,s2-eth3,56562.00,3808004.00,3864566.00,3808004,56562,857.00,874.00,1731.00,874,857,0.00,0.00,0,0,452496.00,30464032.00,30916528.00,30464032,452496
1669089337.529600,s1-eth3,12013236.00,179916.00,12193152.00,179916,12013236,2730.00,2726.00,5456.00,2726,2730,0.00,0.00,0,0,96105888.00,1439328.00,97545216.00,1439328,96105888
1669089337.529614,s1-eth2,113190.00,7608900.00,7722090.00,7608900,113190,1715.00,1750.00,3465.00,1750,1715,0.00,0.00,0,0,905520.00,60871200.00,61776720.00,60871200,905520
1669089337.529628,s2-eth1,7608900.00,113190.00,7722090.00,113190,7608900,1750.00,1715.00,3465.00,1715,1750,0.00,0.00,0,0,60871200.00,905520.00,61776720.00,905520,60871200
1669089337.529648,total,19915504.00,20005180.00,39920680.00,20005179,19915503,8925.00,8967.00,17892.00,8967,8925,0.00,0.00,0,0,159324032.00,160041440.00,319365440.00,160041432,159324024
1669089338.530007,lo,339.00,339.00,678.00,339,339,6.00,6.00,12.00,6,6,0.00,0.00,0,0,2712.00,2712.00,5424.00,2712,2712
1669089338.530056,eth0,206.00,208.00,414.00,208,206,3.00,3.00,6.00,3,3,0.00,0.00,0,0,1648.00,1664.00,3312.00,1664,1648
1669089338.530071,docker0,0.00,0.00,0.00,0,0,0.00,0.00,0.00,0,0,0.00,0.00,0,0,0.00,0.00,0.00,0,0
1669089338.530088,s1-eth1,66726.00,4485234.00,4551960.00,4485234,66726,1011.00,1021.00,2032.00,1021,1011,0.00,0.00,0,0,533808.00,35881872.00,36415680.00,35881872,533808
1669089338.530139,s2-eth2,58014.00,3773120.00,3831134.00,3773120,58014,879.00,872.00,1751.00,872,879,0.00,0.00,0,0,464112.00,30184960.00,30649072.00,30184960,464112
1669089338.530155,s2-eth3,59400.00,3885412.00,3944812.00,3885412,59400,900.00,906.00,1806.00,906,900,0.00,0.00,0,0,475200.00,31083296.00,31558496.00,31083296,475200
1669089338.530168,s1-eth3,12070314.00,184206.00,12254520.00,184206,12070314,2805.00,2791.00,5596.00,2791,2805,0.00,0.00,0,0,96562512.00,1473648.00,98036160.00,1473648,96562512
1669089338.530183,s1-eth2,117480.00,7658598.00,7776078.00,7658598,117480,1780.00,1779.00,3559.00,1779,1780,0.00,0.00,0,0,939840.00,61268784.00,62208624.00,61268784,939840
1669089338.530196,s2-eth1,7658598.00,117480.00,7776078.00,117480,7658598,1779.00,1780.00,3559.00,1780,1779,0.00,0.00,0,0,61268784.00,939840.00,62208624.00,939840,61268784
1669089338.530216,total,20031076.00,20104596.00,40135672.00,20104597,20031077,9163.00,9158.00,18321.00,9158,9163,0.00,0.00,0,0,160248608.00,160836768.00,321085376.00,160836776,160248616
1669089339.530504,lo,110.00,110.00,220.00,110,110,2.00,2.00,4.00,2,2,0.00,0.00,0,0,880.00,880.00,1760.00,880,880
1669089339.530552,eth0,98.00,40.00,138.00,40,98,1.00,1.00,2.00,1,1,0.00,0.00,0,0,784.00,320.00,1104.00,320,784
1669089339.530566,docker0,0.00,0.00,0.00,0,0,0.00,0.00,0.00,0,0,0.00,0.00,0,0,0.00,0.00,0.00,0,0
1669089339.530602,s1-eth1,66066.00,4441002.00,4507068.00,4441002,66066,1001.00,1009.00,2010.00,1009,1001,0.00,0.00,0,0,528528.00,35528016.00,36056544.00,35528016,528528
1669089339.530637,s2-eth2,57354.00,3858882.00,3916236.00,3858882,57354,869.00,877.00,1746.00,877,869,0.00,0.00,0,0,458832.00,30871056.00,31329888.00,30871056,458832
1669089339.530651,s2-eth3,57090.00,3832356.00,3889446.00,3832356,57090,865.00,870.00,1735.00,870,865,0.00,0.00,0,0,456720.00,30658848.00,31115568.00,30658848,456720
1669089339.530665,s1-eth3,12061680.00,180444.00,12242124.00,180444,12061680,2740.00,2734.00,5474.00,2734,2740,0.00,0.00,0,0,96493440.00,1443552.00,97936992.00,1443552,96493440
1669089339.530679,s1-eth2,114378.00,7686828.00,7801206.00,7686828,114378,1733.00,1746.00,3479.00,1746,1733,0.00,0.00,0,0,915024.00,61494624.00,62409648.00,61494624,915024
1669089339.530720,s2-eth1,7686828.00,114378.00,7801206.00,114378,7686828,1746.00,1733.00,3479.00,1733,1746,0.00,0.00,0,0,61494624.00,915024.00,62409648.00,915024,61494624
1669089339.530744,total,20043604.00,20114040.00,40157644.00,20114040,20043604,8957.00,8972.00,17929.00,8972,8957,0.00,0.00,0,0,160348832.00,160912320.00,321261152.00,160912320,160348832
1669089340.530945,lo,344.00,344.00,688.00,344,344,6.00,6.00,12.00,6,6,0.00,0.00,0,0,2752.00,2752.00,5504.00,2752,2752
1669089340.531082,eth0,0.00,0.00,0.00,0,0,0.00,0.00,0.00,0,0,0.00,0.00,0,0,0.00,0.00,0.00,0,0
1669089340.531096,docker0,0.00,0.00,0.00,0,0,0.00,0.00,0.00,0,0,0.00,0.00,0,0,0.00,0.00,0.00,0,0
1669089340.531114,s1-eth1,65736.00,4414542.00,4480278.00,4414542,65736,996.00,1003.00,1999.00,1003,996,0.00,0.00,0,0,525888.00,35316336.00,35842224.00,35316336,525888
1669089340.531150,s2-eth2,57024.00,3838214.00,3895238.00,3838214,57024,864.00,871.00,1735.00,871,864,0.00,0.00,0,0,456192.00,30705712.00,31161904.00,30705712,456192
1669089340.531165,s2-eth3,57816.00,3880866.00,3938682.00,3880866,57816,876.00,881.00,1757.00,881,876,0.00,0.00,0,0,462528.00,31046928.00,31509456.00,31046928,462528
1669089340.531179,s1-eth3,12070368.00,180576.00,12250944.00,180576,12070368,2740.00,2736.00,5476.00,2736,2740,0.00,0.00,0,0,96562944.00,1444608.00,98007552.00,1444608,96562944
1669089340.531193,s1-eth2,114840.00,7723490.00,7838330.00,7723490,114840,1740.00,1753.00,3493.00,1753,1740,0.00,0.00,0,0,918720.00,61787920.00,62706640.00,61787920,918720
1669089340.531206,s2-eth1,7723490.00,114840.00,7838330.00,114840,7723490,1753.00,1740.00,3493.00,1740,1753,0.00,0.00,0,0,61787920.00,918720.00,62706640.00,918720,61787920
1669089340.531232,total,20089618.00,20152872.00,40242488.00,20152872,20089618,8975.00,8990.00,17965.00,8990,8975,0.00,0.00,0,0,160716944.00,161222976.00,321939904.00,161222976,160716944
1669089341.531511,lo,172.00,172.00,344.00,172,172,3.00,3.00,6.00,3,3,0.00,0.00,0,0,1376.00,1376.00,2752.00,1376,1376
1669089341.531560,eth0,0.00,0.00,0.00,0,0,0.00,0.00,0.00,0,0,0.00,0.00,0,0,0.00,0.00,0.00,0,0
1669089341.531572,docker0,0.00,0.00,0.00,0,0,0.00,0.00,0.00,0,0,0.00,0.00,0,0,0.00,0.00,0.00,0,0
1669089341.531590,s1-eth1,65010.00,4370376.00,4435386.00,4370376,65010,985.00,992.00,1977.00,992,985,0.00,0.00,0,0,520080.00,34963008.00,35483088.00,34963008,520080
1669089341.531626,s2-eth2,57552.00,3861910.00,3919462.00,3861910,57552,872.00,879.00,1751.00,879,872,0.00,0.00,0,0,460416.00,30895280.00,31355696.00,30895280,460416
1669089341.531644,s2-eth3,57882.00,3894030.00,3951912.00,3894030,57882,877.00,883.00,1760.00,883,877,0.00,0.00,0,0,463056.00,31152240.00,31615296.00,31152240,463056
1669089341.531661,s1-eth3,12063194.00,180510.00,12243704.00,180510,12063194,2741.00,2735.00,5476.00,2735,2741,0.00,0.00,0,0,96505552.00,1444080.00,97949632.00,1444080,96505552
1669089341.531675,s1-eth2,115500.00,7751530.00,7867030.00,7751530,115500,1750.00,1761.00,3511.00,1761,1750,0.00,0.00,0,0,924000.00,62012240.00,62936240.00,62012240,924000
1669089341.531689,s2-eth1,7751530.00,115500.00,7867030.00,115500,7751530,1761.00,1750.00,3511.00,1750,1761,0.00,0.00,0,0,62012240.00,924000.00,62936240.00,924000,62012240
1669089341.531709,total,20110840.00,20174028.00,40284868.00,20174028,20110840,8989.00,9003.00,17992.00,9003,8989,0.00,0.00,0,0,160886720.00,161392224.00,322278944.00,161392224,160886720
1669089342.531896,lo,0.00,0.00,0.00,0,0,0.00,0.00,0.00,0,0,0.00,0.00,0,0,0.00,0.00,0.00,0,0
1669089342.531946,eth0,0.00,0.00,0.00,0,0,0.00,0.00,0.00,0,0,0.00,0.00,0,0,0.00,0.00,0.00,0,0
1669089342.531959,docker0,0.00,0.00,0.00,0,0,0.00,0.00,0.00,0,0,0.00,0.00,0,0,0.00,0.00,0.00,0,0
1669089342.531977,s1-eth1,72090.00,3441906.00,3513996.00,3441906,72090,1079.00,1141.00,2220.00,1141,1079,0.00,0.00,0,0,576720.00,27535248.00,28111968.00,27535248,576720
1669089342.532014,s2-eth2,64614.00,5415312.00,5479926.00,5415312,64614,979.00,1028.00,2007.00,1028,979,0.00,0.00,0,0,516912.00,43322496.00,43839408.00,43322496,516912
1669089342.532029,s2-eth3,61596.00,2991550.00,3053146.00,2991550,61596,924.00,987.00,1911.00,987,924,0.00,0.00,0,0,492768.00,23932400.00,24425168.00,23932400,492768
1669089342.532061,s1-eth3,12090918.00,198234.00,12289152.00,198234,12090918,3183.00,2981.00,6164.00,2981,3183,0.00,0.00,0,0,96727344.00,1585872.00,98313216.00,1585872,96727344
1669089342.532077,s1-eth2,126144.00,8405414.00,8531558.00,8405414,126144,1902.00,2015.00,3917.00,2015,1902,0.00,0.00,0,0,1009152.00,67243312.00,68252464.00,67243312,1009152
1669089342.532091,s2-eth1,8405414.00,126144.00,8531558.00,126144,8405414,2015.00,1902.00,3917.00,1902,2015,0.00,0.00,0,0,67243312.00,1009152.00,68252464.00,1009152,67243312
1669089342.532141,total,20820776.00,20578560.00,41399336.00,20578560,20820776,10082.00,10054.00,20136.00,10054,10082,0.00,0.00,0,0,166566208.00,164628480.00,331194688.00,164628480,166566208
1669089343.532517,lo,338.00,338.00,676.00,338,338,6.00,6.00,12.00,6,6,0.00,0.00,0,0,2704.00,2704.00,5408.00,2704,2704
1669089343.532564,eth0,206.00,208.00,414.00,208,206,3.00,3.00,6.00,3,3,0.00,0.00,0,0,1648.00,1664.00,3312.00,1664,1648
1669089343.532578,docker0,0.00,0.00,0.00,0,0,0.00,0.00,0.00,0,0,0.00,0.00,0,0,0.00,0.00,0.00,0,0
1669089343.532597,s1-eth1,75504.00,3495428.00,3570932.00,3495428,75504,1144.00,1206.00,2350.00,1206,1144,0.00,0.00,0,0,604032.00,27963424.00,28567456.00,27963424,604032
1669089343.532634,s2-eth2,60852.00,5557542.00,5618394.00,5557542,60852,922.00,1011.00,1933.00,1011,922,0.00,0.00,0,0,486816.00,44460336.00,44947152.00,44460336,486816
1669089343.532664,s2-eth3,67056.00,3104246.00,3171302.00,3104246,67056,1016.00,1071.00,2087.00,1071,1016,0.00,0.00,0,0,536448.00,24833968.00,25370416.00,24833968,536448
1669089343.532678,s1-eth3,12084944.00,203478.00,12288422.00,203478,12084944,3268.00,3083.00,6351.00,3083,3268,0.00,0.00,0,0,96679552.00,1627824.00,98307376.00,1627824,96679552
1669089343.532692,s1-eth2,127908.00,8670608.00,8798516.00,8670608,127908,1938.00,2084.00,4022.00,2084,1938,0.00,0.00,0,0,1023264.00,69364864.00,70388128.00,69364864,1023264
1669089343.532706,s2-eth1,8670608.00,127908.00,8798516.00,127908,8670608,2084.00,1938.00,4022.00,1938,2084,0.00,0.00,0,0,69364864.00,1023264.00,70388128.00,1023264,69364864
1669089343.532726,total,21087416.00,21159756.00,42247172.00,21159756,21087416,10381.00,10402.00,20783.00,10402,10381,0.00,0.00,0,0,168699328.00,169278048.00,337977376.00,169278048,168699328
1669089344.533007,lo,110.00,110.00,220.00,110,110,2.00,2.00,4.00,2,2,0.00,0.00,0,0,880.00,880.00,1760.00,880,880
1669089344.533080,eth0,98.00,40.00,138.00,40,98,1.00,1.00,2.00,1,1,0.00,0.00,0,0,784.00,320.00,1104.00,320,784
1669089344.533095,docker0,0.00,0.00,0.00,0,0,0.00,0.00,0.00,0,0,0.00,0.00,0,0,0.00,0.00,0.00,0,0
1669089344.533122,s1-eth1,60820.00,2693980.00,2754800.00,2693980,60820,902.00,954.00,1856.00,954,902,0.00,0.00,0,0,486560.00,21551840.00,22038400.00,21551840,486560
1669089344.533158,s2-eth2,59532.00,5881948.00,5941480.00,5881948,59532,902.00,946.00,1848.00,946,902,0.00,0.00,0,0,476256.00,47055584.00,47531840.00,47055584,476256
1669089344.533172,s2-eth3,74778.00,3464030.00,3538808.00,3464030,74778,1133.00,1191.00,2324.00,1191,1133,0.00,0.00,0,0,598224.00,27712240.00,28310464.00,27712240,598224
1669089344.533186,s1-eth3,12071096.00,195328.00,12266424.00,195328,12071096,3124.00,2940.00,6064.00,2940,3124,0.00,0.00,0,0,96568768.00,1562624.00,98131392.00,1562624,96568768
1669089344.533242,s1-eth2,134508.00,9339988.00,9474496.00,9339988,134508,2038.00,2134.00,4172.00,2134,2038,0.00,0.00,0,0,1076064.00,74719904.00,75795968.00,74719904,1076064
1669089344.533257,s2-eth1,9339988.00,134508.00,9474496.00,134508,9339988,2134.00,2038.00,4172.00,2038,2134,0.00,0.00,0,0,74719904.00,1076064.00,75795968.00,1076064,74719904
1669089344.533277,total,21740930.00,21709932.00,43450864.00,21709932,21740930,10236.00,10206.00,20442.00,10206,10236,0.00,0.00,0,0,173927440.00,173679456.00,347606912.00,173679456,173927440
1669089345.533597,lo,344.00,344.00,688.00,344,344,6.00,6.00,12.00,6,6,0.00,0.00,0,0,2752.00,2752.00,5504.00,2752,2752
1669089345.533655,eth0,0.00,0.00,0.00,0,0,0.00,0.00,0.00,0,0,0.00,0.00,0,0,0.00,0.00,0.00,0,0
1669089345.533676,docker0,0.00,0.00,0.00,0,0,0.00,0.00,0.00,0,0,0.00,0.00,0,0,0.00,0.00,0.00,0,0
1669089345.533695,s1-eth1,48972.00,2271462.00,2320434.00,2271462,48972,742.00,783.00,1525.00,783,742,0.00,0.00,0,0,391776.00,18171696.00,18563472.00,18171696,391776
1669089345.533731,s2-eth2,64482.00,6087060.00,6151542.00,6087060,64482,977.00,1070.00,2047.00,1070,977,0.00,0.00,0,0,515856.00,48696480.00,49212336.00,48696480,515856
1669089345.533807,s2-eth3,79530.00,3782800.00,3862330.00,3782800,79530,1205.00,1260.00,2465.00,1260,1205,0.00,0.00,0,0,636240.00,30262400.00,30898640.00,30262400,636240
1669089345.533839,s1-eth3,12073654.00,192918.00,12266572.00,192918,12073654,3075.00,2923.00,5998.00,2923,3075,0.00,0.00,0,0,96589232.00,1543344.00,98132576.00,1543344,96589232
1669089345.533854,s1-eth2,143946.00,9869860.00,10013806.00,9869860,143946,2181.00,2330.00,4511.00,2330,2181,0.00,0.00,0,0,1151568.00,78958880.00,80110448.00,78958880,1151568
1669089345.533868,s2-eth1,9869860.00,143946.00,10013806.00,143946,9869860,2330.00,2181.00,4511.00,2181,2330,0.00,0.00,0,0,78958880.00,1151568.00,80110448.00,1151568,78958880
1669089345.533899,total,22280788.00,22348390.00,44629176.00,22348390,22280788,10516.00,10553.00,21069.00,10553,10516,0.00,0.00,0,0,178246304.00,178787120.00,357033408.00,178787120,178246304
1669089346.534180,lo,172.00,172.00,344.00,172,172,3.00,3.00,6.00,3,3,0.00,0.00,0,0,1376.00,1376.00,2752.00,1376,1376
1669089346.534263,eth0,0.00,0.00,0.00,0,0,0.00,0.00,0.00,0,0,0.00,0.00,0,0,0.00,0.00,0.00,0,0
1669089346.534275,docker0,0.00,0.00,0.00,0,0,0.00,0.00,0.00,0,0,0.00,0.00,0,0,0.00,0.00,0.00,0,0
1669089346.534293,s1-eth1,54192.00,2354798.00,2408990.00,2354798,54192,800.00,839.00,1639.00,839,800,0.00,0.00,0,0,433536.00,18838384.00,19271920.00,18838384,433536
1669089346.534328,s2-eth2,65292.00,5742898.00,5808190.00,5742898,65292,980.00,1077.00,2057.00,1077,980,0.00,0.00,0,0,522336.00,45943184.00,46465520.00,45943184,522336
1669089346.534343,s2-eth3,71086.00,3669758.00,3740844.00,3669758,71086,1067.00,1083.00,2150.00,1083,1067,0.00,0.00,0,0,568688.00,29358064.00,29926752.00,29358064,568688
1669089346.534397,s1-eth3,12079376.00,190386.00,12269762.00,190386,12079376,3052.00,2843.00,5895.00,2843,3052,0.00,0.00,0,0,96635008.00,1523088.00,98158096.00,1523088,96635008
1669089346.534413,s1-eth2,136286.00,9421542.00,9557828.00,9421542,136286,2045.00,2163.00,4208.00,2163,2045,0.00,0.00,0,0,1090288.00,75372336.00,76462624.00,75372336,1090288
1669089346.534428,s2-eth1,9421542.00,136286.00,9557828.00,136286,9421542,2163.00,2045.00,4208.00,2045,2163,0.00,0.00,0,0,75372336.00,1090288.00,76462624.00,1090288,75372336
1669089346.534448,total,21827946.00,21515840.00,43343784.00,21515840,21827946,10110.00,10053.00,20163.00,10053,10110,0.00,0.00,0,0,174623568.00,172126720.00,346750272.00,172126720,174623568
1669089347.534867,lo,0.00,0.00,0.00,0,0,0.00,0.00,0.00,0,0,0.00,0.00,0,0,0.00,0.00,0.00,0,0
1669089347.534911,eth0,0.00,0.00,0.00,0,0,0.00,0.00,0.00,0,0,0.00,0.00,0,0,0.00,0.00,0.00,0,0
1669089347.534923,docker0,0.00,0.00,0.00,0,0,0.00,0.00,0.00,0,0,0.00,0.00,0,0,0.00,0.00,0.00,0,0
1669089347.534941,s1-eth1,59182.00,2735510.00,2794692.00,2735510,59182,895.00,947.00,1842.00,947,895,0.00,0.00,0,0,473456.00,21884080.00,22357536.00,21884080,473456
1669089347.535008,s2-eth2,63756.00,5621060.00,5684816.00,5621060,63756,966.00,1030.00,1996.00,1030,966,0.00,0.00,0,0,510048.00,44968480.00,45478528.00,44968480,510048
1669089347.535040,s2-eth3,58430.00,3789316.00,3847746.00,3789316,58430,883.00,898.00,1781.00,898,883,0.00,0.00,0,0,467440.00,30314528.00,30781968.00,30314528,467440
1669089347.535055,s1-eth3,12061972.00,181284.00,12243256.00,181284,12061972,2898.00,2744.00,5642.00,2744,2898,0.00,0.00,0,0,96495776.00,1450272.00,97946048.00,1450272,96495776
1669089347.535071,s1-eth2,122146.00,9407480.00,9529626.00,9407480,122146,1849.00,1928.00,3777.00,1928,1849,0.00,0.00,0,0,977168.00,75259840.00,76237008.00,75259840,977168
1669089347.535086,s2-eth1,9407480.00,122146.00,9529626.00,122146,9407480,1928.00,1849.00,3777.00,1849,1928,0.00,0.00,0,0,75259840.00,977168.00,76237008.00,977168,75259840
1669089347.535105,total,21772966.00,21856796.00,43629760.00,21856796,21772966,9419.00,9396.00,18815.00,9396,9419,0.00,0.00,0,0,174183728.00,174854368.00,349038080.00,174854368,174183728
1669089348.535357,lo,619.00,619.00,1238.00,619,619,10.00,10.00,20.00,10,10,0.00,0.00,0,0,4952.00,4952.00,9904.00,4952,4952
1669089348.535409,eth0,390.00,356.00,746.00,356,390,5.00,5.00,10.00,5,5,0.00,0.00,0,0,3120.00,2848.00,5968.00,2848,3120
1669089348.535439,docker0,0.00,0.00,0.00,0,0,0.00,0.00,0.00,0,0,0.00,0.00,0,0,0.00,0.00,0.00,0,0
1669089348.535459,s1-eth1,64614.00,3003472.00,3068086.00,3003472,64614,979.00,1036.00,2015.00,1036,979,0.00,0.00,0,0,516912.00,24027776.00,24544688.00,24027776,516912
1669089348.535518,s2-eth2,58872.00,5372916.00,5431788.00,5372916,58872,892.00,978.00,1870.00,978,892,0.00,0.00,0,0,470976.00,42983328.00,43454304.00,42983328,470976
1669089348.535534,s2-eth3,55968.00,3775026.00,3830994.00,3775026,55968,848.00,857.00,1705.00,857,848,0.00,0.00,0,0,447744.00,30200208.00,30647952.00,30200208,447744
1669089348.535548,s1-eth3,12060058.00,179520.00,12239578.00,179520,12060058,2847.00,2720.00,5567.00,2720,2847,0.00,0.00,0,0,96480464.00,1436160.00,97916624.00,1436160,96480464
1669089348.535563,s1-eth2,114906.00,9147942.00,9262848.00,9147942,114906,1741.00,1835.00,3576.00,1835,1741,0.00,0.00,0,0,919248.00,73183536.00,74102784.00,73183536,919248
1669089348.535577,s2-eth1,9147942.00,114906.00,9262848.00,114906,9147942,1835.00,1741.00,3576.00,1741,1835,0.00,0.00,0,0,73183536.00,919248.00,74102784.00,919248,73183536
1669089348.535597,total,21503368.00,21594756.00,43098128.00,21594757,21503369,9157.00,9182.00,18339.00,9182,9157,0.00,0.00,0,0,172026944.00,172758048.00,344785024.00,172758056,172026952
1669089349.535868,lo,2333.00,2333.00,4666.00,2333,2333,26.00,26.00,52.00,26,26,0.00,0.00,0,0,18664.00,18664.00,37328.00,18664,18664
1669089349.535913,eth0,794.00,904.00,1698.00,904,794,7.00,9.00,16.00,9,7,0.00,0.00,0,0,6352.00,7232.00,13584.00,7232,6352
1669089349.535928,docker0,0.00,0.00,0.00,0,0,0.00,0.00,0.00,0,0,0.00,0.00,0,0,0.00,0.00,0.00,0,0
1669089349.535961,s1-eth1,68178.00,3159146.00,3227324.00,3159146,68178,1033.00,1091.00,2124.00,1091,1033,0.00,0.00,0,0,545424.00,25273168.00,25818592.00,25273168,545424
1669089349.535999,s2-eth2,56434.00,5136884.00,5193318.00,5136884,56434,855.00,934.00,1789.00,934,855,0.00,0.00,0,0,451472.00,41095072.00,41546544.00,41095072,451472
1669089349.536014,s2-eth3,57296.00,3849930.00,3907226.00,3849930,57296,868.00,873.00,1741.00,873,868,0.00,0.00,0,0,458368.00,30799440.00,31257808.00,30799440,458368
1669089349.536028,s1-eth3,12057628.00,181632.00,12239260.00,181632,12057628,2876.00,2752.00,5628.00,2752,2876,0.00,0.00,0,0,96461024.00,1453056.00,97914080.00,1453056,96461024
1669089349.536042,s1-eth2,113524.00,8983852.00,9097376.00,8983852,113524,1720.00,1806.00,3526.00,1806,1720,0.00,0.00,0,0,908192.00,71870816.00,72779008.00,71870816,908192
1669089349.536056,s2-eth1,8983852.00,113524.00,9097376.00,113524,8983852,1806.00,1720.00,3526.00,1720,1806,0.00,0.00,0,0,71870816.00,908192.00,72779008.00,908192,71870816
1669089349.536076,total,21340040.00,21428204.00,42768244.00,21428205,21340039,9191.00,9211.00,18402.00,9211,9191,0.00,0.00,0,0,170720320.00,171425632.00,342145952.00,171425640,170720312
1669089350.536396,lo,2001.00,2001.00,4002.00,2001,2001,23.00,23.00,46.00,23,23,0.00,0.00,0,0,16008.00,16008.00,32016.00,16008,16008
1669089350.536479,eth0,912.00,1088.00,2000.00,1088,912,10.00,10.00,20.00,10,10,0.00,0.00,0,0,7296.00,8704.00,16000.00,8704,7296
1669089350.536502,docker0,0.00,0.00,0.00,0,0,0.00,0.00,0.00,0,0,0.00,0.00,0,0,0.00,0.00,0.00,0,0
1669089350.536521,s1-eth1,69960.00,3239050.00,3309010.00,3239050,69960,1060.00,1117.00,2177.00,1117,1060,0.00,0.00,0,0,559680.00,25912400.00,26472080.00,25912400,559680
1669089350.536559,s2-eth2,56104.00,5055466.00,5111570.00,5055466,56104,850.00,929.00,1779.00,929,850,0.00,0.00,0,0,448832.00,40443728.00,40892560.00,40443728,448832
1669089350.536625,s2-eth3,56962.00,3827880.00,3884842.00,3827880,56962,863.00,868.00,1731.00,868,863,0.00,0.00,0,0,455696.00,30623040.00,31078736.00,30623040,455696
1669089350.536640,s1-eth3,12054600.00,182952.00,12237552.00,182952,12054600,2896.00,2772.00,5668.00,2772,2896,0.00,0.00,0,0,96436800.00,1463616.00,97900416.00,1463616,96436800
1669089350.536654,s1-eth2,112996.00,8881898.00,8994894.00,8881898,112996,1712.00,1797.00,3509.00,1797,1712,0.00,0.00,0,0,903968.00,71055184.00,71959152.00,71055184,903968
1669089350.536668,s2-eth1,8881898.00,112996.00,8994894.00,112996,8881898,1797.00,1712.00,3509.00,1712,1797,0.00,0.00,0,0,71055184.00,903968.00,71959152.00,903968,71055184
1669089350.536711,total,21235432.00,21303332.00,42538764.00,21303331,21235433,9211.00,9228.00,18439.00,9228,9211,0.00,0.00,0,0,169883456.00,170426656.00,340310112.00,170426648,169883464
1669089351.537011,lo,2286.00,2286.00,4572.00,2286,2286,27.00,27.00,54.00,27,27,0.00,0.00,0,0,18288.00,18288.00,36576.00,18288,18288
1669089351.537062,eth0,886.00,1180.00,2066.00,1180,886,7.00,13.00,20.00,13,7,0.00,0.00,0,0,7088.00,9440.00,16528.00,9440,7088
1669089351.537077,docker0,0.00,0.00,0.00,0,0,0.00,0.00,0.00,0,0,0.00,0.00,0,0,0.00,0.00,0.00,0,0
1669089351.537096,s1-eth1,74716.00,3607770.00,3682486.00,3607770,74716,1132.00,1153.00,2285.00,1153,1132,0.00,0.00,0,0,597728.00,28862160.00,29459888.00,28862160,597728
1669089351.537131,s2-eth2,68110.00,4640702.00,4708812.00,4640702,68110,1021.00,1051.00,2072.00,1051,1021,0.00,0.00,0,0,544880.00,37125616.00,37670496.00,37125616,544880
1669089351.537145,s2-eth3,56604.00,3593898.00,3650502.00,3593898,56604,850.00,877.00,1727.00,877,850,0.00,0.00,0,0,452832.00,28751184.00,29204016.00,28751184,452832
1669089351.537159,s1-eth3,12070246.00,199158.00,12269404.00,199158,12070246,3133.00,2999.00,6132.00,2999,3133,0.00,0.00,0,0,96561968.00,1593264.00,98155232.00,1593264,96561968
1669089351.537174,s1-eth2,124578.00,8236118.00,8360696.00,8236118,124578,1869.00,1929.00,3798.00,1929,1869,0.00,0.00,0,0,996624.00,65888944.00,66885568.00,65888944,996624
1669089351.537188,s2-eth1,8236118.00,124578.00,8360696.00,124578,8236118,1929.00,1869.00,3798.00,1869,1929,0.00,0.00,0,0,65888944.00,996624.00,66885568.00,996624,65888944
1669089351.537207,total,20633544.00,20405690.00,41039232.00,20405690,20633544,9968.00,9918.00,19886.00,9918,9968,0.00,0.00,0,0,165068352.00,163245520.00,328313856.00,163245520,165068352
1669089352.537503,lo,2567.00,2567.00,5134.00,2567,2567,34.00,34.00,68.00,34,34,0.00,0.00,0,0,20536.00,20536.00,41072.00,20536,20536
1669089352.537556,eth0,1454.00,1584.00,3038.00,1584,1454,15.00,16.00,31.00,16,15,0.00,0.00,0,0,11632.00,12672.00,24304.00,12672,11632
1669089352.537572,docker0,0.00,0.00,0.00,0,0,0.00,0.00,0.00,0,0,0.00,0.00,0,0,0.00,0.00,0.00,0,0
1669089352.537590,s1-eth1,57618.00,5191252.00,5248870.00,5191252,57618,873.00,946.00,1819.00,946,873,0.00,0.00,0,0,460944.00,41530016.00,41990960.00,41530016,460944
1669089352.537657,s2-eth2,57552.00,3865004.00,3922556.00,3865004,57552,872.00,882.00,1754.00,882,872,0.00,0.00,0,0,460416.00,30920032.00,31380448.00,30920032,460416
1669089352.537674,s2-eth3,66660.00,3092398.00,3159058.00,3092398,66660,1010.00,1067.00,2077.00,1067,1010,0.00,0.00,0,0,533280.00,24739184.00,25272464.00,24739184,533280
1669089352.537689,s1-eth3,12060652.00,181896.00,12242548.00,181896,12060652,2878.00,2756.00,5634.00,2756,2878,0.00,0.00,0,0,96485216.00,1455168.00,97940384.00,1455168,96485216
1669089352.537703,s1-eth2,124344.00,6961812.00,7086156.00,6961812,124344,1884.00,1950.00,3834.00,1950,1884,0.00,0.00,0,0,994752.00,55694496.00,56689248.00,55694496,994752
1669089352.537718,s2-eth1,6961812.00,124344.00,7086156.00,124344,6961812,1950.00,1884.00,3834.00,1884,1950,0.00,0.00,0,0,55694496.00,994752.00,56689248.00,994752,55694496
1669089352.537738,total,19332660.00,19420856.00,38753516.00,19420857,19332659,9516.00,9535.00,19051.00,9535,9516,0.00,0.00,0,0,154661280.00,155366848.00,310028128.00,155366856,154661272
1669089353.538022,lo,4989.00,4989.00,9978.00,4989,4989,53.00,53.00,106.00,53,53,0.00,0.00,0,0,39912.00,39912.00,79824.00,39912,39912
1669089353.538086,eth0,1514.00,1696.00,3210.00,1696,1514,15.00,18.00,33.00,18,15,0.00,0.00,0,0,12112.00,13568.00,25680.00,13568,12112
1669089353.538101,docker0,0.00,0.00,0.00,0,0,0.00,0.00,0.00,0,0,0.00,0.00,0,0,0.00,0.00,0.00,0,0
1669089353.538120,s1-eth1,55716.00,5054938.00,5110654.00,5054938,55716,844.00,921.00,1765.00,921,844,0.00,0.00,0,0,445728.00,40439504.00,40885232.00,40439504,445728
1669089353.538156,s2-eth2,57296.00,3850000.00,3907296.00,3850000,57296,868.00,874.00,1742.00,874,868,0.00,0.00,0,0,458368.00,30800000.00,31258368.00,30800000,458368
1669089353.538204,s2-eth3,70100.00,3239120.00,3309220.00,3239120,70100,1062.00,1118.00,2180.00,1118,1062,0.00,0.00,0,0,560800.00,25912960.00,26473760.00,25912960,560800
1669089353.538220,s1-eth3,12064546.00,182692.00,12247238.00,182692,12064546,2893.00,2768.00,5661.00,2768,2893,0.00,0.00,0,0,96516368.00,1461536.00,97977904.00,1461536,96516368
1669089353.538235,s1-eth2,127186.00,7084710.00,7211896.00,7084710,127186,1927.00,1991.00,3918.00,1991,1927,0.00,0.00,0,0,1017488.00,56677680.00,57695168.00,56677680,1017488
1669089353.538249,s2-eth1,7084710.00,127186.00,7211896.00,127186,7084710,1991.00,1927.00,3918.00,1927,1991,0.00,0.00,0,0,56677680.00,1017488.00,57695168.00,1017488,56677680
1669089353.538268,total,19466056.00,19545332.00,39011388.00,19545331,19466057,9653.00,9670.00,19323.00,9670,9653,0.00,0.00,0,0,155728448.00,156362656.00,312091104.00,156362648,155728456
1669089354.538543,lo,3835.00,3835.00,7670.00,3835,3835,50.00,50.00,100.00,50,50,0.00,0.00,0,0,30680.00,30680.00,61360.00,30680,30680
1669089354.538598,eth0,2246.00,2332.00,4578.00,2332,2246,21.00,22.00,43.00,22,21,0.00,0.00,0,0,17968.00,18656.00,36624.00,18656,17968
1669089354.538614,docker0,0.00,0.00,0.00,0,0,0.00,0.00,0.00,0,0,0.00,0.00,0,0,0.00,0.00,0.00,0,0
1669089354.538633,s1-eth1,68838.00,4960846.00,5029684.00,4960846,68838,1043.00,1075.00,2118.00,1075,1043,0.00,0.00,0,0,550704.00,39686768.00,40237472.00,39686768,550704
1669089354.538669,s2-eth2,57486.00,3863226.00,3920712.00,3863226,57486,871.00,877.00,1748.00,877,871,0.00,0.00,0,0,459888.00,30905808.00,31365696.00,30905808,459888
1669089354.538684,s2-eth3,71280.00,3301318.00,3372598.00,3301318,71280,1080.00,1139.00,2219.00,1139,1080,0.00,0.00,0,0,570240.00,26410544.00,26980784.00,26410544,570240
1669089354.538698,s1-eth3,12056802.00,197604.00,12254406.00,197604,12056802,3061.00,2994.00,6055.00,2994,3061,0.00,0.00,0,0,96454416.00,1580832.00,98035248.00,1580832,96454416
1669089354.538713,s1-eth2,128700.00,7168954.00,7297654.00,7168954,128700,1950.00,2017.00,3967.00,2017,1950,0.00,0.00,0,0,1029600.00,57351632.00,58381232.00,57351632,1029600
1669089354.538726,s2-eth1,7168954.00,128700.00,7297654.00,128700,7168954,2017.00,1950.00,3967.00,1950,2017,0.00,0.00,0,0,57351632.00,1029600.00,58381232.00,1029600,57351632
1669089354.538746,total,19558140.00,19626816.00,39184956.00,19626815,19558141,10093.00,10124.00,20217.00,10124,10093,0.00,0.00,0,0,156465120.00,157014528.00,313479648.00,157014520,156465128
1669089355.539009,lo,2784.00,2784.00,5568.00,2784,2784,30.00,30.00,60.00,30,30,0.00,0.00,0,0,22272.00,22272.00,44544.00,22272,22272
1669089355.539060,eth0,1670.00,1316.00,2986.00,1316,1670,13.00,11.00,24.00,11,13,0.00,0.00,0,0,13360.00,10528.00,23888.00,10528,13360
1669089355.539075,docker0,0.00,0.00,0.00,0,0,0.00,0.00,0.00,0,0,0.00,0.00,0,0,0.00,0.00,0.00,0,0
1669089355.539093,s1-eth1,70062.00,4223884.00,4293946.00,4223884,70062,1049.00,1098.00,2147.00,1098,1049,0.00,0.00,0,0,560496.00,33791072.00,34351568.00,33791072,560496
1669089355.539145,s2-eth2,61842.00,4163172.00,4225014.00,4163172,61842,937.00,946.00,1883.00,946,937,0.00,0.00,0,0,494736.00,33305376.00,33800112.00,33305376,494736
1669089355.539162,s2-eth3,71412.00,3583476.00,3654888.00,3583476,71412,1082.00,1114.00,2196.00,1114,1082,0.00,0.00,0,0,571296.00,28667808.00,29239104.00,28667808,571296
1669089355.539177,s1-eth3,12063472.00,203382.00,12266854.00,203382,12063472,3184.00,3069.00,6253.00,3069,3184,0.00,0.00,0,0,96507776.00,1627056.00,98134832.00,1627056,96507776
1669089355.539191,s1-eth2,133254.00,7742238.00,7875492.00,7742238,133254,2019.00,2059.00,4078.00,2059,2019,0.00,0.00,0,0,1066032.00,61937904.00,63003936.00,61937904,1066032
1669089355.539205,s2-eth1,7742238.00,133254.00,7875492.00,133254,7742238,2059.00,2019.00,4078.00,2019,2059,0.00,0.00,0,0,61937904.00,1066032.00,63003936.00,1066032,61937904
1669089355.539225,total,20146734.00,20053506.00,40200240.00,20053506,20146734,10373.00,10346.00,20719.00,10346,10373,0.00,0.00,0,0,161173872.00,160428048.00,321601920.00,160428048,161173872
