1668556432.611188,lo,0.00,0.00,0.00,0,0,0.00,0.00,0.00,0,0,0.00,0.00,0,0,0.00,0.00,0.00,0,0
1668556432.611238,eth0,0.00,0.00,0.00,0,0,0.00,0.00,0.00,0,0,0.00,0.00,0,0,0.00,0.00,0.00,0,0
1668556432.611250,docker0,0.00,0.00,0.00,0,0,0.00,0.00,0.00,0,0,0.00,0.00,0,0,0.00,0.00,0.00,0,0
1668556432.611263,s1-eth1,0.00,0.00,0.00,0,0,0.00,0.00,0.00,0,0,0.00,0.00,0,0,0.00,0.00,0.00,0,0
1668556432.611273,s2-eth2,0.00,0.00,0.00,0,0,0.00,0.00,0.00,0,0,0.00,0.00,0,0,0.00,0.00,0.00,0,0
1668556432.611283,s2-eth3,0.00,0.00,0.00,0,0,0.00,0.00,0.00,0,0,0.00,0.00,0,0,0.00,0.00,0.00,0,0
1668556432.611306,s1-eth3,0.00,0.00,0.00,0,0,0.00,0.00,0.00,0,0,0.00,0.00,0,0,0.00,0.00,0.00,0,0
1668556432.611316,s1-eth2,0.00,0.00,0.00,0,0,0.00,0.00,0.00,0,0,0.00,0.00,0,0,0.00,0.00,0.00,0,0
1668556432.611325,s2-eth1,0.00,0.00,0.00,0,0,0.00,0.00,0.00,0,0,0.00,0.00,0,0,0.00,0.00,0.00,0,0
1668556432.611349,total,0.00,0.00,0.00,0,0,0.00,0.00,0.00,0,0,0.00,0.00,0,0,0.00,0.00,0.00,0,0
1668556433.611578,lo,9681.00,9681.00,19362.00,9681,9681,77.00,77.00,154.00,77,77,0.00,0.00,0,0,77448.00,77448.00,154896.00,77448,77448
1668556433.611618,eth0,1802.00,1044.00,2846.00,1044,1802,13.00,10.00,23.00,10,13,0.00,0.00,0,0,14416.00,8352.00,22768.00,8352,14416
1668556433.611632,docker0,0.00,0.00,0.00,0,0,0.00,0.00,0.00,0,0,0.00,0.00,0,0,0.00,0.00,0.00,0,0
1668556433.611642,s1-eth1,79976.00,8841738.00,8921714.00,8841738,79976,980.00,1237.00,2217.00,1237,980,0.00,0.00,0,0,639808.00,70733904.00,71373712.00,70733904,639808
1668556433.611656,s2-eth2,44462.00,2450208.00,2494670.00,2450208,44462,561.00,770.00,1331.00,770,561,0.00,0.00,0,0,355696.00,19601664.00,19957360.00,19601664,355696
1668556433.611669,s2-eth3,42212.00,2357504.00,2399716.00,2357504,42212,526.00,748.00,1274.00,748,526,0.00,0.00,0,0,337696.00,18860032.00,19197728.00,18860032,337696
1668556433.611696,s1-eth3,12030986.00,164526.00,12195512.00,164526,12030986,2497.00,2043.00,4540.00,2043,2497,0.00,0.00,0,0,96247888.00,1316208.00,97564096.00,1316208,96247888
1668556433.611710,s1-eth2,85786.00,4812438.00,4898224.00,4812438,85786,1077.00,1523.00,2600.00,1523,1077,0.00,0.00,0,0,686288.00,38499504.00,39185792.00,38499504,686288
1668556433.611724,s2-eth1,4812438.00,85786.00,4898224.00,85786,4812438,1523.00,1077.00,2600.00,1077,1523,0.00,0.00,0,0,38499504.00,686288.00,39185792.00,686288,38499504
1668556433.611746,total,17107344.00,18722924.00,35830268.00,18722925,17107343,7254.00,7485.00,14739.00,7485,7254,0.00,0.00,0,0,136858752.00,149783392.00,286642144.00,149783400,136858744
1668556434.611932,lo,605.00,605.00,1210.00,605,605,6.00,6.00,12.00,6,6,0.00,0.00,0,0,4840.00,4840.00,9680.00,4840,4840
1668556434.612010,eth0,198.00,208.00,406.00,208,198,3.00,3.00,6.00,3,3,0.00,0.00,0,0,1584.00,1664.00,3248.00,1664,1584
1668556434.612026,docker0,0.00,0.00,0.00,0,0,0.00,0.00,0.00,0,0,0.00,0.00,0,0,0.00,0.00,0.00,0,0
1668556434.612036,s1-eth1,64614.00,8044872.00,8109486.00,8044872,64614,979.00,984.00,1963.00,984,979,0.00,0.00,0,0,516912.00,64358976.00,64875888.00,64358976,516912
1668556434.612049,s2-eth2,41340.00,1924776.00,1966116.00,1924776,41340,626.00,664.00,1290.00,664,626,0.00,0.00,0,0,330720.00,15398208.00,15728928.00,15398208,330720
1668556434.612062,s2-eth3,46224.00,2133696.00,2179920.00,2133696,46224,700.00,736.00,1436.00,736,700,0.00,0.00,0,0,369792.00,17069568.00,17439360.00,17069568,369792
1668556434.612090,s1-eth3,12034058.00,152064.00,12186122.00,152064,12034058,2365.00,2304.00,4669.00,2304,2365,0.00,0.00,0,0,96272464.00,1216512.00,97488976.00,1216512,96272464
1668556434.612104,s1-eth2,87474.00,4059920.00,4147394.00,4059920,87474,1325.00,1400.00,2725.00,1400,1325,0.00,0.00,0,0,699792.00,32479360.00,33179152.00,32479360,699792
1668556434.612133,s2-eth1,4059920.00,87474.00,4147394.00,87474,4059920,1400.00,1325.00,2725.00,1325,1400,0.00,0.00,0,0,32479360.00,699792.00,33179152.00,699792,32479360
1668556434.612158,total,16334433.00,16403615.00,32738048.00,16403615,16334433,7404.00,7422.00,14826.00,7422,7404,0.00,0.00,0,0,130675464.00,131228920.00,261904384.00,131228920,130675464
1668556435.612382,lo,1062.00,1062.00,2124.00,1062,1062,11.00,11.00,22.00,11,11,0.00,0.00,0,0,8496.00,8496.00,16992.00,8496,8496
1668556435.612431,eth0,5307.00,5792.00,11099.00,5792,5307,13.00,13.00,26.00,13,13,0.00,0.00,0,0,42456.00,46336.00,88792.00,46336,42456
1668556435.612482,docker0,0.00,0.00,0.00,0,0,0.00,0.00,0.00,0,0,0.00,0.00,0,0,0.00,0.00,0.00,0,0
1668556435.612493,s1-eth1,60786.00,7641792.00,7702578.00,7641792,60786,921.00,932.00,1853.00,932,921,0.00,0.00,0,0,486288.00,61134336.00,61620624.00,61134336,486288
1668556435.612506,s2-eth2,46134.00,2136658.00,2182792.00,2136658,46134,699.00,737.00,1436.00,737,699,0.00,0.00,0,0,369072.00,17093264.00,17462336.00,17093264,369072
1668556435.612519,s2-eth3,49962.00,2336692.00,2386654.00,2336692,49962,757.00,806.00,1563.00,806,757,0.00,0.00,0,0,399696.00,18693536.00,19093232.00,18693536,399696
1668556435.612546,s1-eth3,12041422.00,156882.00,12198304.00,156882,12041422,2455.00,2377.00,4832.00,2377,2455,0.00,0.00,0,0,96331376.00,1255056.00,97586432.00,1255056,96331376
1668556435.612561,s1-eth2,96096.00,4471902.00,4567998.00,4471902,96096,1456.00,1543.00,2999.00,1543,1456,0.00,0.00,0,0,768768.00,35775216.00,36543984.00,35775216,768768
1668556435.612574,s2-eth1,4471902.00,96096.00,4567998.00,96096,4471902,1543.00,1456.00,2999.00,1456,1543,0.00,0.00,0,0,35775216.00,768768.00,36543984.00,768768,35775216
1668556435.612616,total,16772671.00,16846876.00,33619548.00,16846876,16772671,7855.00,7875.00,15730.00,7875,7855,0.00,0.00,0,0,134181368.00,134775008.00,268956384.00,134775008,134181368
1668556436.612841,lo,7649.00,7649.00,15298.00,7649,7649,59.00,59.00,118.00,59,59,0.00,0.00,0,0,61192.00,61192.00,122384.00,61192,61192
1668556436.612880,eth0,152.00,172.00,324.00,172,152,2.00,3.00,5.00,3,2,0.00,0.00,0,0,1216.00,1376.00,2592.00,1376,1216
1668556436.612893,docker0,0.00,0.00,0.00,0,0,0.00,0.00,0.00,0,0,0.00,0.00,0,0,0.00,0.00,0.00,0,0
1668556436.612922,s1-eth1,64512.00,7363480.00,7427992.00,7363480,64512,978.00,994.00,1972.00,994,978,0.00,0.00,0,0,516096.00,58907840.00,59423936.00,58907840,516096
1668556436.612938,s2-eth2,49460.00,2284978.00,2334438.00,2284978,49460,750.00,791.00,1541.00,791,750,0.00,0.00,0,0,395680.00,18279824.00,18675504.00,18279824,395680
1668556436.612952,s2-eth3,53160.00,2449468.00,2502628.00,2449468,53160,806.00,848.00,1654.00,848,806,0.00,0.00,0,0,425280.00,19595744.00,20021024.00,19595744,425280
1668556436.612977,s1-eth3,12032168.00,166386.00,12198554.00,166386,12032168,2600.00,2521.00,5121.00,2521,2600,0.00,0.00,0,0,96257344.00,1331088.00,97588432.00,1331088,96257344
1668556436.612992,s1-eth2,102388.00,4737324.00,4839712.00,4737324,102388,1552.00,1638.00,3190.00,1638,1552,0.00,0.00,0,0,819104.00,37898592.00,38717696.00,37898592,819104
1668556436.613005,s2-eth1,4737324.00,102388.00,4839712.00,102388,4737324,1638.00,1552.00,3190.00,1552,1638,0.00,0.00,0,0,37898592.00,819104.00,38717696.00,819104,37898592
1668556436.613026,total,17046812.00,17111844.00,34158656.00,17111845,17046813,8385.00,8406.00,16791.00,8406,8385,0.00,0.00,0,0,136374496.00,136894752.00,273269248.00,136894760,136374504
1668556437.613251,lo,1768.00,1768.00,3536.00,1768,1768,15.00,15.00,30.00,15,15,0.00,0.00,0,0,14144.00,14144.00,28288.00,14144,14144
1668556437.613288,eth0,168.00,164.00,332.00,164,168,2.00,2.00,4.00,2,2,0.00,0.00,0,0,1344.00,1312.00,2656.00,1312,1344
1668556437.613301,docker0,0.00,0.00,0.00,0,0,0.00,0.00,0.00,0,0,0.00,0.00,0,0,0.00,0.00,0.00,0,0
1668556437.613311,s1-eth1,64160.00,7101498.00,7165658.00,7101498,64160,972.00,973.00,1945.00,973,972,0.00,0.00,0,0,513280.00,56811984.00,57325264.00,56811984,513280
1668556437.613324,s2-eth2,51888.00,2394484.00,2446372.00,2394484,51888,786.00,826.00,1612.00,826,786,0.00,0.00,0,0,415104.00,19155872.00,19570976.00,19155872,415104
1668556437.613337,s2-eth3,55922.00,2582670.00,2638592.00,2582670,55922,847.00,891.00,1738.00,891,847,0.00,0.00,0,0,447376.00,20661360.00,21108736.00,20661360,447376
1668556437.613401,s1-eth3,12015550.00,171418.00,12186968.00,171418,12015550,2677.00,2597.00,5274.00,2597,2677,0.00,0.00,0,0,96124400.00,1371344.00,97495744.00,1371344,96124400
1668556437.613420,s1-eth2,107468.00,4980186.00,5087654.00,4980186,107468,1628.00,1719.00,3347.00,1719,1628,0.00,0.00,0,0,859744.00,39841488.00,40701232.00,39841488,859744
1668556437.613443,s2-eth1,4980186.00,107468.00,5087654.00,107468,4980186,1719.00,1628.00,3347.00,1628,1719,0.00,0.00,0,0,39841488.00,859744.00,40701232.00,859744,39841488
1668556437.613465,total,17277110.00,17339656.00,34616768.00,17339656,17277110,8646.00,8651.00,17297.00,8651,8646,0.00,0.00,0,0,138216880.00,138717248.00,276934144.00,138717248,138216880
1668556438.613916,lo,0.00,0.00,0.00,0,0,0.00,0.00,0.00,0,0,0.00,0.00,0,0,0.00,0.00,0.00,0,0
1668556438.613951,eth0,0.00,0.00,0.00,0,0,0.00,0.00,0.00,0,0,0.00,0.00,0,0,0.00,0.00,0.00,0,0
1668556438.613962,docker0,0.00,0.00,0.00,0,0,0.00,0.00,0.00,0,0,0.00,0.00,0,0,0.00,0.00,0.00,0,0
1668556438.613972,s1-eth1,67172.00,6402118.00,6469290.00,6402118,67172,996.00,995.00,1991.00,995,996,0.00,0.00,0,0,537376.00,51216944.00,51754320.00,51216944,537376
1668556438.614004,s2-eth2,60192.00,3026950.00,3087142.00,3026950,60192,912.00,931.00,1843.00,931,912,0.00,0.00,0,0,481536.00,24215600.00,24697136.00,24215600,481536
1668556438.614018,s2-eth3,51726.00,2340512.00,2392238.00,2340512,51726,775.00,820.00,1595.00,820,775,0.00,0.00,0,0,413808.00,18724096.00,19137904.00,18724096,413808
1668556438.614045,s1-eth3,12060574.00,179156.00,12239730.00,179156,12060574,2811.00,2684.00,5495.00,2684,2811,0.00,0.00,0,0,96484592.00,1433248.00,97917840.00,1433248,96484592
1668556438.614059,s1-eth2,111918.00,5357128.00,5469046.00,5357128,111918,1687.00,1748.00,3435.00,1748,1687,0.00,0.00,0,0,895344.00,42857024.00,43752368.00,42857024,895344
1668556438.614073,s2-eth1,5357128.00,111918.00,5469046.00,111918,5357128,1748.00,1687.00,3435.00,1687,1748,0.00,0.00,0,0,42857024.00,895344.00,43752368.00,895344,42857024
1668556438.614094,total,17708710.00,17417782.00,35126492.00,17417782,17708710,8929.00,8865.00,17794.00,8865,8929,0.00,0.00,0,0,141669680.00,139342256.00,281011936.00,139342256,141669680
1668556439.614304,lo,117.00,117.00,234.00,117,117,2.00,2.00,4.00,2,2,0.00,0.00,0,0,936.00,936.00,1872.00,936,936
1668556439.614338,eth0,54.00,92.00,146.00,92,54,1.00,1.00,2.00,1,1,0.00,0.00,0,0,432.00,736.00,1168.00,736,432
1668556439.614373,docker0,0.00,0.00,0.00,0,0,0.00,0.00,0.00,0,0,0.00,0.00,0,0,0.00,0.00,0.00,0,0
1668556439.614384,s1-eth1,61578.00,5617636.00,5679214.00,5617636,61578,933.00,1022.00,1955.00,1022,933,0.00,0.00,0,0,492624.00,44941088.00,45433712.00,44941088,492624
1668556439.614403,s2-eth2,61512.00,4132170.00,4193682.00,4132170,61512,932.00,937.00,1869.00,937,932,0.00,0.00,0,0,492096.00,33057360.00,33549456.00,33057360,492096
1668556439.614416,s2-eth3,51216.00,2388560.00,2439776.00,2388560,51216,776.00,824.00,1600.00,824,776,0.00,0.00,0,0,409728.00,19108480.00,19518208.00,19108480,409728
1668556439.614444,s1-eth3,12054312.00,174174.00,12228486.00,174174,12054312,2760.00,2639.00,5399.00,2639,2760,0.00,0.00,0,0,96434496.00,1393392.00,97827888.00,1393392,96434496
1668556439.614459,s1-eth2,112662.00,6517834.00,6630496.00,6517834,112662,1707.00,1761.00,3468.00,1761,1707,0.00,0.00,0,0,901296.00,52142672.00,53043968.00,52142672,901296
1668556439.614472,s2-eth1,6517834.00,112662.00,6630496.00,112662,6517834,1761.00,1707.00,3468.00,1707,1761,0.00,0.00,0,0,52142672.00,901296.00,53043968.00,901296,52142672
1668556439.614493,total,18859284.00,18943244.00,37802528.00,18943245,18859285,8872.00,8893.00,17765.00,8893,8872,0.00,0.00,0,0,150874272.00,151545952.00,302420224.00,151545960,150874280
1668556440.614763,lo,338.00,338.00,676.00,338,338,6.00,6.00,12.00,6,6,0.00,0.00,0,0,2704.00,2704.00,5408.00,2704,2704
1668556440.614798,eth0,206.00,208.00,414.00,208,206,3.00,3.00,6.00,3,3,0.00,0.00,0,0,1648.00,1664.00,3312.00,1664,1648
1668556440.614860,docker0,0.00,0.00,0.00,0,0,0.00,0.00,0.00,0,0,0.00,0.00,0,0,0.00,0.00,0.00,0,0
1668556440.614878,s1-eth1,60060.00,5456442.00,5516502.00,5456442,60060,910.00,993.00,1903.00,993,910,0.00,0.00,0,0,480480.00,43651536.00,44132016.00,43651536,480480
1668556440.614892,s2-eth2,61182.00,4119006.00,4180188.00,4119006,61182,927.00,935.00,1862.00,935,927,0.00,0.00,0,0,489456.00,32952048.00,33441504.00,32952048,489456
1668556440.614916,s2-eth3,55242.00,2551536.00,2606778.00,2551536,55242,837.00,880.00,1717.00,880,837,0.00,0.00,0,0,441936.00,20412288.00,20854224.00,20412288,441936
1668556440.614944,s1-eth3,12053594.00,176616.00,12230210.00,176616,12053594,2793.00,2676.00,5469.00,2676,2793,0.00,0.00,0,0,96428752.00,1412928.00,97841680.00,1412928,96428752
1668556440.614958,s1-eth2,116556.00,6674886.00,6791442.00,6674886,116556,1766.00,1815.00,3581.00,1815,1766,0.00,0.00,0,0,932448.00,53399088.00,54331536.00,53399088,932448
1668556440.614996,s2-eth1,6674886.00,116556.00,6791442.00,116556,6674886,1815.00,1766.00,3581.00,1766,1815,0.00,0.00,0,0,53399088.00,932448.00,54331536.00,932448,53399088
1668556440.615022,total,19022064.00,19095588.00,38117652.00,19095588,19022064,9057.00,9074.00,18131.00,9074,9057,0.00,0.00,0,0,152176512.00,152764704.00,304941216.00,152764704,152176512
1668556441.615208,lo,110.00,110.00,220.00,110,110,2.00,2.00,4.00,2,2,0.00,0.00,0,0,880.00,880.00,1760.00,880,880
1668556441.615250,eth0,98.00,40.00,138.00,40,98,1.00,1.00,2.00,1,1,0.00,0.00,0,0,784.00,320.00,1104.00,320,784
1668556441.615300,docker0,0.00,0.00,0.00,0,0,0.00,0.00,0.00,0,0,0.00,0.00,0,0,0.00,0.00,0.00,0,0
1668556441.615311,s1-eth1,58344.00,5317166.00,5375510.00,5317166,58344,884.00,967.00,1851.00,967,884,0.00,0.00,0,0,466752.00,42537328.00,43004080.00,42537328,466752
1668556441.615325,s2-eth2,61116.00,4105776.00,4166892.00,4105776,61116,926.00,932.00,1858.00,932,926,0.00,0.00,0,0,488928.00,32846208.00,33335136.00,32846208,488928
1668556441.615338,s2-eth3,58278.00,2708588.00,2766866.00,2708588,58278,883.00,934.00,1817.00,934,883,0.00,0.00,0,0,466224.00,21668704.00,22134928.00,21668704,466224
1668556441.615365,s1-eth3,12068078.00,177672.00,12245750.00,177672,12068078,2815.00,2692.00,5507.00,2692,2815,0.00,0.00,0,0,96544624.00,1421376.00,97966000.00,1421376,96544624
1668556441.615380,s1-eth2,119328.00,6818840.00,6938168.00,6818840,119328,1808.00,1868.00,3676.00,1868,1808,0.00,0.00,0,0,954624.00,54550720.00,55505344.00,54550720,954624
1668556441.615393,s2-eth1,6818840.00,119328.00,6938168.00,119328,6818840,1868.00,1808.00,3676.00,1808,1868,0.00,0.00,0,0,54550720.00,954624.00,55505344.00,954624,54550720
1668556441.615445,total,19184192.00,19247520.00,38431712.00,19247520,19184192,9187.00,9204.00,18391.00,9204,9187,0.00,0.00,0,0,153473536.00,153980160.00,307453696.00,153980160,153473536
1668556442.615687,lo,344.00,344.00,688.00,344,344,6.00,6.00,12.00,6,6,0.00,0.00,0,0,2752.00,2752.00,5504.00,2752,2752
1668556442.615726,eth0,0.00,0.00,0.00,0,0,0.00,0.00,0.00,0,0,0.00,0.00,0,0,0.00,0.00,0.00,0,0
1668556442.615738,docker0,0.00,0.00,0.00,0,0,0.00,0.00,0.00,0,0,0.00,0.00,0,0,0.00,0.00,0.00,0,0
1668556442.615748,s1-eth1,57750.00,5229296.00,5287046.00,5229296,57750,875.00,952.00,1827.00,952,875,0.00,0.00,0,0,462000.00,41834368.00,42296368.00,41834368,462000
1668556442.615762,s2-eth2,61314.00,4119006.00,4180320.00,4119006,61314,929.00,935.00,1864.00,935,929,0.00,0.00,0,0,490512.00,32952048.00,33442560.00,32952048,490512
1668556442.615775,s2-eth3,60060.00,2779742.00,2839802.00,2779742,60060,910.00,959.00,1869.00,959,910,0.00,0.00,0,0,480480.00,22237936.00,22718416.00,22237936,480480
1668556442.615802,s1-eth3,12064724.00,179190.00,12243914.00,179190,12064724,2830.00,2715.00,5545.00,2715,2830,0.00,0.00,0,0,96517792.00,1433520.00,97951312.00,1433520,96517792
1668556442.615816,s1-eth2,121308.00,6898748.00,7020056.00,6898748,121308,1838.00,1894.00,3732.00,1894,1838,0.00,0.00,0,0,970464.00,55189984.00,56160448.00,55189984,970464
1668556442.615829,s2-eth1,6898748.00,121308.00,7020056.00,121308,6898748,1894.00,1838.00,3732.00,1838,1894,0.00,0.00,0,0,55189984.00,970464.00,56160448.00,970464,55189984
1668556442.615858,total,19264248.00,19327634.00,38591880.00,19327634,19264248,9282.00,9299.00,18581.00,9299,9282,0.00,0.00,0,0,154113984.00,154621072.00,308735040.00,154621072,154113984
1668556443.616103,lo,0.00,0.00,0.00,0,0,0.00,0.00,0.00,0,0,0.00,0.00,0,0,0.00,0.00,0.00,0,0
1668556443.616140,eth0,0.00,0.00,0.00,0,0,0.00,0.00,0.00,0,0,0.00,0.00,0,0,0.00,0.00,0.00,0,0
1668556443.616163,docker0,0.00,0.00,0.00,0,0,0.00,0.00,0.00,0,0,0.00,0.00,0,0,0.00,0.00,0.00,0,0
1668556443.616173,s1-eth1,67452.00,3828246.00,3895698.00,3828246,67452,1010.00,1071.00,2081.00,1071,1010,0.00,0.00,0,0,539616.00,30625968.00,31165584.00,30625968,539616
1668556443.616187,s2-eth2,61050.00,4813984.00,4875034.00,4813984,61050,925.00,956.00,1881.00,956,925,0.00,0.00,0,0,488400.00,38511872.00,39000272.00,38511872,488400
1668556443.616200,s2-eth3,72204.00,3336862.00,3409066.00,3336862,72204,1094.00,1151.00,2245.00,1151,1094,0.00,0.00,0,0,577632.00,26694896.00,27272528.00,26694896,577632
1668556443.616228,s1-eth3,12089074.00,200706.00,12289780.00,200706,12089074,3177.00,3029.00,6206.00,3029,3177,0.00,0.00,0,0,96712592.00,1605648.00,98318240.00,1605648,96712592
1668556443.616242,s1-eth2,133254.00,8143474.00,8276728.00,8143474,133254,2019.00,2105.00,4124.00,2105,2019,0.00,0.00,0,0,1066032.00,65147792.00,66213824.00,65147792,1066032
1668556443.616255,s2-eth1,8143474.00,133254.00,8276728.00,133254,8143474,2105.00,2019.00,4124.00,2019,2105,0.00,0.00,0,0,65147792.00,1066032.00,66213824.00,1066032,65147792
1668556443.616278,total,20566508.00,20456526.00,41023032.00,20456526,20566508,10330.00,10331.00,20661.00,10331,10330,0.00,0.00,0,0,164532064.00,163652208.00,328184256.00,163652208,164532064
1668556444.616483,lo,772.00,772.00,1544.00,772,772,6.00,6.00,12.00,6,6,0.00,0.00,0,0,6176.00,6176.00,12352.00,6176,6176
1668556444.616520,eth0,0.00,0.00,0.00,0,0,0.00,0.00,0.00,0,0,0.00,0.00,0,0,0.00,0.00,0.00,0,0
1668556444.616532,docker0,0.00,0.00,0.00,0,0,0.00,0.00,0.00,0,0,0.00,0.00,0,0,0.00,0.00,0.00,0,0
1668556444.616542,s1-eth1,52340.00,2329258.00,2381598.00,2329258,52340,782.00,825.00,1607.00,825,782,0.00,0.00,0,0,418720.00,18634064.00,19052784.00,18634064,418720
1668556444.616555,s2-eth2,61578.00,5611848.00,5673426.00,5611848,61578,933.00,1022.00,1955.00,1022,933,0.00,0.00,0,0,492624.00,44894784.00,45387408.00,44894784,492624
1668556444.616569,s2-eth3,70562.00,4101786.00,4172348.00,4101786,70562,1069.00,1069.00,2138.00,1069,1069,0.00,0.00,0,0,564496.00,32814288.00,33378784.00,32814288,564496
1668556444.616595,s1-eth3,12081930.00,184134.00,12266064.00,184134,12081930,2959.00,2779.00,5738.00,2779,2959,0.00,0.00,0,0,96655440.00,1473072.00,98128512.00,1473072,96655440
1668556444.616609,s1-eth2,132066.00,9719558.00,9851624.00,9719558,132066,2001.00,2093.00,4094.00,2093,2001,0.00,0.00,0,0,1056528.00,77756464.00,78812992.00,77756464,1056528
1668556444.616622,s2-eth1,9719558.00,132066.00,9851624.00,132066,9719558,2093.00,2001.00,4094.00,2001,2093,0.00,0.00,0,0,77756464.00,1056528.00,78812992.00,1056528,77756464
1668556444.616657,total,22118806.00,22079422.00,44198228.00,22079422,22118806,9843.00,9795.00,19638.00,9795,9843,0.00,0.00,0,0,176950448.00,176635376.00,353585824.00,176635376,176950448
1668556445.616866,lo,3322.00,3322.00,6644.00,3322,3322,28.00,28.00,56.00,28,28,0.00,0.00,0,0,26576.00,26576.00,53152.00,26576,26576
1668556445.616915,eth0,206.00,208.00,414.00,208,206,3.00,3.00,6.00,3,3,0.00,0.00,0,0,1648.00,1664.00,3312.00,1664,1648
1668556445.616928,docker0,0.00,0.00,0.00,0,0,0.00,0.00,0.00,0,0,0.00,0.00,0,0,0.00,0.00,0.00,0,0
1668556445.616939,s1-eth1,48456.00,2237502.00,2285958.00,2237502,48456,734.00,773.00,1507.00,773,734,0.00,0.00,0,0,387648.00,17900016.00,18287664.00,17900016,387648
1668556445.616952,s2-eth2,62518.00,5683588.00,5746106.00,5683588,62518,947.00,1034.00,1981.00,1034,947,0.00,0.00,0,0,500144.00,45468704.00,45968848.00,45468704,500144
1668556445.616965,s2-eth3,63042.00,4216162.00,4279204.00,4216162,63042,955.00,959.00,1914.00,959,955,0.00,0.00,0,0,504336.00,33729296.00,34233632.00,33729296,504336
1668556445.616997,s1-eth3,12059460.00,173320.00,12232780.00,173320,12059460,2750.00,2626.00,5376.00,2626,2750,0.00,0.00,0,0,96475680.00,1386560.00,97862240.00,1386560,96475680
1668556445.617011,s1-eth2,125214.00,9893962.00,10019176.00,9893962,125214,1897.00,1993.00,3890.00,1993,1897,0.00,0.00,0,0,1001712.00,79151696.00,80153408.00,79151696,1001712
1668556445.617037,s2-eth1,9893962.00,125214.00,10019176.00,125214,9893962,1993.00,1897.00,3890.00,1897,1993,0.00,0.00,0,0,79151696.00,1001712.00,80153408.00,1001712,79151696
1668556445.617058,total,22256180.00,22333278.00,44589456.00,22333278,22256180,9307.00,9313.00,18620.00,9313,9307,0.00,0.00,0,0,178049440.00,178666224.00,356715648.00,178666224,178049440
1668556446.617288,lo,110.00,110.00,220.00,110,110,2.00,2.00,4.00,2,2,0.00,0.00,0,0,880.00,880.00,1760.00,880,880
1668556446.617324,eth0,188.00,116.00,304.00,116,188,2.00,2.00,4.00,2,2,0.00,0.00,0,0,1504.00,928.00,2432.00,928,1504
1668556446.617386,docker0,0.00,0.00,0.00,0,0,0.00,0.00,0.00,0,0,0.00,0.00,0,0,0.00,0.00,0.00,0,0
1668556446.617397,s1-eth1,51150.00,2372236.00,2423386.00,2372236,51150,775.00,818.00,1593.00,818,775,0.00,0.00,0,0,409200.00,18977888.00,19387088.00,18977888,409200
1668556446.617411,s2-eth2,60856.00,5541482.00,5602338.00,5541482,60856,922.00,1009.00,1931.00,1009,922,0.00,0.00,0,0,486848.00,44331856.00,44818704.00,44331856,486848
1668556446.617424,s2-eth3,62634.00,4202730.00,4265364.00,4202730,62634,949.00,953.00,1902.00,953,949,0.00,0.00,0,0,501072.00,33621840.00,34122912.00,33621840,501072
1668556446.617460,s1-eth3,12057538.00,174636.00,12232174.00,174636,12057538,2765.00,2646.00,5411.00,2646,2765,0.00,0.00,0,0,96460304.00,1397088.00,97857392.00,1397088,96460304
1668556446.617474,s1-eth2,123552.00,9747108.00,9870660.00,9747108,123552,1872.00,1962.00,3834.00,1962,1872,0.00,0.00,0,0,988416.00,77976864.00,78965280.00,77976864,988416
1668556446.617487,s2-eth1,9747108.00,123552.00,9870660.00,123552,9747108,1962.00,1872.00,3834.00,1872,1962,0.00,0.00,0,0,77976864.00,988416.00,78965280.00,988416,77976864
1668556446.617509,total,22103136.00,22161970.00,44265104.00,22161970,22103136,9249.00,9264.00,18513.00,9264,9249,0.00,0.00,0,0,176825088.00,177295760.00,354120832.00,177295760,176825088
1668556447.617707,lo,0.00,0.00,0.00,0,0,0.00,0.00,0.00,0,0,0.00,0.00,0,0,0.00,0.00,0.00,0,0
1668556447.617743,eth0,42.00,42.00,84.00,42,42,1.00,1.00,2.00,1,1,0.00,0.00,0,0,336.00,336.00,672.00,336,336
1668556447.617756,docker0,0.00,0.00,0.00,0,0,0.00,0.00,0.00,0,0,0.00,0.00,0,0,0.00,0.00,0.00,0,0
1668556447.617803,s1-eth1,54054.00,2504144.00,2558198.00,2504144,54054,819.00,864.00,1683.00,864,819,0.00,0.00,0,0,432432.00,20033152.00,20465584.00,20033152,432432
1668556447.617818,s2-eth2,60390.00,5503306.00,5563696.00,5503306,60390,915.00,1001.00,1916.00,1001,915,0.00,0.00,0,0,483120.00,44026448.00,44509568.00,44026448,483120
1668556447.617831,s2-eth3,61182.00,4110252.00,4171434.00,4110252,61182,927.00,934.00,1861.00,934,927,0.00,0.00,0,0,489456.00,32882016.00,33371472.00,32882016,489456
1668556447.617858,s1-eth3,12060240.00,175692.00,12235932.00,175692,12060240,2784.00,2662.00,5446.00,2662,2784,0.00,0.00,0,0,96481920.00,1405536.00,97887456.00,1405536,96481920
1668556447.617872,s1-eth2,121572.00,9613558.00,9735130.00,9613558,121572,1842.00,1935.00,3777.00,1935,1842,0.00,0.00,0,0,972576.00,76908464.00,77881040.00,76908464,972576
1668556447.617885,s2-eth1,9613558.00,121572.00,9735130.00,121572,9613558,1935.00,1842.00,3777.00,1842,1935,0.00,0.00,0,0,76908464.00,972576.00,77881040.00,972576,76908464
1668556447.617907,total,21971038.00,22028566.00,43999604.00,22028566,21971038,9223.00,9239.00,18462.00,9239,9223,0.00,0.00,0,0,175768304.00,176228528.00,351996832.00,176228528,175768304
1668556448.618274,lo,0.00,0.00,0.00,0,0,0.00,0.00,0.00,0,0,0.00,0.00,0,0,0.00,0.00,0.00,0,0
1668556448.618308,eth0,0.00,0.00,0.00,0,0,0.00,0.00,0.00,0,0,0.00,0.00,0,0,0.00,0.00,0.00,0,0
1668556448.618355,docker0,0.00,0.00,0.00,0,0,0.00,0.00,0.00,0,0,0.00,0.00,0,0,0.00,0.00,0.00,0,0
1668556448.618380,s1-eth1,70818.00,3279070.00,3349888.00,3279070,70818,1073.00,1131.00,2204.00,1131,1073,0.00,0.00,0,0,566544.00,26232560.00,26799104.00,26232560,566544
1668556448.618395,s2-eth2,69882.00,3522334.00,3592216.00,3522334,69882,1043.00,1131.00,2174.00,1131,1043,0.00,0.00,0,0,559056.00,28178672.00,28737728.00,28178672,559056
1668556448.618408,s2-eth3,61956.00,5038032.00,5099988.00,5038032,61956,932.00,972.00,1904.00,972,932,0.00,0.00,0,0,495648.00,40304256.00,40799904.00,40304256,495648
1668556448.618447,s1-eth3,12078554.00,202692.00,12281246.00,202692,12078554,3237.00,3048.00,6285.00,3048,3237,0.00,0.00,0,0,96628432.00,1621536.00,98249968.00,1621536,96628432
1668556448.618461,s1-eth2,131862.00,8560300.00,8692162.00,8560300,131862,1975.00,2102.00,4077.00,2102,1975,0.00,0.00,0,0,1054896.00,68482400.00,69537296.00,68482400,1054896
1668556448.618490,s2-eth1,8560300.00,131862.00,8692162.00,131862,8560300,2102.00,1975.00,4077.00,1975,2102,0.00,0.00,0,0,68482400.00,1054896.00,69537296.00,1054896,68482400
1668556448.618514,total,20973372.00,20734290.00,41707664.00,20734290,20973372,10362.00,10359.00,20721.00,10359,10362,0.00,0.00,0,0,167786976.00,165874320.00,333661312.00,165874320,167786976
1668556449.618738,lo,0.00,0.00,0.00,0,0,0.00,0.00,0.00,0,0,0.00,0.00,0,0,0.00,0.00,0.00,0,0
1668556449.618770,eth0,58.00,40.00,98.00,40,58,1.00,1.00,2.00,1,1,0.00,0.00,0,0,464.00,320.00,784.00,320,464
1668556449.618784,docker0,0.00,0.00,0.00,0,0,0.00,0.00,0.00,0,0,0.00,0.00,0,0,0.00,0.00,0.00,0,0
1668556449.618794,s1-eth1,67122.00,4330756.00,4397878.00,4330756,67122,1017.00,1006.00,2023.00,1006,1017,0.00,0.00,0,0,536976.00,34646048.00,35183024.00,34646048,536976
1668556449.618808,s2-eth2,68442.00,4417442.00,4485884.00,4417442,68442,1037.00,1025.00,2062.00,1025,1037,0.00,0.00,0,0,547536.00,35339536.00,35887072.00,35339536,547536
1668556449.618838,s2-eth3,72330.00,3348512.00,3420842.00,3348512,72330,1093.00,1152.00,2245.00,1152,1093,0.00,0.00,0,0,578640.00,26788096.00,27366736.00,26788096,578640
1668556449.618868,s1-eth3,12072824.00,207990.00,12280814.00,207990,12072824,3216.00,3149.00,6365.00,3149,3216,0.00,0.00,0,0,96582592.00,1663920.00,98246512.00,1663920,96582592
1668556449.618882,s1-eth2,140748.00,7768916.00,7909664.00,7768916,140748,2130.00,2178.00,4308.00,2178,2130,0.00,0.00,0,0,1125984.00,62151328.00,63277312.00,62151328,1125984
1668556449.618896,s2-eth1,7771878.00,140814.00,7912692.00,140814,7771878,2179.00,2131.00,4310.00,2131,2179,0.00,0.00,0,0,62175024.00,1126512.00,63301536.00,1126512,62175024
1668556449.618919,total,20193402.00,20214470.00,40407872.00,20214470,20193402,10673.00,10642.00,21315.00,10642,10673,0.00,0.00,0,0,161547216.00,161715760.00,323262976.00,161715760,161547216
1668556450.619290,lo,682.00,682.00,1364.00,682,682,12.00,12.00,24.00,12,12,0.00,0.00,0,0,5456.00,5456.00,10912.00,5456,5456
1668556450.619327,eth0,264.00,208.00,472.00,208,264,4.00,3.00,7.00,3,4,0.00,0.00,0,0,2112.00,1664.00,3776.00,1664,2112
1668556450.619340,docker0,0.00,0.00,0.00,0,0,0.00,0.00,0.00,0,0,0.00,0.00,0,0,0.00,0.00,0.00,0,0
1668556450.619350,s1-eth1,64350.00,4326210.00,4390560.00,4326210,64350,975.00,981.00,1956.00,981,975,0.00,0.00,0,0,514800.00,34609680.00,35124480.00,34609680,514800
1668556450.619364,s2-eth2,64812.00,4352802.00,4417614.00,4352802,64812,982.00,989.00,1971.00,989,982,0.00,0.00,0,0,518496.00,34822416.00,35340912.00,34822416,518496
1668556450.619377,s2-eth3,74910.00,3476142.00,3551052.00,3476142,74910,1135.00,1199.00,2334.00,1199,1135,0.00,0.00,0,0,599280.00,27809136.00,28408416.00,27809136,599280
1668556450.619404,s1-eth3,12070902.00,204072.00,12274974.00,204072,12070902,3143.00,3092.00,6235.00,3092,3143,0.00,0.00,0,0,96567216.00,1632576.00,98199792.00,1632576,96567216
1668556450.619418,s1-eth2,139722.00,7824534.00,7964256.00,7824534,139722,2117.00,2187.00,4304.00,2187,2117,0.00,0.00,0,0,1117776.00,62596272.00,63714048.00,62596272,1117776
1668556450.619431,s2-eth1,7821572.00,139656.00,7961228.00,139656,7821572,2186.00,2116.00,4302.00,2116,2186,0.00,0.00,0,0,62572576.00,1117248.00,63689824.00,1117248,62572576
1668556450.619453,total,20237214.00,20324306.00,40561520.00,20324306,20237214,10554.00,10579.00,21133.00,10579,10554,0.00,0.00,0,0,161897712.00,162594448.00,324492160.00,162594448,161897712
1668556451.619610,lo,110.00,110.00,220.00,110,110,2.00,2.00,4.00,2,2,0.00,0.00,0,0,880.00,880.00,1760.00,880,880
1668556451.619645,eth0,98.00,40.00,138.00,40,98,1.00,1.00,2.00,1,1,0.00,0.00,0,0,784.00,320.00,1104.00,320,784
1668556451.619698,docker0,0.00,0.00,0.00,0,0,0.00,0.00,0.00,0,0,0.00,0.00,0,0,0.00,0.00,0.00,0,0
1668556451.619720,s1-eth1,65208.00,4449554.00,4514762.00,4449554,65208,988.00,985.00,1973.00,985,988,0.00,0.00,0,0,521664.00,35596432.00,36118096.00,35596432,521664
1668556451.619734,s2-eth2,61222.00,3923398.00,3984620.00,3923398,61222,913.00,955.00,1868.00,955,913,0.00,0.00,0,0,489776.00,31387184.00,31876960.00,31387184,489776
1668556451.619747,s2-eth3,75900.00,3613764.00,3689664.00,3613764,75900,1150.00,1178.00,2328.00,1178,1150,0.00,0.00,0,0,607200.00,28910112.00,29517312.00,28910112,607200
1668556451.619775,s1-eth3,12066034.00,202330.00,12268364.00,202330,12066034,3157.00,3051.00,6208.00,3051,3157,0.00,0.00,0,0,96528272.00,1618640.00,98146912.00,1618640,96528272
1668556451.619789,s1-eth2,137254.00,7538676.00,7675930.00,7538676,137254,2065.00,2134.00,4199.00,2134,2065,0.00,0.00,0,0,1098032.00,60309408.00,61407440.00,60309408,1098032
1668556451.619802,s2-eth1,7538676.00,137254.00,7675930.00,137254,7538676,2134.00,2065.00,4199.00,2065,2134,0.00,0.00,0,0,60309408.00,1098032.00,61407440.00,1098032,60309408
1668556451.619848,total,19944502.00,19865126.00,39809628.00,19865126,19944502,10410.00,10371.00,20781.00,10371,10410,0.00,0.00,0,0,159556016.00,158921008.00,318477024.00,158921008,159556016
1668556452.620090,lo,0.00,0.00,0.00,0,0,0.00,0.00,0.00,0,0,0.00,0.00,0,0,0.00,0.00,0.00,0,0
1668556452.620126,eth0,58.00,0.00,58.00,0,58,1.00,0.00,1.00,0,1,0.00,0.00,0,0,464.00,0.00,464.00,0,464
1668556452.620139,docker0,0.00,0.00,0.00,0,0,0.00,0.00,0.00,0,0,0.00,0.00,0,0,0.00,0.00,0.00,0,0
1668556452.620149,s1-eth1,57552.00,5186776.00,5244328.00,5186776,57552,872.00,944.00,1816.00,944,872,0.00,0.00,0,0,460416.00,41494208.00,41954624.00,41494208,460416
1668556452.620163,s2-eth2,59268.00,2756046.00,2815314.00,2756046,59268,898.00,951.00,1849.00,951,898,0.00,0.00,0,0,474144.00,22048368.00,22522512.00,22048368,474144
1668556452.620176,s2-eth3,62502.00,4202796.00,4265298.00,4202796,62502,947.00,954.00,1901.00,954,947,0.00,0.00,0,0,500016.00,33622368.00,34122384.00,33622368,500016
1668556452.620216,s1-eth3,12065974.00,179124.00,12245098.00,179124,12065974,2827.00,2714.00,5541.00,2714,2827,0.00,0.00,0,0,96527792.00,1432992.00,97960784.00,1432992,96527792
1668556452.620231,s1-eth2,121506.00,6958842.00,7080348.00,6958842,121506,1841.00,1905.00,3746.00,1905,1841,0.00,0.00,0,0,972048.00,55670736.00,56642784.00,55670736,972048
1668556452.620244,s2-eth1,6958842.00,121506.00,7080348.00,121506,6958842,1905.00,1841.00,3746.00,1841,1905,0.00,0.00,0,0,55670736.00,972048.00,56642784.00,972048,55670736
1668556452.620266,total,19325702.00,19405090.00,38730792.00,19405090,19325702,9291.00,9309.00,18600.00,9309,9291,0.00,0.00,0,0,154605616.00,155240720.00,309846336.00,155240720,154605616
1668556453.620493,lo,0.00,0.00,0.00,0,0,0.00,0.00,0.00,0,0,0.00,0.00,0,0,0.00,0.00,0.00,0,0
1668556453.620577,eth0,0.00,0.00,0.00,0,0,0.00,0.00,0.00,0,0,0.00,0.00,0,0,0.00,0.00,0.00,0,0
1668556453.620590,docker0,0.00,0.00,0.00,0,0,0.00,0.00,0.00,0,0,0.00,0.00,0,0,0.00,0.00,0.00,0,0
1668556453.620600,s1-eth1,56100.00,5113452.00,5169552.00,5113452,56100,850.00,930.00,1780.00,930,850,0.00,0.00,0,0,448800.00,40907616.00,41356416.00,40907616,448800
1668556453.620614,s2-eth2,60258.00,2791590.00,2851848.00,2791590,60258,913.00,963.00,1876.00,963,913,0.00,0.00,0,0,482064.00,22332720.00,22814784.00,22332720,482064
1668556453.620627,s2-eth3,62898.00,4224912.00,4287810.00,4224912,62898,953.00,960.00,1913.00,960,953,0.00,0.00,0,0,503184.00,33799296.00,34302480.00,33799296,503184
1668556453.620655,s1-eth3,12062290.00,179322.00,12241612.00,179322,12062290,2837.00,2717.00,5554.00,2717,2837,0.00,0.00,0,0,96498320.00,1434576.00,97932896.00,1434576,96498320
1668556453.620669,s1-eth2,123288.00,7016502.00,7139790.00,7016502,123288,1868.00,1923.00,3791.00,1923,1868,0.00,0.00,0,0,986304.00,56132016.00,57118320.00,56132016,986304
1668556453.620721,s2-eth1,7016502.00,123288.00,7139790.00,123288,7016502,1923.00,1868.00,3791.00,1868,1923,0.00,0.00,0,0,56132016.00,986304.00,57118320.00,986304,56132016
1668556453.620745,total,19381336.00,19449066.00,38830400.00,19449066,19381336,9344.00,9361.00,18705.00,9361,9344,0.00,0.00,0,0,155050688.00,155592528.00,310643200.00,155592528,155050688
1668556454.620979,lo,0.00,0.00,0.00,0,0,0.00,0.00,0.00,0,0,0.00,0.00,0,0,0.00,0.00,0.00,0,0
1668556454.621012,eth0,0.00,0.00,0.00,0,0,0.00,0.00,0.00,0,0,0.00,0.00,0,0,0.00,0.00,0.00,0,0
1668556454.621023,docker0,0.00,0.00,0.00,0,0,0.00,0.00,0.00,0,0,0.00,0.00,0,0,0.00,0.00,0.00,0,0
1668556454.621033,s1-eth1,55638.00,4989316.00,5044954.00,4989316,55638,843.00,914.00,1757.00,914,843,0.00,0.00,0,0,445104.00,39914528.00,40359632.00,39914528,445104
1668556454.621047,s2-eth2,62898.00,2908622.00,2971520.00,2908622,62898,953.00,1003.00,1956.00,1003,953,0.00,0.00,0,0,503184.00,23268976.00,23772160.00,23268976,503184
1668556454.621061,s2-eth3,62898.00,4220568.00,4283466.00,4220568,62898,953.00,960.00,1913.00,960,953,0.00,0.00,0,0,503184.00,33764544.00,34267728.00,33764544,503184
1668556454.621086,s1-eth3,12060780.00,181434.00,12242214.00,181434,12060780,2858.00,2749.00,5607.00,2749,2858,0.00,0.00,0,0,96486240.00,1451472.00,97937712.00,1451472,96486240
1668556454.621100,s1-eth2,125730.00,7133600.00,7259330.00,7133600,125730,1905.00,1964.00,3869.00,1964,1905,0.00,0.00,0,0,1005840.00,57068800.00,58074640.00,57068800,1005840
1668556454.621113,s2-eth1,7133600.00,125730.00,7259330.00,125730,7133600,1964.00,1905.00,3869.00,1905,1964,0.00,0.00,0,0,57068800.00,1005840.00,58074640.00,1005840,57068800
1668556454.621135,total,19501544.00,19559270.00,39060816.00,19559270,19501544,9476.00,9495.00,18971.00,9495,9476,0.00,0.00,0,0,156012352.00,156474160.00,312486528.00,156474160,156012352
1668556455.621370,lo,682.00,682.00,1364.00,682,682,12.00,12.00,24.00,12,12,0.00,0.00,0,0,5456.00,5456.00,10912.00,5456,5456
1668556455.621406,eth0,206.00,168.00,374.00,168,206,3.00,2.00,5.00,2,3,0.00,0.00,0,0,1648.00,1344.00,2992.00,1344,1648
1668556455.621461,docker0,0.00,0.00,0.00,0,0,0.00,0.00,0.00,0,0,0.00,0.00,0,0,0.00,0.00,0.00,0,0
1668556455.621477,s1-eth1,63624.00,4021532.00,4085156.00,4021532,63624,952.00,950.00,1902.00,950,952,0.00,0.00,0,0,508992.00,32172256.00,32681248.00,32172256,508992
1668556455.621490,s2-eth2,71346.00,4475700.00,4547046.00,4475700,71346,1081.00,1074.00,2155.00,1074,1081,0.00,0.00,0,0,570768.00,35805600.00,36376368.00,35805600,570768
1668556455.621513,s2-eth3,69882.00,3330604.00,3400486.00,3330604,69882,1043.00,1122.00,2165.00,1122,1043,0.00,0.00,0,0,559056.00,26644832.00,27203888.00,26644832,559056
1668556455.621541,s1-eth3,12064066.00,204852.00,12268918.00,204852,12064066,3193.00,3076.00,6269.00,3076,3193,0.00,0.00,0,0,96512528.00,1638816.00,98151344.00,1638816,96512528
1668556455.621555,s1-eth2,141294.00,7798932.00,7940226.00,7798932,141294,2125.00,2194.00,4319.00,2194,2125,0.00,0.00,0,0,1130352.00,62391456.00,63521808.00,62391456,1130352
1668556455.621568,s2-eth1,7798932.00,141294.00,7940226.00,141294,7798932,2194.00,2125.00,4319.00,2125,2194,0.00,0.00,0,0,62391456.00,1130352.00,63521808.00,1130352,62391456
1668556455.621611,total,20210032.00,19973764.00,40183796.00,19973764,20210032,10603.00,10555.00,21158.00,10555,10603,0.00,0.00,0,0,161680256.00,159790112.00,321470368.00,159790112,161680256
1668556456.621777,lo,5474.00,5474.00,10948.00,5474,5474,44.00,44.00,88.00,44,44,0.00,0.00,0,0,43792.00,43792.00,87584.00,43792,43792
1668556456.621815,eth0,386.00,348.00,734.00,348,386,5.00,4.00,9.00,4,5,0.00,0.00,0,0,3088.00,2784.00,5872.00,2784,3088
1668556456.621865,docker0,0.00,0.00,0.00,0,0,0.00,0.00,0.00,0,0,0.00,0.00,0,0,0.00,0.00,0.00,0,0
1668556456.621875,s1-eth1,60432.00,4066128.00,4126560.00,4066128,60432,916.00,924.00,1840.00,924,916,0.00,0.00,0,0,483456.00,32529024.00,33012480.00,32529024,483456
1668556456.621889,s2-eth2,68550.00,4604214.00,4672764.00,4604214,68550,1039.00,1047.00,2086.00,1047,1039,0.00,0.00,0,0,548400.00,36833712.00,37382112.00,36833712,548400
1668556456.621902,s2-eth3,75282.00,3480660.00,3555942.00,3480660,75282,1141.00,1202.00,2343.00,1202,1141,0.00,0.00,0,0,602256.00,27845280.00,28447536.00,27845280,602256
1668556456.621930,s1-eth3,12068528.00,204330.00,12272858.00,204330,12068528,3152.00,3097.00,6249.00,3097,3152,0.00,0.00,0,0,96548224.00,1634640.00,98182864.00,1634640,96548224
1668556456.621956,s1-eth2,143832.00,8087836.00,8231668.00,8087836,143832,2180.00,2250.00,4430.00,2250,2180,0.00,0.00,0,0,1150656.00,64702688.00,65853344.00,64702688,1150656
1668556456.621970,s2-eth1,8087836.00,143898.00,8231734.00,143898,8087836,2250.00,2181.00,4431.00,2181,2250,0.00,0.00,0,0,64702688.00,1151184.00,65853872.00,1151184,64702688
1668556456.622005,total,20510320.00,20592888.00,41103208.00,20592888,20510320,10727.00,10749.00,21476.00,10749,10727,0.00,0.00,0,0,164082560.00,164743104.00,328825664.00,164743104,164082560
1668556457.622238,lo,0.00,0.00,0.00,0,0,0.00,0.00,0.00,0,0,0.00,0.00,0,0,0.00,0.00,0.00,0,0
1668556457.622275,eth0,0.00,0.00,0.00,0,0,0.00,0.00,0.00,0,0,0.00,0.00,0,0,0.00,0.00,0.00,0,0
1668556457.622295,docker0,0.00,0.00,0.00,0,0,0.00,0.00,0.00,0,0,0.00,0.00,0,0,0.00,0.00,0.00,0,0
1668556457.622306,s1-eth1,60918.00,4092678.00,4153596.00,4092678,60918,923.00,931.00,1854.00,931,923,0.00,0.00,0,0,487344.00,32741424.00,33228768.00,32741424,487344
1668556457.622321,s2-eth2,67518.00,4529268.00,4596786.00,4529268,67518,1023.00,1030.00,2053.00,1030,1023,0.00,0.00,0,0,540144.00,36234144.00,36774288.00,36234144,540144
1668556457.622334,s2-eth3,75966.00,3517610.00,3593576.00,3517610,75966,1151.00,1213.00,2364.00,1213,1151,0.00,0.00,0,0,607728.00,28140880.00,28748608.00,28140880,607728
1668556457.622360,s1-eth3,12071694.00,204336.00,12276030.00,204336,12071694,3155.00,3096.00,6251.00,3096,3155,0.00,0.00,0,0,96573552.00,1634688.00,98208240.00,1634688,96573552
1668556457.622374,s1-eth2,143418.00,8051288.00,8194706.00,8051288,143418,2173.00,2244.00,4417.00,2244,2173,0.00,0.00,0,0,1147344.00,64410304.00,65557648.00,64410304,1147344
1668556457.622387,s2-eth1,8051288.00,143352.00,8194640.00,143352,8051288,2244.00,2172.00,4416.00,2172,2244,0.00,0.00,0,0,64410304.00,1146816.00,65557120.00,1146816,64410304
1668556457.622409,total,20470802.00,20538532.00,41009336.00,20538532,20470802,10669.00,10686.00,21355.00,10686,10669,0.00,0.00,0,0,163766416.00,164308256.00,328074688.00,164308256,163766416
1668556458.622561,lo,772.00,772.00,1544.00,772,772,6.00,6.00,12.00,6,6,0.00,0.00,0,0,6176.00,6176.00,12352.00,6176,6176
1668556458.622599,eth0,0.00,0.00,0.00,0,0,0.00,0.00,0.00,0,0,0.00,0.00,0,0,0.00,0.00,0.00,0,0
1668556458.622610,docker0,0.00,0.00,0.00,0,0,0.00,0.00,0.00,0,0,0.00,0.00,0,0,0.00,0.00,0.00,0,0
1668556458.622620,s1-eth1,61120.00,4462248.00,4523368.00,4462248,61120,926.00,936.00,1862.00,936,926,0.00,0.00,0,0,488960.00,35697984.00,36186944.00,35697984,488960
1668556458.622633,s2-eth2,62534.00,3656054.00,3718588.00,3656054,62534,933.00,985.00,1918.00,985,933,0.00,0.00,0,0,500272.00,29248432.00,29748704.00,29248432,500272
1668556458.622646,s2-eth3,73730.00,3858204.00,3931934.00,3858204,73730,1117.00,1130.00,2247.00,1130,1117,0.00,0.00,0,0,589840.00,30865632.00,31455472.00,30865632,589840
1668556458.622692,s1-eth3,12063262.00,197174.00,12260436.00,197174,12063262,3093.00,2973.00,6066.00,2973,3093,0.00,0.00,0,0,96506096.00,1577392.00,98083488.00,1577392,96506096
1668556458.622706,s1-eth2,136190.00,7512744.00,7648934.00,7512744,136190,2049.00,2114.00,4163.00,2114,2049,0.00,0.00,0,0,1089520.00,60101952.00,61191472.00,60101952,1089520
1668556458.622720,s2-eth1,7512744.00,136190.00,7648934.00,136190,7512744,2114.00,2049.00,4163.00,2049,2114,0.00,0.00,0,0,60101952.00,1089520.00,61191472.00,1089520,60101952
1668556458.622741,total,19910352.00,19823386.00,39733736.00,19823386,19910352,10238.00,10193.00,20431.00,10193,10238,0.00,0.00,0,0,159282816.00,158587088.00,317869888.00,158587088,159282816
1668556459.622949,lo,0.00,0.00,0.00,0,0,0.00,0.00,0.00,0,0,0.00,0.00,0,0,0.00,0.00,0.00,0,0
1668556459.622983,eth0,0.00,0.00,0.00,0,0,0.00,0.00,0.00,0,0,0.00,0.00,0,0,0.00,0.00,0.00,0,0
1668556459.622994,docker0,0.00,0.00,0.00,0,0,0.00,0.00,0.00,0,0,0.00,0.00,0,0,0.00,0.00,0.00,0,0
1668556459.623004,s1-eth1,66660.00,4969596.00,5036256.00,4969596,66660,1010.00,1054.00,2064.00,1054,1010,0.00,0.00,0,0,533280.00,39756768.00,40290048.00,39756768,533280
1668556459.623028,s2-eth2,61116.00,2844906.00,2906022.00,2844906,61116,926.00,981.00,1907.00,981,926,0.00,0.00,0,0,488928.00,22759248.00,23248176.00,22759248,488928
1668556459.623042,s2-eth3,64416.00,4317390.00,4381806.00,4317390,64416,976.00,979.00,1955.00,979,976,0.00,0.00,0,0,515328.00,34539120.00,35054448.00,34539120,515328
1668556459.623069,s1-eth3,12052838.00,192126.00,12244964.00,192126,12052838,2979.00,2911.00,5890.00,2911,2979,0.00,0.00,0,0,96422704.00,1537008.00,97959712.00,1537008,96422704
1668556459.623083,s1-eth2,125466.00,7163810.00,7289276.00,7163810,125466,1901.00,1961.00,3862.00,1961,1901,0.00,0.00,0,0,1003728.00,57310480.00,58314208.00,57310480,1003728
1668556459.623096,s2-eth1,7163810.00,125466.00,7289276.00,125466,7163810,1961.00,1901.00,3862.00,1901,1961,0.00,0.00,0,0,57310480.00,1003728.00,58314208.00,1003728,57310480
1668556459.623118,total,19534306.00,19613294.00,39147600.00,19613294,19534306,9753.00,9787.00,19540.00,9787,9753,0.00,0.00,0,0,156274448.00,156906352.00,313180800.00,156906352,156274448
1668556460.623348,lo,724.00,724.00,1448.00,724,724,9.00,9.00,18.00,9,9,0.00,0.00,0,0,5792.00,5792.00,11584.00,5792,5792
1668556460.623385,eth0,206.00,208.00,414.00,208,206,3.00,3.00,6.00,3,3,0.00,0.00,0,0,1648.00,1664.00,3312.00,1664,1648
1668556460.623398,docker0,0.00,0.00,0.00,0,0,0.00,0.00,0.00,0,0,0.00,0.00,0,0,0.00,0.00,0.00,0,0
1668556460.623408,s1-eth1,72930.00,4895100.00,4968030.00,4895100,72930,1105.00,1110.00,2215.00,1110,1105,0.00,0.00,0,0,583440.00,39160800.00,39744240.00,39160800,583440
1668556460.623421,s2-eth2,64222.00,2967928.00,3032150.00,2967928,64222,973.00,1024.00,1997.00,1024,973,0.00,0.00,0,0,513776.00,23743424.00,24257200.00,23743424,513776
1668556460.623434,s2-eth3,63094.00,4131712.00,4194806.00,4131712,63094,947.00,952.00,1899.00,952,947,0.00,0.00,0,0,504752.00,33053696.00,33558448.00,33053696,504752
1668556460.623461,s1-eth3,12064178.00,200208.00,12264386.00,200208,12064178,3085.00,3024.00,6109.00,3024,3085,0.00,0.00,0,0,96513424.00,1601664.00,98115088.00,1601664,96513424
1668556460.623475,s1-eth2,127270.00,7101088.00,7228358.00,7101088,127270,1919.00,1976.00,3895.00,1976,1919,0.00,0.00,0,0,1018160.00,56808704.00,57826864.00,56808704,1018160
1668556460.623488,s2-eth1,7101088.00,127270.00,7228358.00,127270,7101088,1976.00,1919.00,3895.00,1919,1976,0.00,0.00,0,0,56808704.00,1018160.00,57826864.00,1018160,56808704
1668556460.623520,total,19493712.00,19424238.00,38917952.00,19424238,19493712,10017.00,10017.00,20034.00,10017,10017,0.00,0.00,0,0,155949696.00,155393904.00,311343616.00,155393904,155949696
1668556461.623785,lo,110.00,110.00,220.00,110,110,2.00,2.00,4.00,2,2,0.00,0.00,0,0,880.00,880.00,1760.00,880,880
1668556461.623821,eth0,98.00,40.00,138.00,40,98,1.00,1.00,2.00,1,1,0.00,0.00,0,0,784.00,320.00,1104.00,320,784
1668556461.623833,docker0,0.00,0.00,0.00,0,0,0.00,0.00,0.00,0,0,0.00,0.00,0,0,0.00,0.00,0.00,0,0
1668556461.623844,s1-eth1,65542.00,5814242.00,5879784.00,5814242,65542,993.00,1061.00,2054.00,1061,993,0.00,0.00,0,0,524336.00,46513936.00,47038272.00,46513936,524336
1668556461.623857,s2-eth2,79002.00,3652480.00,3731482.00,3652480,79002,1197.00,1260.00,2457.00,1260,1197,0.00,0.00,0,0,632016.00,29219840.00,29851856.00,29219840,632016
1668556461.623871,s2-eth3,56862.00,2674426.00,2731288.00,2674426,56862,861.00,921.00,1782.00,921,861,0.00,0.00,0,0,454896.00,21395408.00,21850304.00,21395408,454896
1668556461.623898,s1-eth3,12078624.00,201300.00,12279924.00,201300,12078624,3238.00,3050.00,6288.00,3050,3238,0.00,0.00,0,0,96628992.00,1610400.00,98239392.00,1610400,96628992
1668556461.623950,s1-eth2,135840.00,6326906.00,6462746.00,6326906,135840,2058.00,2181.00,4239.00,2181,2058,0.00,0.00,0,0,1086720.00,50615248.00,51701968.00,50615248,1086720
1668556461.623964,s2-eth1,6326906.00,135840.00,6462746.00,135840,6326906,2181.00,2058.00,4239.00,2058,2181,0.00,0.00,0,0,50615248.00,1086720.00,51701968.00,1086720,50615248
1668556461.623985,total,18742984.00,18805344.00,37548328.00,18805344,18742984,10531.00,10534.00,21065.00,10534,10531,0.00,0.00,0,0,149943872.00,150442752.00,300386624.00,150442752,149943872
1668556462.624147,lo,0.00,0.00,0.00,0,0,0.00,0.00,0.00,0,0,0.00,0.00,0,0,0.00,0.00,0.00,0,0
1668556462.624209,eth0,90.00,76.00,166.00,76,90,1.00,1.00,2.00,1,1,0.00,0.00,0,0,720.00,608.00,1328.00,608,720
1668556462.624225,docker0,0.00,0.00,0.00,0,0,0.00,0.00,0.00,0,0,0.00,0.00,0,0,0.00,0.00,0.00,0,0
1668556462.624235,s1-eth1,62634.00,6131276.00,6193910.00,6131276,62634,949.00,994.00,1943.00,994,949,0.00,0.00,0,0,501072.00,49050208.00,49551280.00,49050208,501072
1668556462.624248,s2-eth2,62640.00,2882426.00,2945066.00,2882426,62640,940.00,1001.00,1941.00,1001,940,0.00,0.00,0,0,501120.00,23059408.00,23560528.00,23059408,501120
1668556462.624262,s2-eth3,64944.00,2997548.00,3062492.00,2997548,64944,984.00,1034.00,2018.00,1034,984,0.00,0.00,0,0,519552.00,23980384.00,24499936.00,23980384,519552
1668556462.624288,s1-eth3,12068848.00,190218.00,12259066.00,190218,12068848,3068.00,2873.00,5941.00,2873,3068,0.00,0.00,0,0,96550784.00,1521744.00,98072528.00,1521744,96550784
1668556462.624303,s1-eth2,127650.00,5877012.00,6004662.00,5877012,127650,1925.00,2034.00,3959.00,2034,1925,0.00,0.00,0,0,1021200.00,47016096.00,48037296.00,47016096,1021200
1668556462.624316,s2-eth1,5877012.00,127650.00,6004662.00,127650,5877012,2034.00,1925.00,3959.00,1925,2034,0.00,0.00,0,0,47016096.00,1021200.00,48037296.00,1021200,47016096
1668556462.624353,total,18263818.00,18206206.00,36470024.00,18206206,18263818,9901.00,9862.00,19763.00,9862,9901,0.00,0.00,0,0,146110544.00,145649648.00,291760192.00,145649648,146110544
1668556463.624547,lo,2822.00,2822.00,5644.00,2822,2822,23.00,23.00,46.00,23,23,0.00,0.00,0,0,22576.00,22576.00,45152.00,22576,22576
1668556463.624588,eth0,0.00,0.00,0.00,0,0,0.00,0.00,0.00,0,0,0.00,0.00,0,0,0.00,0.00,0.00,0,0
1668556463.624599,docker0,0.00,0.00,0.00,0,0,0.00,0.00,0.00,0,0,0.00,0.00,0,0,0.00,0.00,0.00,0,0
1668556463.624639,s1-eth1,58158.00,6429680.00,6487838.00,6429680,58158,881.00,886.00,1767.00,886,881,0.00,0.00,0,0,465264.00,51437440.00,51902704.00,51437440,465264
1668556463.624655,s2-eth2,50304.00,2318920.00,2369224.00,2318920,50304,762.00,800.00,1562.00,800,762,0.00,0.00,0,0,402432.00,18551360.00,18953792.00,18551360,402432
1668556463.624668,s2-eth3,72938.00,3373990.00,3446928.00,3373990,72938,1105.00,1165.00,2270.00,1165,1105,0.00,0.00,0,0,583504.00,26991920.00,27575424.00,26991920,583504
1668556463.624695,s1-eth3,12041568.00,180910.00,12222478.00,180910,12041568,2830.00,2741.00,5571.00,2741,2830,0.00,0.00,0,0,96332544.00,1447280.00,97779824.00,1447280,96332544
1668556463.624710,s1-eth2,122966.00,5695942.00,5818908.00,5695942,122966,1863.00,1967.00,3830.00,1967,1863,0.00,0.00,0,0,983728.00,45567536.00,46551264.00,45567536,983728
1668556463.624723,s2-eth1,5695942.00,122966.00,5818908.00,122966,5695942,1967.00,1863.00,3830.00,1863,1967,0.00,0.00,0,0,45567536.00,983728.00,46551264.00,983728,45567536
1668556463.624746,total,18044698.00,18125230.00,36169928.00,18125230,18044698,9431.00,9445.00,18876.00,9445,9431,0.00,0.00,0,0,144357584.00,145001840.00,289359424.00,145001840,144357584
1668556464.624974,lo,0.00,0.00,0.00,0,0,0.00,0.00,0.00,0,0,0.00,0.00,0,0,0.00,0.00,0.00,0,0
1668556464.625008,eth0,58.00,0.00,58.00,0,58,1.00,0.00,1.00,0,1,0.00,0.00,0,0,464.00,0.00,464.00,0,464
1668556464.625031,docker0,0.00,0.00,0.00,0,0,0.00,0.00,0.00,0,0,0.00,0.00,0,0,0.00,0.00,0.00,0,0
1668556464.625042,s1-eth1,59088.00,6095456.00,6154544.00,6095456,59088,886.00,912.00,1798.00,912,886,0.00,0.00,0,0,472704.00,48763648.00,49236352.00,48763648,472704
1668556464.625056,s2-eth2,53196.00,2464124.00,2517320.00,2464124,53196,806.00,850.00,1656.00,850,806,0.00,0.00,0,0,425568.00,19712992.00,20138560.00,19712992,425568
1668556464.625070,s2-eth3,73788.00,3415388.00,3489176.00,3415388,73788,1118.00,1178.00,2296.00,1178,1118,0.00,0.00,0,0,590304.00,27323104.00,27913408.00,27323104,590304
1668556464.625097,s1-eth3,12056906.00,186240.00,12243146.00,186240,12056906,2909.00,2812.00,5721.00,2812,2909,0.00,0.00,0,0,96455248.00,1489920.00,97945168.00,1489920,96455248
1668556464.625111,s1-eth2,127050.00,5876550.00,6003600.00,5876550,127050,1925.00,2027.00,3952.00,2027,1925,0.00,0.00,0,0,1016400.00,47012400.00,48028800.00,47012400,1016400
1668556464.625135,s2-eth1,5876550.00,127050.00,6003600.00,127050,5876550,2027.00,1925.00,3952.00,1925,2027,0.00,0.00,0,0,47012400.00,1016400.00,48028800.00,1016400,47012400
1668556464.625158,total,18246636.00,18164808.00,36411444.00,18164808,18246636,9672.00,9704.00,19376.00,9704,9672,0.00,0.00,0,0,145973088.00,145318464.00,291291552.00,145318464,145973088
1668556465.625487,lo,338.00,338.00,676.00,338,338,6.00,6.00,12.00,6,6,0.00,0.00,0,0,2704.00,2704.00,5408.00,2704,2704
1668556465.625552,eth0,206.00,208.00,414.00,208,206,3.00,3.00,6.00,3,3,0.00,0.00,0,0,1648.00,1664.00,3312.00,1664,1648
1668556465.625567,docker0,0.00,0.00,0.00,0,0,0.00,0.00,0.00,0,0,0.00,0.00,0,0,0.00,0.00,0.00,0,0
1668556465.625577,s1-eth1,67398.00,4207940.00,4275338.00,4207940,67398,1007.00,1010.00,2017.00,1010,1007,0.00,0.00,0,0,539184.00,33663520.00,34202704.00,33663520,539184
1668556465.625590,s2-eth2,71524.00,3309284.00,3380808.00,3309284,71524,1074.00,1150.00,2224.00,1150,1074,0.00,0.00,0,0,572192.00,26474272.00,27046464.00,26474272,572192
1668556465.625603,s2-eth3,68268.00,4332010.00,4400278.00,4332010,68268,1014.00,1025.00,2039.00,1025,1014,0.00,0.00,0,0,546144.00,34656080.00,35202224.00,34656080,546144
1668556465.625632,s1-eth3,12074020.00,207018.00,12281038.00,207018,12074020,3278.00,3093.00,6371.00,3093,3278,0.00,0.00,0,0,96592160.00,1656144.00,98248304.00,1656144,96592160
1668556465.625646,s1-eth2,139656.00,7642808.00,7782464.00,7642808,139656,2086.00,2176.00,4262.00,2176,2086,0.00,0.00,0,0,1117248.00,61142464.00,62259712.00,61142464,1117248
1668556465.625674,s2-eth1,7642808.00,139656.00,7782464.00,139656,7642808,2176.00,2086.00,4262.00,2086,2176,0.00,0.00,0,0,61142464.00,1117248.00,62259712.00,1117248,61142464
1668556465.625700,total,20064218.00,19839262.00,39903480.00,19839262,20064218,10644.00,10549.00,21193.00,10549,10644,0.00,0.00,0,0,160513744.00,158714096.00,319227840.00,158714096,160513744
1668556466.625929,lo,110.00,110.00,220.00,110,110,2.00,2.00,4.00,2,2,0.00,0.00,0,0,880.00,880.00,1760.00,880,880
1668556466.625965,eth0,98.00,40.00,138.00,40,98,1.00,1.00,2.00,1,1,0.00,0.00,0,0,784.00,320.00,1104.00,320,784
1668556466.625977,docker0,0.00,0.00,0.00,0,0,0.00,0.00,0.00,0,0,0.00,0.00,0,0,0.00,0.00,0.00,0,0
1668556466.625987,s1-eth1,63492.00,4277700.00,4341192.00,4277700,63492,962.00,970.00,1932.00,970,962,0.00,0.00,0,0,507936.00,34221600.00,34729536.00,34221600,507936
1668556466.626005,s2-eth2,77022.00,3565068.00,3642090.00,3565068,77022,1167.00,1230.00,2397.00,1230,1167,0.00,0.00,0,0,616176.00,28520544.00,29136720.00,28520544,616176
1668556466.626019,s2-eth3,64152.00,4321866.00,4386018.00,4321866,64152,972.00,981.00,1953.00,981,972,0.00,0.00,0,0,513216.00,34574928.00,35088144.00,34574928,513216
1668556466.626045,s1-eth3,12065902.00,204600.00,12270502.00,204600,12065902,3155.00,3100.00,6255.00,3100,3155,0.00,0.00,0,0,96527216.00,1636800.00,98164016.00,1636800,96527216
1668556466.626059,s1-eth2,141174.00,7882458.00,8023632.00,7882458,141174,2139.00,2209.00,4348.00,2209,2139,0.00,0.00,0,0,1129392.00,63059664.00,64189056.00,63059664,1129392
1668556466.626072,s2-eth1,7882458.00,141174.00,8023632.00,141174,7882458,2209.00,2139.00,4348.00,2139,2209,0.00,0.00,0,0,63059664.00,1129392.00,64189056.00,1129392,63059664
1668556466.626094,total,20294408.00,20393016.00,40687424.00,20393016,20294408,10607.00,10632.00,21239.00,10632,10607,0.00,0.00,0,0,162355264.00,163144128.00,325499392.00,163144128,162355264
1668556467.626279,lo,0.00,0.00,0.00,0,0,0.00,0.00,0.00,0,0,0.00,0.00,0,0,0.00,0.00,0.00,0,0
1668556467.626315,eth0,0.00,0.00,0.00,0,0,0.00,0.00,0.00,0,0,0.00,0.00,0,0,0.00,0.00,0.00,0,0
1668556467.626338,docker0,0.00,0.00,0.00,0,0,0.00,0.00,0.00,0,0,0.00,0.00,0,0,0.00,0.00,0.00,0,0
1668556467.626350,s1-eth1,62766.00,4251240.00,4314006.00,4251240,62766,951.00,964.00,1915.00,964,951,0.00,0.00,0,0,502128.00,34009920.00,34512048.00,34009920,502128
1668556467.626364,s2-eth2,79332.00,3676176.00,3755508.00,3676176,79332,1202.00,1268.00,2470.00,1268,1202,0.00,0.00,0,0,634656.00,29409408.00,30044064.00,29409408,634656
1668556467.626389,s2-eth3,62502.00,4233666.00,4296168.00,4233666,62502,947.00,961.00,1908.00,961,947,0.00,0.00,0,0,500016.00,33869328.00,34369344.00,33869328,500016
1668556467.626417,s1-eth3,12068208.00,204732.00,12272940.00,204732,12068208,3168.00,3102.00,6270.00,3102,3168,0.00,0.00,0,0,96545664.00,1637856.00,98183520.00,1637856,96545664
1668556467.626432,s1-eth2,141900.00,7911356.00,8053256.00,7911356,141900,2150.00,2230.00,4380.00,2230,2150,0.00,0.00,0,0,1135200.00,63290848.00,64426048.00,63290848,1135200
1668556467.626445,s2-eth1,7911356.00,141900.00,8053256.00,141900,7911356,2230.00,2150.00,4380.00,2150,2230,0.00,0.00,0,0,63290848.00,1135200.00,64426048.00,1135200,63290848
1668556467.626467,total,20326064.00,20419070.00,40745136.00,20419070,20326064,10648.00,10675.00,21323.00,10675,10648,0.00,0.00,0,0,162608512.00,163352560.00,325961088.00,163352560,162608512
1668556468.626654,lo,344.00,344.00,688.00,344,344,6.00,6.00,12.00,6,6,0.00,0.00,0,0,2752.00,2752.00,5504.00,2752,2752
1668556468.626693,eth0,0.00,0.00,0.00,0,0,0.00,0.00,0.00,0,0,0.00,0.00,0,0,0.00,0.00,0.00,0,0
1668556468.626719,docker0,0.00,0.00,0.00,0,0,0.00,0.00,0.00,0,0,0.00,0.00,0,0,0.00,0.00,0.00,0,0
1668556468.626729,s1-eth1,63162.00,4246830.00,4309992.00,4246830,63162,957.00,963.00,1920.00,963,957,0.00,0.00,0,0,505296.00,33974640.00,34479936.00,33974640,505296
1668556468.626743,s2-eth2,79464.00,3682100.00,3761564.00,3682100,79464,1204.00,1270.00,2474.00,1270,1204,0.00,0.00,0,0,635712.00,29456800.00,30092512.00,29456800,635712
1668556468.626757,s2-eth3,62766.00,4220502.00,4283268.00,4220502,62766,951.00,959.00,1910.00,959,951,0.00,0.00,0,0,502128.00,33764016.00,34266144.00,33764016,502128
1668556468.626783,s1-eth3,12066694.00,205260.00,12271954.00,205260,12066694,3167.00,3110.00,6277.00,3110,3167,0.00,0.00,0,0,96533552.00,1642080.00,98175632.00,1642080,96533552
1668556468.626797,s1-eth2,142164.00,7901154.00,8043318.00,7901154,142164,2154.00,2229.00,4383.00,2229,2154,0.00,0.00,0,0,1137312.00,63209232.00,64346544.00,63209232,1137312
1668556468.626811,s2-eth1,7901154.00,142164.00,8043318.00,142164,7901154,2229.00,2154.00,4383.00,2154,2229,0.00,0.00,0,0,63209232.00,1137312.00,64346544.00,1137312,63209232
1668556468.626833,total,20315748.00,20398354.00,40714104.00,20398354,20315748,10668.00,10691.00,21359.00,10691,10668,0.00,0.00,0,0,162525984.00,163186832.00,325712832.00,163186832,162525984
1668556469.627123,lo,0.00,0.00,0.00,0,0,0.00,0.00,0.00,0,0,0.00,0.00,0,0,0.00,0.00,0.00,0,0
1668556469.627158,eth0,0.00,0.00,0.00,0,0,0.00,0.00,0.00,0,0,0.00,0.00,0,0,0.00,0.00,0.00,0,0
1668556469.627169,docker0,0.00,0.00,0.00,0,0,0.00,0.00,0.00,0,0,0.00,0.00,0,0,0.00,0.00,0.00,0,0
1668556469.627210,s1-eth1,62964.00,4229190.00,4292154.00,4229190,62964,954.00,959.00,1913.00,959,954,0.00,0.00,0,0,503712.00,33833520.00,34337232.00,33833520,503712
1668556469.627225,s2-eth2,80916.00,3745816.00,3826732.00,3745816,80916,1226.00,1292.00,2518.00,1292,1226,0.00,0.00,0,0,647328.00,29966528.00,30613856.00,29966528,647328
1668556469.627239,s2-eth3,62040.00,4163040.00,4225080.00,4163040,62040,940.00,944.00,1884.00,944,940,0.00,0.00,0,0,496320.00,33304320.00,33800640.00,33304320,496320
1668556469.627266,s1-eth3,12070250.00,205854.00,12276104.00,205854,12070250,3177.00,3119.00,6296.00,3119,3177,0.00,0.00,0,0,96562000.00,1646832.00,98208832.00,1646832,96562000
1668556469.627280,s1-eth2,142956.00,7913266.00,8056222.00,7913266,142956,2166.00,2237.00,4403.00,2237,2166,0.00,0.00,0,0,1143648.00,63306128.00,64449776.00,63306128,1143648
1668556469.627294,s2-eth1,7913266.00,142956.00,8056222.00,142956,7913266,2237.00,2166.00,4403.00,2166,2237,0.00,0.00,0,0,63306128.00,1143648.00,64449776.00,1143648,63306128
1668556469.627316,total,20332392.00,20400122.00,40732512.00,20400122,20332392,10700.00,10717.00,21417.00,10717,10700,0.00,0.00,0,0,162659136.00,163200976.00,325860096.00,163200976,162659136
1668556470.627566,lo,338.00,338.00,676.00,338,338,6.00,6.00,12.00,6,6,0.00,0.00,0,0,2704.00,2704.00,5408.00,2704,2704
1668556470.627615,eth0,206.00,208.00,414.00,208,206,3.00,3.00,6.00,3,3,0.00,0.00,0,0,1648.00,1664.00,3312.00,1664,1648
1668556470.627628,docker0,0.00,0.00,0.00,0,0,0.00,0.00,0.00,0,0,0.00,0.00,0,0,0.00,0.00,0.00,0,0
1668556470.627638,s1-eth1,61578.00,4755932.00,4817510.00,4755932,61578,933.00,954.00,1887.00,954,933,0.00,0.00,0,0,492624.00,38047456.00,38540080.00,38047456,492624
1668556470.627651,s2-eth2,73986.00,4176236.00,4250222.00,4176236,73986,1121.00,1122.00,2243.00,1122,1121,0.00,0.00,0,0,591888.00,33409888.00,34001776.00,33409888,591888
1668556470.627664,s2-eth3,57290.00,3068344.00,3125634.00,3068344,57290,853.00,900.00,1753.00,900,853,0.00,0.00,0,0,458320.00,24546752.00,25005072.00,24546752,458320
1668556470.627690,s1-eth3,12071142.00,192920.00,12264062.00,192920,12071142,3015.00,2908.00,5923.00,2908,3015,0.00,0.00,0,0,96569136.00,1543360.00,98112496.00,1543360,96569136
1668556470.627704,s1-eth2,131276.00,7243066.00,7374342.00,7243066,131276,1974.00,2021.00,3995.00,2021,1974,0.00,0.00,0,0,1050208.00,57944528.00,58994736.00,57944528,1050208
1668556470.627717,s2-eth1,7243066.00,131276.00,7374342.00,131276,7243066,2021.00,1974.00,3995.00,1974,2021,0.00,0.00,0,0,57944528.00,1050208.00,58994736.00,1050208,57944528
1668556470.627739,total,19638882.00,19568320.00,39207200.00,19568320,19638882,9926.00,9888.00,19814.00,9888,9926,0.00,0.00,0,0,157111056.00,156546560.00,313657600.00,156546560,157111056
1668556471.628067,lo,110.00,110.00,220.00,110,110,2.00,2.00,4.00,2,2,0.00,0.00,0,0,880.00,880.00,1760.00,880,880
1668556471.628124,eth0,98.00,40.00,138.00,40,98,1.00,1.00,2.00,1,1,0.00,0.00,0,0,784.00,320.00,1104.00,320,784
1668556471.628139,docker0,0.00,0.00,0.00,0,0,0.00,0.00,0.00,0,0,0.00,0.00,0,0,0.00,0.00,0.00,0,0
1668556471.628149,s1-eth1,56166.00,5006366.00,5062532.00,5006366,56166,851.00,931.00,1782.00,931,851,0.00,0.00,0,0,449328.00,40050928.00,40500256.00,40050928,449328
1668556471.628163,s2-eth2,66000.00,4436460.00,4502460.00,4436460,66000,1000.00,1006.00,2006.00,1006,1000,0.00,0.00,0,0,528000.00,35491680.00,36019680.00,35491680,528000
1668556471.628176,s2-eth3,58014.00,2692330.00,2750344.00,2692330,58014,879.00,929.00,1808.00,929,879,0.00,0.00,0,0,464112.00,21538640.00,22002752.00,21538640,464112
1668556471.628203,s1-eth3,12058144.00,180180.00,12238324.00,180180,12058144,2840.00,2730.00,5570.00,2730,2840,0.00,0.00,0,0,96465152.00,1441440.00,97906592.00,1441440,96465152
1668556471.628217,s1-eth2,124080.00,7130304.00,7254384.00,7130304,124080,1880.00,1936.00,3816.00,1936,1880,0.00,0.00,0,0,992640.00,57042432.00,58035072.00,57042432,992640
1668556471.628231,s2-eth1,7130304.00,124080.00,7254384.00,124080,7130304,1936.00,1880.00,3816.00,1880,1936,0.00,0.00,0,0,57042432.00,992640.00,58035072.00,992640,57042432
1668556471.628253,total,19492916.00,19569870.00,39062784.00,19569870,19492916,9389.00,9415.00,18804.00,9415,9389,0.00,0.00,0,0,155943328.00,156558960.00,312502272.00,156558960,155943328
1668556472.628468,lo,0.00,0.00,0.00,0,0,0.00,0.00,0.00,0,0,0.00,0.00,0,0,0.00,0.00,0.00,0,0
1668556472.628504,eth0,90.00,40.00,130.00,40,90,1.00,1.00,2.00,1,1,0.00,0.00,0,0,720.00,320.00,1040.00,320,720
1668556472.628563,docker0,0.00,0.00,0.00,0,0,0.00,0.00,0.00,0,0,0.00,0.00,0,0,0.00,0.00,0.00,0,0
1668556472.628577,s1-eth1,69822.00,4339262.00,4409084.00,4339262,69822,1045.00,1091.00,2136.00,1091,1045,0.00,0.00,0,0,558576.00,34714096.00,35272672.00,34714096,558576
1668556472.628592,s2-eth2,66924.00,4710858.00,4777782.00,4710858,66924,1014.00,1017.00,2031.00,1017,1014,0.00,0.00,0,0,535392.00,37686864.00,38222256.00,37686864,535392
1668556472.628605,s2-eth3,62964.00,2917508.00,2980472.00,2917508,62964,954.00,1006.00,1960.00,1006,954,0.00,0.00,0,0,503712.00,23340064.00,23843776.00,23340064,503712
1668556472.628633,s1-eth3,12063526.00,199710.00,12263236.00,199710,12063526,3119.00,3013.00,6132.00,3013,3119,0.00,0.00,0,0,96508208.00,1597680.00,98105888.00,1597680,96508208
1668556472.628648,s1-eth2,129822.00,7622442.00,7752264.00,7622442,129822,1967.00,2021.00,3988.00,2021,1967,0.00,0.00,0,0,1038576.00,60979536.00,62018112.00,60979536,1038576
1668556472.628697,s2-eth1,7622442.00,129822.00,7752264.00,129822,7622442,2021.00,1967.00,3988.00,1967,2021,0.00,0.00,0,0,60979536.00,1038576.00,62018112.00,1038576,60979536
1668556472.628723,total,20015590.00,19919642.00,39935232.00,19919642,20015590,10121.00,10116.00,20237.00,10116,10121,0.00,0.00,0,0,160124720.00,159357136.00,319481856.00,159357136,160124720
1668556473.628965,lo,344.00,344.00,688.00,344,344,6.00,6.00,12.00,6,6,0.00,0.00,0,0,2752.00,2752.00,5504.00,2752,2752
1668556473.629004,eth0,0.00,0.00,0.00,0,0,0.00,0.00,0.00,0,0,0.00,0.00,0,0,0.00,0.00,0.00,0,0
1668556473.629051,docker0,0.00,0.00,0.00,0,0,0.00,0.00,0.00,0,0,0.00,0.00,0,0,0.00,0.00,0.00,0,0
1668556473.629067,s1-eth1,69168.00,3194620.00,3263788.00,3194620,69168,1048.00,1102.00,2150.00,1102,1048,0.00,0.00,0,0,553344.00,25556960.00,26110304.00,25556960,553344
1668556473.629081,s2-eth2,58542.00,5328882.00,5387424.00,5328882,58542,887.00,969.00,1856.00,969,887,0.00,0.00,0,0,468336.00,42631056.00,43099392.00,42631056,468336
1668556473.629094,s2-eth3,78606.00,3634708.00,3713314.00,3634708,78606,1191.00,1254.00,2445.00,1254,1191,0.00,0.00,0,0,628848.00,29077664.00,29706512.00,29077664,628848
1668556473.629123,s1-eth3,12091796.00,206250.00,12298046.00,206250,12091796,3306.00,3125.00,6431.00,3125,3306,0.00,0.00,0,0,96734368.00,1650000.00,98384368.00,1650000,96734368
1668556473.629137,s1-eth2,137082.00,8968000.00,9105082.00,8968000,137082,2077.00,2224.00,4301.00,2224,2077,0.00,0.00,0,0,1096656.00,71744000.00,72840656.00,71744000,1096656
1668556473.629150,s2-eth1,8968000.00,137082.00,9105082.00,137082,8968000,2224.00,2077.00,4301.00,2077,2224,0.00,0.00,0,0,71744000.00,1096656.00,72840656.00,1096656,71744000
1668556473.629172,total,21403538.00,21469886.00,42873424.00,21469886,21403538,10739.00,10757.00,21496.00,10757,10739,0.00,0.00,0,0,171228304.00,171759088.00,342987392.00,171759088,171228304
1668556474.629392,lo,0.00,0.00,0.00,0,0,0.00,0.00,0.00,0,0,0.00,0.00,0,0,0.00,0.00,0.00,0,0
1668556474.629444,eth0,0.00,0.00,0.00,0,0,0.00,0.00,0.00,0,0,0.00,0.00,0,0,0.00,0.00,0.00,0,0
1668556474.629457,docker0,0.00,0.00,0.00,0,0,0.00,0.00,0.00,0,0,0.00,0.00,0,0,0.00,0.00,0.00,0,0
1668556474.629467,s1-eth1,49224.00,2100330.00,2149554.00,2100330,49224,728.00,757.00,1485.00,757,728,0.00,0.00,0,0,393792.00,16802640.00,17196432.00,16802640,393792
1668556474.629482,s2-eth2,65484.00,4664390.00,4729874.00,4664390,65484,984.00,1015.00,1999.00,1015,984,0.00,0.00,0,0,523872.00,37315120.00,37838992.00,37315120,523872
1668556474.629496,s2-eth3,73326.00,5078476.00,5151802.00,5078476,73326,1111.00,1146.00,2257.00,1146,1111,0.00,0.00,0,0,586608.00,40627808.00,41214416.00,40627808,586608
1668556474.629524,s1-eth3,12066072.00,188034.00,12254106.00,188034,12066072,3004.00,2823.00,5827.00,2823,3004,0.00,0.00,0,0,96528576.00,1504272.00,98032848.00,1504272,96528576
1668556474.629538,s1-eth2,138876.00,9739970.00,9878846.00,9739970,138876,2096.00,2161.00,4257.00,2161,2096,0.00,0.00,0,0,1111008.00,77919760.00,79030768.00,77919760,1111008
1668556474.629551,s2-eth1,9739970.00,138876.00,9878846.00,138876,9739970,2161.00,2096.00,4257.00,2096,2161,0.00,0.00,0,0,77919760.00,1111008.00,79030768.00,1111008,77919760
1668556474.629573,total,22132952.00,21910076.00,44043028.00,21910076,22132952,10084.00,9998.00,20082.00,9998,10084,0.00,0.00,0,0,177063616.00,175280608.00,352344224.00,175280608,177063616
1668556475.629790,lo,338.00,338.00,676.00,338,338,6.00,6.00,12.00,6,6,0.00,0.00,0,0,2704.00,2704.00,5408.00,2704,2704
1668556475.629825,eth0,206.00,208.00,414.00,208,206,3.00,3.00,6.00,3,3,0.00,0.00,0,0,1648.00,1664.00,3312.00,1664,1648
1668556475.629838,docker0,0.00,0.00,0.00,0,0,0.00,0.00,0.00,0,0,0.00,0.00,0,0,0.00,0.00,0.00,0,0
1668556475.629863,s1-eth1,42108.00,1961834.00,2003942.00,1961834,42108,638.00,677.00,1315.00,677,638,0.00,0.00,0,0,336864.00,15694672.00,16031536.00,15694672,336864
1668556475.629877,s2-eth2,65208.00,4396836.00,4462044.00,4396836,65208,988.00,998.00,1986.00,998,988,0.00,0.00,0,0,521664.00,35174688.00,35696352.00,35174688,521664
1668556475.629890,s2-eth3,63426.00,5792060.00,5855486.00,5792060,63426,961.00,1054.00,2015.00,1054,961,0.00,0.00,0,0,507408.00,46336480.00,46843888.00,46336480,507408
1668556475.629928,s1-eth3,12061016.00,170742.00,12231758.00,170742,12061016,2708.00,2587.00,5295.00,2587,2708,0.00,0.00,0,0,96488128.00,1365936.00,97854064.00,1365936,96488128
1668556475.629942,s1-eth2,128568.00,10191858.00,10320426.00,10191858,128568,1948.00,2053.00,4001.00,2053,1948,0.00,0.00,0,0,1028544.00,81534864.00,82563408.00,81534864,1028544
1668556475.629956,s2-eth1,10191858.00,128568.00,10320426.00,128568,10191858,2053.00,1948.00,4001.00,1948,2053,0.00,0.00,0,0,81534864.00,1028544.00,82563408.00,1028544,81534864
1668556475.629977,total,22552728.00,22642444.00,45195172.00,22642444,22552728,9305.00,9326.00,18631.00,9326,9305,0.00,0.00,0,0,180421824.00,181139552.00,361561376.00,181139552,180421824
1668556476.630202,lo,110.00,110.00,220.00,110,110,2.00,2.00,4.00,2,2,0.00,0.00,0,0,880.00,880.00,1760.00,880,880
1668556476.630236,eth0,98.00,40.00,138.00,40,98,1.00,1.00,2.00,1,1,0.00,0.00,0,0,784.00,320.00,1104.00,320,784
1668556476.630250,docker0,0.00,0.00,0.00,0,0,0.00,0.00,0.00,0,0,0.00,0.00,0,0,0.00,0.00,0.00,0,0
1668556476.630260,s1-eth1,48444.00,2255204.00,2303648.00,2255204,48444,734.00,778.00,1512.00,778,734,0.00,0.00,0,0,387552.00,18041632.00,18429184.00,18041632,387552
1668556476.630274,s2-eth2,65472.00,4392360.00,4457832.00,4392360,65472,992.00,996.00,1988.00,996,992,0.00,0.00,0,0,523776.00,35138880.00,35662656.00,35138880,523776
1668556476.630287,s2-eth3,60258.00,5503306.00,5563564.00,5503306,60258,913.00,1001.00,1914.00,1001,913,0.00,0.00,0,0,482064.00,44026448.00,44508512.00,44026448,482064
1668556476.630313,s1-eth3,12067014.00,174240.00,12241254.00,174240,12067014,2755.00,2640.00,5395.00,2640,2755,0.00,0.00,0,0,96536112.00,1393920.00,97930032.00,1393920,96536112
1668556476.630327,s1-eth2,125796.00,9892704.00,10018500.00,9892704,125796,1906.00,1996.00,3902.00,1996,1906,0.00,0.00,0,0,1006368.00,79141632.00,80148000.00,79141632,1006368
1668556476.630340,s2-eth1,9892704.00,125796.00,10018500.00,125796,9892704,1996.00,1906.00,3902.00,1906,1996,0.00,0.00,0,0,79141632.00,1006368.00,80148000.00,1006368,79141632
1668556476.630362,total,22259896.00,22343760.00,44603656.00,22343760,22259896,9299.00,9320.00,18619.00,9320,9299,0.00,0.00,0,0,178079168.00,178750080.00,356829248.00,178750080,178079168
1668556477.630550,lo,0.00,0.00,0.00,0,0,0.00,0.00,0.00,0,0,0.00,0.00,0,0,0.00,0.00,0.00,0,0
1668556477.630587,eth0,0.00,0.00,0.00,0,0,0.00,0.00,0.00,0,0,0.00,0.00,0,0,0.00,0.00,0.00,0,0
1668556477.630615,docker0,0.00,0.00,0.00,0,0,0.00,0.00,0.00,0,0,0.00,0.00,0,0,0.00,0.00,0.00,0,0
1668556477.630627,s1-eth1,52998.00,2458200.00,2511198.00,2458200,52998,803.00,848.00,1651.00,848,803,0.00,0.00,0,0,423984.00,19665600.00,20089584.00,19665600,423984
1668556477.630641,s2-eth2,64614.00,4352670.00,4417284.00,4352670,64614,979.00,987.00,1966.00,987,979,0.00,0.00,0,0,516912.00,34821360.00,35338272.00,34821360,516912
1668556477.630654,s2-eth3,58410.00,5312822.00,5371232.00,5312822,58410,885.00,967.00,1852.00,967,885,0.00,0.00,0,0,467280.00,42502576.00,42969856.00,42502576,467280
1668556477.630681,s1-eth3,12051354.00,175956.00,12227310.00,175956,12051354,2781.00,2666.00,5447.00,2666,2781,0.00,0.00,0,0,96410832.00,1407648.00,97818480.00,1407648,96410832
1668556477.630695,s1-eth2,123024.00,9668454.00,9791478.00,9668454,123024,1864.00,1955.00,3819.00,1955,1864,0.00,0.00,0,0,984192.00,77347632.00,78331824.00,77347632,984192
1668556477.630709,s2-eth1,9668454.00,123024.00,9791478.00,123024,9668454,1955.00,1864.00,3819.00,1864,1955,0.00,0.00,0,0,77347632.00,984192.00,78331824.00,984192,77347632
1668556477.630731,total,22018854.00,22091126.00,44109980.00,22091126,22018854,9267.00,9287.00,18554.00,9287,9267,0.00,0.00,0,0,176150832.00,176729008.00,352879840.00,176729008,176150832
1668556478.630991,lo,344.00,344.00,688.00,344,344,6.00,6.00,12.00,6,6,0.00,0.00,0,0,2752.00,2752.00,5504.00,2752,2752
1668556478.631030,eth0,90.00,76.00,166.00,76,90,1.00,1.00,2.00,1,1,0.00,0.00,0,0,720.00,608.00,1328.00,608,720
1668556478.631055,docker0,0.00,0.00,0.00,0,0,0.00,0.00,0.00,0,0,0.00,0.00,0,0,0.00,0.00,0.00,0,0
1668556478.631065,s1-eth1,57024.00,2641910.00,2698934.00,2641910,57024,864.00,911.00,1775.00,911,864,0.00,0.00,0,0,456192.00,21135280.00,21591472.00,21135280,456192
1668556478.631078,s2-eth2,64020.00,4299816.00,4363836.00,4299816,64020,970.00,976.00,1946.00,976,970,0.00,0.00,0,0,512160.00,34398528.00,34910688.00,34398528,512160
1668556478.631092,s2-eth3,56892.00,5196978.00,5253870.00,5196978,56892,862.00,945.00,1807.00,945,862,0.00,0.00,0,0,455136.00,41575824.00,42030960.00,41575824,455136
1668556478.631119,s1-eth3,12069592.00,178002.00,12247594.00,178002,12069592,2816.00,2697.00,5513.00,2697,2816,0.00,0.00,0,0,96556736.00,1424016.00,97980752.00,1424016,96556736
1668556478.631133,s1-eth2,120912.00,9496794.00,9617706.00,9496794,120912,1832.00,1921.00,3753.00,1921,1832,0.00,0.00,0,0,967296.00,75974352.00,76941648.00,75974352,967296
1668556478.631146,s2-eth1,9496794.00,120912.00,9617706.00,120912,9496794,1921.00,1832.00,3753.00,1832,1921,0.00,0.00,0,0,75974352.00,967296.00,76941648.00,967296,75974352
1668556478.631169,total,21865668.00,21934832.00,43800500.00,21934832,21865668,9272.00,9289.00,18561.00,9289,9272,0.00,0.00,0,0,174925344.00,175478656.00,350404000.00,175478656,174925344
1668556479.631348,lo,0.00,0.00,0.00,0,0,0.00,0.00,0.00,0,0,0.00,0.00,0,0,0.00,0.00,0.00,0,0
1668556479.631381,eth0,0.00,0.00,0.00,0,0,0.00,0.00,0.00,0,0,0.00,0.00,0,0,0.00,0.00,0.00,0,0
1668556479.631426,docker0,0.00,0.00,0.00,0,0,0.00,0.00,0.00,0,0,0.00,0.00,0,0,0.00,0.00,0.00,0,0
1668556479.631437,s1-eth1,58608.00,2713064.00,2771672.00,2713064,58608,888.00,936.00,1824.00,936,888,0.00,0.00,0,0,468864.00,21704512.00,22173376.00,21704512,468864
1668556479.631452,s2-eth2,64020.00,4299882.00,4363902.00,4299882,64020,970.00,977.00,1947.00,977,970,0.00,0.00,0,0,512160.00,34399056.00,34911216.00,34399056,512160
1668556479.631465,s2-eth3,56166.00,5109108.00,5165274.00,5109108,56166,851.00,930.00,1781.00,930,851,0.00,0.00,0,0,449328.00,40872864.00,41322192.00,40872864,449328
1668556479.631493,s1-eth3,12058668.00,178794.00,12237462.00,178794,12058668,2826.00,2709.00,5535.00,2709,2826,0.00,0.00,0,0,96469344.00,1430352.00,97899696.00,1430352,96469344
1668556479.631507,s1-eth2,120252.00,9403132.00,9523384.00,9403132,120252,1822.00,1906.00,3728.00,1906,1822,0.00,0.00,0,0,962016.00,75225056.00,76187072.00,75225056,962016
1668556479.631520,s2-eth1,9403132.00,120252.00,9523384.00,120252,9403132,1906.00,1822.00,3728.00,1822,1906,0.00,0.00,0,0,75225056.00,962016.00,76187072.00,962016,75225056
1668556479.631569,total,21760846.00,21824232.00,43585080.00,21824232,21760846,9263.00,9280.00,18543.00,9280,9263,0.00,0.00,0,0,174086768.00,174593856.00,348680640.00,174593856,174086768
1668556480.631832,lo,338.00,338.00,676.00,338,338,6.00,6.00,12.00,6,6,0.00,0.00,0,0,2704.00,2704.00,5408.00,2704,2704
1668556480.631892,eth0,264.00,208.00,472.00,208,264,4.00,3.00,7.00,3,4,0.00,0.00,0,0,2112.00,1664.00,3776.00,1664,2112
1668556480.631906,docker0,0.00,0.00,0.00,0,0,0.00,0.00,0.00,0,0,0.00,0.00,0,0,0.00,0.00,0.00,0,0
1668556480.631917,s1-eth1,67980.00,3956124.00,4024104.00,3956124,67980,1030.00,1034.00,2064.00,1034,1030,0.00,0.00,0,0,543840.00,31648992.00,32192832.00,31648992,543840
1668556480.631930,s2-eth2,69292.00,3567676.00,3636968.00,3567676,69292,1036.00,1094.00,2130.00,1094,1036,0.00,0.00,0,0,554336.00,28541408.00,29095744.00,28541408,554336
1668556480.631943,s2-eth3,60996.00,4279998.00,4340994.00,4279998,60996,914.00,939.00,1853.00,939,914,0.00,0.00,0,0,487968.00,34239984.00,34727952.00,34239984,487968
1668556480.631970,s1-eth3,12071950.00,198334.00,12270284.00,198334,12071950,3115.00,2981.00,6096.00,2981,3115,0.00,0.00,0,0,96575600.00,1586672.00,98162272.00,1586672,96575600
1668556480.631984,s1-eth2,130288.00,7853466.00,7983754.00,7853466,130288,1950.00,2033.00,3983.00,2033,1950,0.00,0.00,0,0,1042304.00,62827728.00,63870032.00,62827728,1042304
1668556480.631998,s2-eth1,7853466.00,130288.00,7983754.00,130288,7853466,2033.00,1950.00,3983.00,1950,2033,0.00,0.00,0,0,62827728.00,1042304.00,63870032.00,1042304,62827728
1668556480.632067,total,20254574.00,19986432.00,40241008.00,19986432,20254574,10088.00,10040.00,20128.00,10040,10088,0.00,0.00,0,0,162036592.00,159891456.00,321928064.00,159891456,162036592
1668556481.632309,lo,110.00,110.00,220.00,110,110,2.00,2.00,4.00,2,2,0.00,0.00,0,0,880.00,880.00,1760.00,880,880
1668556481.632371,eth0,98.00,40.00,138.00,40,98,1.00,1.00,2.00,1,1,0.00,0.00,0,0,784.00,320.00,1104.00,320,784
1668556481.632386,docker0,0.00,0.00,0.00,0,0,0.00,0.00,0.00,0,0,0.00,0.00,0,0,0.00,0.00,0.00,0,0
1668556481.632396,s1-eth1,67758.00,4551294.00,4619052.00,4551294,67758,1027.00,1035.00,2062.00,1035,1027,0.00,0.00,0,0,542064.00,36410352.00,36952416.00,36410352,542064
1668556481.632410,s2-eth2,76272.00,3536938.00,3613210.00,3536938,76272,1156.00,1221.00,2377.00,1221,1156,0.00,0.00,0,0,610176.00,28295504.00,28905680.00,28295504,610176
1668556481.632423,s2-eth3,60630.00,4066128.00,4126758.00,4066128,60630,919.00,924.00,1843.00,924,919,0.00,0.00,0,0,485040.00,32529024.00,33014064.00,32529024,485040
1668556481.632451,s1-eth3,12068858.00,204594.00,12273452.00,204594,12068858,3157.00,3101.00,6258.00,3101,3157,0.00,0.00,0,0,96550864.00,1636752.00,98187616.00,1636752,96550864
1668556481.632465,s1-eth2,136836.00,7600170.00,7737006.00,7600170,136836,2074.00,2145.00,4219.00,2145,2074,0.00,0.00,0,0,1094688.00,60801360.00,61896048.00,60801360,1094688
1668556481.632479,s2-eth1,7600170.00,136836.00,7737006.00,136836,7600170,2145.00,2074.00,4219.00,2074,2145,0.00,0.00,0,0,60801360.00,1094688.00,61896048.00,1094688,60801360
1668556481.632519,total,20010732.00,20096110.00,40106840.00,20096110,20010732,10481.00,10503.00,20984.00,10503,10481,0.00,0.00,0,0,160085856.00,160768880.00,320854720.00,160768880,160085856
1668556482.632752,lo,0.00,0.00,0.00,0,0,0.00,0.00,0.00,0,0,0.00,0.00,0,0,0.00,0.00,0.00,0,0
1668556482.632785,eth0,0.00,0.00,0.00,0,0,0.00,0.00,0.00,0,0,0.00,0.00,0,0,0.00,0.00,0.00,0,0
1668556482.632796,docker0,0.00,0.00,0.00,0,0,0.00,0.00,0.00,0,0,0.00,0.00,0,0,0.00,0.00,0.00,0,0
1668556482.632806,s1-eth1,66660.00,4480758.00,4547418.00,4480758,66660,1010.00,1019.00,2029.00,1019,1010,0.00,0.00,0,0,533280.00,35846064.00,36379344.00,35846064,533280
1668556482.632820,s2-eth2,76560.00,3533934.00,3610494.00,3533934,76560,1160.00,1219.00,2379.00,1219,1160,0.00,0.00,0,0,612480.00,28271472.00,28883952.00,28271472,612480
1668556482.632833,s2-eth3,61248.00,4127760.00,4189008.00,4127760,61248,928.00,936.00,1864.00,936,928,0.00,0.00,0,0,489984.00,33022080.00,33512064.00,33022080,489984
1668556482.632864,s1-eth3,12066034.00,204600.00,12270634.00,204600,12066034,3157.00,3100.00,6257.00,3100,3157,0.00,0.00,0,0,96528272.00,1636800.00,98165072.00,1636800,96528272
1668556482.632880,s1-eth2,137874.00,7663142.00,7801016.00,7663142,137874,2089.00,2155.00,4244.00,2155,2089,0.00,0.00,0,0,1102992.00,61305136.00,62408128.00,61305136,1102992
1668556482.632894,s2-eth1,7663142.00,137874.00,7801016.00,137874,7663142,2155.00,2089.00,4244.00,2089,2155,0.00,0.00,0,0,61305136.00,1102992.00,62408128.00,1102992,61305136
1668556482.632916,total,20071518.00,20148068.00,40219584.00,20148068,20071518,10499.00,10518.00,21017.00,10518,10499,0.00,0.00,0,0,160572144.00,161184544.00,321756672.00,161184544,160572144
1668556483.633150,lo,344.00,344.00,688.00,344,344,6.00,6.00,12.00,6,6,0.00,0.00,0,0,2752.00,2752.00,5504.00,2752,2752
1668556483.633191,eth0,0.00,0.00,0.00,0,0,0.00,0.00,0.00,0,0,0.00,0.00,0,0,0.00,0.00,0.00,0,0
1668556483.633203,docker0,0.00,0.00,0.00,0,0,0.00,0.00,0.00,0,0,0.00,0.00,0,0,0.00,0.00,0.00,0,0
1668556483.633213,s1-eth1,66198.00,4783192.00,4849390.00,4783192,66198,1003.00,1016.00,2019.00,1016,1003,0.00,0.00,0,0,529584.00,38265536.00,38795120.00,38265536,529584
1668556483.633227,s2-eth2,76098.00,3890134.00,3966232.00,3890134,76098,1153.00,1175.00,2328.00,1175,1153,0.00,0.00,0,0,608784.00,31121072.00,31729856.00,31121072,608784
1668556483.633240,s2-eth3,55776.00,3326872.00,3382648.00,3326872,55776,836.00,868.00,1704.00,868,836,0.00,0.00,0,0,446208.00,26614976.00,27061184.00,26614976,446208
1668556483.633267,s1-eth3,12066484.00,198006.00,12264490.00,198006,12066484,3098.00,2991.00,6089.00,2991,3098,0.00,0.00,0,0,96531872.00,1584048.00,98115920.00,1584048,96531872
1668556483.633292,s1-eth2,131874.00,7218454.00,7350328.00,7218454,131874,1989.00,2043.00,4032.00,2043,1989,0.00,0.00,0,0,1054992.00,57747632.00,58802624.00,57747632,1054992
1668556483.633309,s2-eth1,7218454.00,131874.00,7350328.00,131874,7218454,2043.00,1989.00,4032.00,1989,2043,0.00,0.00,0,0,57747632.00,1054992.00,58802624.00,1054992,57747632
1668556483.633332,total,19615228.00,19548876.00,39164104.00,19548876,19615228,10128.00,10088.00,20216.00,10088,10128,0.00,0.00,0,0,156921824.00,156391008.00,313312832.00,156391008,156921824
1668556484.633566,lo,0.00,0.00,0.00,0,0,0.00,0.00,0.00,0,0,0.00,0.00,0,0,0.00,0.00,0.00,0,0
1668556484.633601,eth0,0.00,0.00,0.00,0,0,0.00,0.00,0.00,0,0,0.00,0.00,0,0,0.00,0.00,0.00,0,0
1668556484.633612,docker0,0.00,0.00,0.00,0,0,0.00,0.00,0.00,0,0,0.00,0.00,0,0,0.00,0.00,0.00,0,0
1668556484.633622,s1-eth1,57552.00,5223438.00,5280990.00,5223438,57552,872.00,951.00,1823.00,951,872,0.00,0.00,0,0,460416.00,41787504.00,42247920.00,41787504,460416
1668556484.633636,s2-eth2,64218.00,4313112.00,4377330.00,4313112,64218,973.00,980.00,1953.00,980,973,0.00,0.00,0,0,513744.00,34504896.00,35018640.00,34504896,513744
1668556484.633649,s2-eth3,56100.00,2597480.00,2653580.00,2597480,56100,850.00,896.00,1746.00,896,850,0.00,0.00,0,0,448800.00,20779840.00,21228640.00,20779840,448800
1668556484.633675,s1-eth3,12071894.00,177804.00,12249698.00,177804,12071894,2807.00,2694.00,5501.00,2694,2807,0.00,0.00,0,0,96575152.00,1422432.00,97997584.00,1422432,96575152
1668556484.633690,s1-eth2,120252.00,6910592.00,7030844.00,6910592,120252,1822.00,1876.00,3698.00,1876,1822,0.00,0.00,0,0,962016.00,55284736.00,56246752.00,55284736,962016
1668556484.633703,s2-eth1,6910592.00,120252.00,7030844.00,120252,6910592,1876.00,1822.00,3698.00,1822,1876,0.00,0.00,0,0,55284736.00,962016.00,56246752.00,962016,55284736
1668556484.633725,total,19280608.00,19342678.00,38623288.00,19342678,19280608,9200.00,9219.00,18419.00,9219,9200,0.00,0.00,0,0,154244864.00,154741424.00,308986304.00,154741424,154244864
1668556485.633961,lo,338.00,338.00,676.00,338,338,6.00,6.00,12.00,6,6,0.00,0.00,0,0,2704.00,2704.00,5408.00,2704,2704
1668556485.633998,eth0,206.00,208.00,414.00,208,206,3.00,3.00,6.00,3,3,0.00,0.00,0,0,1648.00,1664.00,3312.00,1664,1648
1668556485.634010,docker0,0.00,0.00,0.00,0,0,0.00,0.00,0.00,0,0,0.00,0.00,0,0,0.00,0.00,0.00,0,0
1668556485.634020,s1-eth1,56760.00,5179404.00,5236164.00,5179404,56760,860.00,942.00,1802.00,942,860,0.00,0.00,0,0,454080.00,41435232.00,41889312.00,41435232,454080
1668556485.634034,s2-eth2,63624.00,4268946.00,4332570.00,4268946,63624,964.00,969.00,1933.00,969,964,0.00,0.00,0,0,508992.00,34151568.00,34660560.00,34151568,508992
1668556485.634046,s2-eth3,57882.00,2683444.00,2741326.00,2683444,57882,877.00,926.00,1803.00,926,877,0.00,0.00,0,0,463056.00,21467552.00,21930608.00,21467552,463056
1668556485.634072,s1-eth3,12061168.00,178266.00,12239434.00,178266,12061168,2820.00,2701.00,5521.00,2701,2820,0.00,0.00,0,0,96489344.00,1426128.00,97915472.00,1426128,96489344
1668556485.634086,s1-eth2,121506.00,6958314.00,7079820.00,6958314,121506,1841.00,1897.00,3738.00,1897,1841,0.00,0.00,0,0,972048.00,55666512.00,56638560.00,55666512,972048
1668556485.634100,s2-eth1,6958314.00,121506.00,7079820.00,121506,6958314,1897.00,1841.00,3738.00,1841,1897,0.00,0.00,0,0,55666512.00,972048.00,56638560.00,972048,55666512
1668556485.634124,total,19319798.00,19390426.00,38710224.00,19390426,19319798,9268.00,9285.00,18553.00,9285,9268,0.00,0.00,0,0,154558384.00,155123408.00,309681792.00,155123408,154558384
1668556486.634353,lo,110.00,110.00,220.00,110,110,2.00,2.00,4.00,2,2,0.00,0.00,0,0,880.00,880.00,1760.00,880,880
1668556486.634389,eth0,98.00,40.00,138.00,40,98,1.00,1.00,2.00,1,1,0.00,0.00,0,0,784.00,320.00,1104.00,320,784
1668556486.634402,docker0,0.00,0.00,0.00,0,0,0.00,0.00,0.00,0,0,0.00,0.00,0,0,0.00,0.00,0.00,0,0
1668556486.634429,s1-eth1,55902.00,5090020.00,5145922.00,5090020,55902,847.00,926.00,1773.00,926,847,0.00,0.00,0,0,447216.00,40720160.00,41167376.00,40720160,447216
1668556486.634501,s2-eth2,63222.00,4193188.00,4256410.00,4193188,63222,953.00,962.00,1915.00,962,953,0.00,0.00,0,0,505776.00,33545504.00,34051280.00,33545504,505776
1668556486.634516,s2-eth3,59800.00,2754532.00,2814332.00,2754532,59800,906.00,950.00,1856.00,950,906,0.00,0.00,0,0,478400.00,22036256.00,22514656.00,22036256,478400
1668556486.634546,s1-eth3,12062224.00,178920.00,12241144.00,178920,12062224,2836.00,2706.00,5542.00,2706,2836,0.00,0.00,0,0,96497792.00,1431360.00,97929152.00,1431360,96497792
1668556486.634561,s1-eth2,123018.00,6938834.00,7061852.00,6938834,123018,1859.00,1909.00,3768.00,1909,1859,0.00,0.00,0,0,984144.00,55510672.00,56494816.00,55510672,984144
1668556486.634574,s2-eth1,6938834.00,123018.00,7061852.00,123018,6938834,1909.00,1859.00,3768.00,1859,1909,0.00,0.00,0,0,55510672.00,984144.00,56494816.00,984144,55510672
1668556486.634596,total,19303208.00,19278662.00,38581872.00,19278662,19303208,9313.00,9315.00,18628.00,9315,9313,0.00,0.00,0,0,154425664.00,154229296.00,308654976.00,154229296,154425664
1668556487.634826,lo,0.00,0.00,0.00,0,0,0.00,0.00,0.00,0,0,0.00,0.00,0,0,0.00,0.00,0.00,0,0
1668556487.634861,eth0,0.00,0.00,0.00,0,0,0.00,0.00,0.00,0,0,0.00,0.00,0,0,0.00,0.00,0.00,0,0
1668556487.634872,docker0,0.00,0.00,0.00,0,0,0.00,0.00,0.00,0,0,0.00,0.00,0,0,0.00,0.00,0.00,0,0
1668556487.634896,s1-eth1,66438.00,6029738.00,6096176.00,6029738,66438,1005.00,1101.00,2106.00,1101,1005,0.00,0.00,0,0,531504.00,48237904.00,48769408.00,48237904,531504
1668556487.634911,s2-eth2,55080.00,2592872.00,2647952.00,2592872,55080,830.00,892.00,1722.00,892,830,0.00,0.00,0,0,440640.00,20742976.00,21183616.00,20742976,440640
1668556487.634925,s2-eth3,74448.00,3440598.00,3515046.00,3440598,74448,1128.00,1187.00,2315.00,1187,1128,0.00,0.00,0,0,595584.00,27524784.00,28120368.00,27524784,595584
1668556487.634955,s1-eth3,12092824.00,196056.00,12288880.00,196056,12092824,3168.00,2964.00,6132.00,2964,3168,0.00,0.00,0,0,96742592.00,1568448.00,98311040.00,1568448,96742592
1668556487.634969,s1-eth2,129462.00,6036432.00,6165894.00,6036432,129462,1957.00,2080.00,4037.00,2080,1957,0.00,0.00,0,0,1035696.00,48291456.00,49327152.00,48291456,1035696
1668556487.634983,s2-eth1,6036432.00,129462.00,6165894.00,129462,6036432,2080.00,1957.00,4037.00,1957,2080,0.00,0.00,0,0,48291456.00,1035696.00,49327152.00,1035696,48291456
1668556487.635005,total,18454684.00,18425158.00,36879840.00,18425158,18454684,10168.00,10181.00,20349.00,10181,10168,0.00,0.00,0,0,147637472.00,147401264.00,295038720.00,147401264,147637472
1668556488.635277,lo,772.00,772.00,1544.00,772,772,6.00,6.00,12.00,6,6,0.00,0.00,0,0,6176.00,6176.00,12352.00,6176,6176
1668556488.635351,eth0,90.00,76.00,166.00,76,90,1.00,1.00,2.00,1,1,0.00,0.00,0,0,720.00,608.00,1328.00,608,720
1668556488.635367,docker0,0.00,0.00,0.00,0,0,0.00,0.00,0.00,0,0,0.00,0.00,0,0,0.00,0.00,0.00,0,0
1668556488.635378,s1-eth1,63238.00,3943996.00,4007234.00,3943996,63238,947.00,938.00,1885.00,938,947,0.00,0.00,0,0,505904.00,31551968.00,32057872.00,31551968,505904
1668556488.635392,s2-eth2,77550.00,3579948.00,3657498.00,3579948,77550,1175.00,1236.00,2411.00,1236,1175,0.00,0.00,0,0,620400.00,28639584.00,29259984.00,28639584,620400
1668556488.635405,s2-eth3,69832.00,4455160.00,4524992.00,4455160,69832,1058.00,1048.00,2106.00,1048,1058,0.00,0.00,0,0,558656.00,35641280.00,36199936.00,35641280,558656
1668556488.635433,s1-eth3,12068228.00,210456.00,12278684.00,210456,12068228,3256.00,3178.00,6434.00,3178,3256,0.00,0.00,0,0,96545824.00,1683648.00,98229472.00,1683648,96545824
1668556488.635447,s1-eth2,147378.00,8033660.00,8181038.00,8033660,147378,2233.00,2284.00,4517.00,2284,2233,0.00,0.00,0,0,1179024.00,64269280.00,65448304.00,64269280,1179024
1668556488.635460,s2-eth1,8033660.00,147378.00,8181038.00,147378,8033660,2284.00,2233.00,4517.00,2233,2284,0.00,0.00,0,0,64269280.00,1179024.00,65448304.00,1179024,64269280
1668556488.635529,total,20460748.00,20371446.00,40832192.00,20371446,20460748,10960.00,10924.00,21884.00,10924,10960,0.00,0.00,0,0,163685984.00,162971568.00,326657536.00,162971568,163685984
1668556489.635730,lo,0.00,0.00,0.00,0,0,0.00,0.00,0.00,0,0,0.00,0.00,0,0,0.00,0.00,0.00,0,0
1668556489.635769,eth0,0.00,0.00,0.00,0,0,0.00,0.00,0.00,0,0,0.00,0.00,0,0,0.00,0.00,0.00,0,0
1668556489.635780,docker0,0.00,0.00,0.00,0,0,0.00,0.00,0.00,0,0,0.00,0.00,0,0,0.00,0.00,0.00,0,0
1668556489.635790,s1-eth1,59796.00,4022118.00,4081914.00,4022118,59796,906.00,915.00,1821.00,915,906,0.00,0.00,0,0,478368.00,32176944.00,32655312.00,32176944,478368
1668556489.635825,s2-eth2,77946.00,3609498.00,3687444.00,3609498,77946,1181.00,1245.00,2426.00,1245,1181,0.00,0.00,0,0,623568.00,28875984.00,29499552.00,28875984,623568
1668556489.635839,s2-eth3,67188.00,4515972.00,4583160.00,4515972,67188,1018.00,1026.00,2044.00,1026,1018,0.00,0.00,0,0,537504.00,36127776.00,36665280.00,36127776,537504
1668556489.635866,s1-eth3,12069392.00,204864.00,12274256.00,204864,12069392,3164.00,3104.00,6268.00,3104,3164,0.00,0.00,0,0,96555136.00,1638912.00,98194048.00,1638912,96555136
1668556489.635881,s1-eth2,145134.00,8125470.00,8270604.00,8125470,145134,2199.00,2271.00,4470.00,2271,2199,0.00,0.00,0,0,1161072.00,65003760.00,66164832.00,65003760,1161072
1668556489.635894,s2-eth1,8125470.00,145134.00,8270604.00,145134,8125470,2271.00,2199.00,4470.00,2199,2271,0.00,0.00,0,0,65003760.00,1161072.00,66164832.00,1161072,65003760
1668556489.635916,total,20544926.00,20623056.00,41167984.00,20623056,20544926,10739.00,10760.00,21499.00,10760,10739,0.00,0.00,0,0,164359408.00,164984448.00,329343872.00,164984448,164359408
1668556490.636151,lo,724.00,724.00,1448.00,724,724,9.00,9.00,18.00,9,9,0.00,0.00,0,0,5792.00,5792.00,11584.00,5792,5792
1668556490.636188,eth0,242.00,248.00,490.00,248,242,3.00,4.00,7.00,4,3,0.00,0.00,0,0,1936.00,1984.00,3920.00,1984,1936
1668556490.636201,docker0,0.00,0.00,0.00,0,0,0.00,0.00,0.00,0,0,0.00,0.00,0,0,0.00,0.00,0.00,0,0
1668556490.636211,s1-eth1,61688.00,3736668.00,3798356.00,3736668,61688,910.00,934.00,1844.00,934,910,0.00,0.00,0,0,493504.00,29893344.00,30386848.00,29893344,493504
1668556490.636225,s2-eth2,81514.00,4014084.00,4095598.00,4014084,81514,1235.00,1254.00,2489.00,1254,1235,0.00,0.00,0,0,652112.00,32112672.00,32764784.00,32112672,652112
1668556490.636238,s2-eth3,65470.00,4119480.00,4184950.00,4119480,65470,983.00,1008.00,1991.00,1008,983,0.00,0.00,0,0,523760.00,32955840.00,33479600.00,32955840,523760
1668556490.636282,s1-eth3,12080530.00,208400.00,12288930.00,208400,12080530,3245.00,3124.00,6369.00,3124,3245,0.00,0.00,0,0,96644240.00,1667200.00,98311440.00,1667200,96644240
1668556490.636299,s1-eth2,146848.00,8135012.00,8281860.00,8135012,146848,2216.00,2262.00,4478.00,2262,2216,0.00,0.00,0,0,1174784.00,65080096.00,66254880.00,65080096,1174784
1668556490.636312,s2-eth1,8135012.00,146848.00,8281860.00,146848,8135012,2262.00,2216.00,4478.00,2216,2262,0.00,0.00,0,0,65080096.00,1174784.00,66254880.00,1174784,65080096
1668556490.636334,total,20572028.00,20361464.00,40933492.00,20361464,20572028,10863.00,10811.00,21674.00,10811,10863,0.00,0.00,0,0,164576224.00,162891712.00,327467936.00,162891712,164576224
1668556491.636511,lo,110.00,110.00,220.00,110,110,2.00,2.00,4.00,2,2,0.00,0.00,0,0,880.00,880.00,1760.00,880,880
1668556491.636590,eth0,98.00,40.00,138.00,40,98,1.00,1.00,2.00,1,1,0.00,0.00,0,0,784.00,320.00,1104.00,320,784
1668556491.636605,docker0,0.00,0.00,0.00,0,0,0.00,0.00,0.00,0,0,0.00,0.00,0,0,0.00,0.00,0.00,0,0
1668556491.636615,s1-eth1,70422.00,3270184.00,3340606.00,3270184,70422,1067.00,1128.00,2195.00,1128,1067,0.00,0.00,0,0,563376.00,26161472.00,26724848.00,26161472,563376
1668556491.636629,s2-eth2,59994.00,5485732.00,5545726.00,5485732,59994,909.00,998.00,1907.00,998,909,0.00,0.00,0,0,479952.00,43885856.00,44365808.00,43885856,479952
1668556491.636642,s2-eth3,74250.00,3440598.00,3514848.00,3440598,74250,1125.00,1187.00,2312.00,1187,1125,0.00,0.00,0,0,594000.00,27524784.00,28118784.00,27524784,594000
1668556491.636670,s1-eth3,12098046.00,204930.00,12302976.00,204930,12098046,3291.00,3105.00,6396.00,3105,3291,0.00,0.00,0,0,96784368.00,1639440.00,98423808.00,1639440,96784368
1668556491.636708,s1-eth2,134376.00,8929292.00,9063668.00,8929292,134376,2036.00,2186.00,4222.00,2186,2036,0.00,0.00,0,0,1075008.00,71434336.00,72509344.00,71434336,1075008
1668556491.636724,s2-eth1,8929292.00,134376.00,9063668.00,134376,8929292,2186.00,2036.00,4222.00,2036,2186,0.00,0.00,0,0,71434336.00,1075008.00,72509344.00,1075008,71434336
1668556491.636746,total,21366588.00,21465262.00,42831848.00,21465262,21366588,10617.00,10643.00,21260.00,10643,10617,0.00,0.00,0,0,170932704.00,171722096.00,342654784.00,171722096,170932704
1668556492.636935,lo,0.00,0.00,0.00,0,0,0.00,0.00,0.00,0,0,0.00,0.00,0,0,0.00,0.00,0.00,0,0
1668556492.637001,eth0,0.00,0.00,0.00,0,0,0.00,0.00,0.00,0,0,0.00,0.00,0,0,0.00,0.00,0.00,0,0
1668556492.637015,docker0,0.00,0.00,0.00,0,0,0.00,0.00,0.00,0,0,0.00,0.00,0,0,0.00,0.00,0.00,0,0
1668556492.637025,s1-eth1,73062.00,3376882.00,3449944.00,3376882,73062,1107.00,1165.00,2272.00,1165,1107,0.00,0.00,0,0,584496.00,27015056.00,27599552.00,27015056,584496
1668556492.637040,s2-eth2,57618.00,5251214.00,5308832.00,5251214,57618,873.00,955.00,1828.00,955,873,0.00,0.00,0,0,460944.00,42009712.00,42470656.00,42009712,460944
1668556492.637053,s2-eth3,76494.00,3551706.00,3628200.00,3551706,76494,1159.00,1225.00,2384.00,1225,1159,0.00,0.00,0,0,611952.00,28413648.00,29025600.00,28413648,611952
1668556492.637081,s1-eth3,12099964.00,207042.00,12307006.00,207042,12099964,3320.00,3137.00,6457.00,3137,3320,0.00,0.00,0,0,96799712.00,1656336.00,98456048.00,1656336,96799712
1668556492.637096,s1-eth2,133980.00,8800024.00,8934004.00,8800024,133980,2030.00,2180.00,4210.00,2180,2030,0.00,0.00,0,0,1071840.00,70400192.00,71472032.00,70400192,1071840
1668556492.637109,s2-eth1,8800024.00,133980.00,8934004.00,133980,8800024,2180.00,2030.00,4210.00,2030,2180,0.00,0.00,0,0,70400192.00,1071840.00,71472032.00,1071840,70400192
1668556492.637170,total,21241142.00,21320848.00,42561992.00,21320848,21241142,10669.00,10692.00,21361.00,10692,10669,0.00,0.00,0,0,169929136.00,170566784.00,340495936.00,170566784,169929136
1668556493.637407,lo,172.00,172.00,344.00,172,172,3.00,3.00,6.00,3,3,0.00,0.00,0,0,1376.00,1376.00,2752.00,1376,1376
1668556493.637444,eth0,0.00,0.00,0.00,0,0,0.00,0.00,0.00,0,0,0.00,0.00,0,0,0.00,0.00,0.00,0,0
1668556493.637455,docker0,0.00,0.00,0.00,0,0,0.00,0.00,0.00,0,0,0.00,0.00,0,0,0.00,0.00,0.00,0,0
1668556493.637465,s1-eth1,73788.00,4771108.00,4844896.00,4771108,73788,1118.00,1162.00,2280.00,1162,1118,0.00,0.00,0,0,590304.00,38168864.00,38759168.00,38168864,590304
1668556493.637479,s2-eth2,27456.00,2183854.00,2211310.00,2183854,27456,416.00,399.00,815.00,399,416,0.00,0.00,0,0,219648.00,17470832.00,17690480.00,17470832,219648
1668556493.637492,s2-eth3,75900.00,4897484.00,4973384.00,4897484,75900,1150.00,1190.00,2340.00,1190,1150,0.00,0.00,0,0,607200.00,39179872.00,39787072.00,39179872,607200
1668556493.637519,s1-eth3,12090990.00,176880.00,12267870.00,176880,12090990,2855.00,2680.00,5535.00,2680,2855,0.00,0.00,0,0,96727920.00,1415040.00,98142960.00,1415040,96727920
1668556493.637533,s1-eth2,103224.00,7081338.00,7184562.00,7081338,103224,1564.00,1589.00,3153.00,1589,1564,0.00,0.00,0,0,825792.00,56650704.00,57476496.00,56650704,825792
1668556493.637546,s2-eth1,7081338.00,103224.00,7184562.00,103224,7081338,1589.00,1564.00,3153.00,1564,1589,0.00,0.00,0,0,56650704.00,825792.00,57476496.00,825792,56650704
1668556493.637568,total,19452868.00,19214060.00,38666928.00,19214060,19452868,8695.00,8587.00,17282.00,8587,8695,0.00,0.00,0,0,155622944.00,153712480.00,309335424.00,153712480,155622944
