1668556329.208915,lo,0.00,0.00,0.00,0,0,0.00,0.00,0.00,0,0,0.00,0.00,0,0,0.00,0.00,0.00,0,0
1668556329.208960,eth0,0.00,0.00,0.00,0,0,0.00,0.00,0.00,0,0,0.00,0.00,0,0,0.00,0.00,0.00,0,0
1668556329.208972,docker0,0.00,0.00,0.00,0,0,0.00,0.00,0.00,0,0,0.00,0.00,0,0,0.00,0.00,0.00,0,0
1668556329.208985,s1-eth1,0.00,0.00,0.00,0,0,0.00,0.00,0.00,0,0,0.00,0.00,0,0,0.00,0.00,0.00,0,0
1668556329.208994,s2-eth2,0.00,0.00,0.00,0,0,0.00,0.00,0.00,0,0,0.00,0.00,0,0,0.00,0.00,0.00,0,0
1668556329.209004,s2-eth3,0.00,0.00,0.00,0,0,0.00,0.00,0.00,0,0,0.00,0.00,0,0,0.00,0.00,0.00,0,0
1668556329.209027,s1-eth3,0.00,0.00,0.00,0,0,0.00,0.00,0.00,0,0,0.00,0.00,0,0,0.00,0.00,0.00,0,0
1668556329.209037,s1-eth2,0.00,0.00,0.00,0,0,0.00,0.00,0.00,0,0,0.00,0.00,0,0,0.00,0.00,0.00,0,0
1668556329.209046,s2-eth1,0.00,0.00,0.00,0,0,0.00,0.00,0.00,0,0,0.00,0.00,0,0,0.00,0.00,0.00,0,0
1668556329.209069,total,0.00,0.00,0.00,0,0,0.00,0.00,0.00,0,0,0.00,0.00,0,0,0.00,0.00,0.00,0,0
1668556330.209267,lo,7238.00,7238.00,14476.00,7238,7238,54.00,54.00,108.00,54,54,0.00,0.00,0,0,57904.00,57904.00,115808.00,57904,57904
1668556330.209301,eth0,222.00,192.00,414.00,192,222,3.00,2.00,5.00,2,3,0.00,0.00,0,0,1776.00,1536.00,3312.00,1536,1776
1668556330.209348,docker0,0.00,0.00,0.00,0,0,0.00,0.00,0.00,0,0,0.00,0.00,0,0,0.00,0.00,0.00,0,0
1668556330.209361,s1-eth1,66360.00,5430954.00,5497314.00,5430954,66360,808.00,979.00,1787.00,979,808,0.00,0.00,0,0,530880.00,43447632.00,43978512.00,43447632,530880
1668556330.209375,s2-eth2,53626.00,3337370.00,3390996.00,3337370,53626,707.00,917.00,1624.00,917,707,0.00,0.00,0,0,429008.00,26698960.00,27127968.00,26698960,429008
1668556330.209388,s2-eth3,49518.00,3997754.00,4047272.00,3997754,49518,625.00,853.00,1478.00,853,625,0.00,0.00,0,0,396144.00,31982032.00,32378176.00,31982032,396144
1668556330.209415,s1-eth3,12045918.00,167392.00,12213310.00,167392,12045918,2565.00,2116.00,4681.00,2116,2565,0.00,0.00,0,0,96367344.00,1339136.00,97706480.00,1339136,96367344
1668556330.209429,s1-eth2,102088.00,7330964.00,7433052.00,7330964,102088,1320.00,1772.00,3092.00,1772,1320,0.00,0.00,0,0,816704.00,58647712.00,59464416.00,58647712,816704
1668556330.209443,s2-eth1,7330964.00,102088.00,7433052.00,102088,7330964,1772.00,1320.00,3092.00,1320,1772,0.00,0.00,0,0,58647712.00,816704.00,59464416.00,816704,58647712
1668556330.209465,total,19655934.00,20373952.00,40029888.00,20373952,19655934,7854.00,8013.00,15867.00,8013,7854,0.00,0.00,0,0,157247472.00,162991616.00,320239104.00,162991616,157247472
1668556331.209714,lo,2450.00,2450.00,4900.00,2450,2450,22.00,22.00,44.00,22,22,0.00,0.00,0,0,19600.00,19600.00,39200.00,19600,19600
1668556331.209748,eth0,5456.00,6039.00,11495.00,6039,5456,15.00,15.00,30.00,15,15,0.00,0.00,0,0,43648.00,48312.00,91960.00,48312,43648
1668556331.209762,docker0,0.00,0.00,0.00,0,0,0.00,0.00,0.00,0,0,0.00,0.00,0,0,0.00,0.00,0.00,0,0
1668556331.209792,s1-eth1,56388.00,5142742.00,5199130.00,5142742,56388,854.00,935.00,1789.00,935,854,0.00,0.00,0,0,451104.00,41141936.00,41593040.00,41141936,451104
1668556331.209808,s2-eth2,69018.00,4671770.00,4740788.00,4671770,69018,1045.00,1061.00,2106.00,1061,1045,0.00,0.00,0,0,552144.00,37374160.00,37926304.00,37374160,552144
1668556331.209821,s2-eth3,50604.00,2351502.00,2402106.00,2351502,50604,766.00,811.00,1577.00,811,766,0.00,0.00,0,0,404832.00,18812016.00,19216848.00,18812016,404832
1668556331.209848,s1-eth3,12064806.00,175650.00,12240456.00,175650,12064806,2787.00,2661.00,5448.00,2661,2787,0.00,0.00,0,0,96518448.00,1405200.00,97923648.00,1405200,96518448
1668556331.209862,s1-eth2,119442.00,7023272.00,7142714.00,7023272,119442,1809.00,1872.00,3681.00,1872,1809,0.00,0.00,0,0,955536.00,56186176.00,57141712.00,56186176,955536
1668556331.209875,s2-eth1,7023272.00,119442.00,7142714.00,119442,7023272,1872.00,1809.00,3681.00,1809,1872,0.00,0.00,0,0,56186176.00,955536.00,57141712.00,955536,56186176
1668556331.209897,total,19391436.00,19492868.00,38884304.00,19492867,19391436,9170.00,9186.00,18356.00,9186,9170,0.00,0.00,0,0,155131488.00,155942944.00,311074432.00,155942936,155131488
1668556332.210138,lo,114.00,114.00,228.00,114,114,2.00,2.00,4.00,2,2,0.00,0.00,0,0,912.00,912.00,1824.00,912,912
1668556332.210201,eth0,98.00,40.00,138.00,40,98,1.00,1.00,2.00,1,1,0.00,0.00,0,0,784.00,320.00,1104.00,320,784
1668556332.210216,docker0,0.00,0.00,0.00,0,0,0.00,0.00,0.00,0,0,0.00,0.00,0,0,0.00,0.00,0.00,0,0
1668556332.210226,s1-eth1,61710.00,4963070.00,5024780.00,4963070,61710,935.00,999.00,1934.00,999,935,0.00,0.00,0,0,493680.00,39704560.00,40198240.00,39704560,493680
1668556332.210240,s2-eth2,68178.00,4581990.00,4650168.00,4581990,68178,1033.00,1039.00,2072.00,1039,1033,0.00,0.00,0,0,545424.00,36655920.00,37201344.00,36655920,545424
1668556332.210253,s2-eth3,56034.00,2597480.00,2653514.00,2597480,56034,849.00,896.00,1745.00,896,849,0.00,0.00,0,0,448272.00,20779840.00,21228112.00,20779840,448272
1668556332.210281,s1-eth3,12063618.00,185988.00,12249606.00,185988,12063618,2901.00,2818.00,5719.00,2818,2901,0.00,0.00,0,0,96508944.00,1487904.00,97996848.00,1487904,96508944
1668556332.210296,s1-eth2,124278.00,7174994.00,7299272.00,7174994,124278,1883.00,1933.00,3816.00,1933,1883,0.00,0.00,0,0,994224.00,57399952.00,58394176.00,57399952,994224
1668556332.210309,s2-eth1,7174994.00,124278.00,7299272.00,124278,7174994,1933.00,1883.00,3816.00,1883,1933,0.00,0.00,0,0,57399952.00,994224.00,58394176.00,994224,57399952
1668556332.210337,total,19549024.00,19627954.00,39176976.00,19627954,19549024,9537.00,9571.00,19108.00,9571,9537,0.00,0.00,0,0,156392192.00,157023632.00,313415808.00,157023632,156392192
1668556333.210572,lo,6960.00,6960.00,13920.00,6960,6960,55.00,55.00,110.00,55,55,0.00,0.00,0,0,55680.00,55680.00,111360.00,55680,55680
1668556333.210609,eth0,90.00,76.00,166.00,76,90,1.00,1.00,2.00,1,1,0.00,0.00,0,0,720.00,608.00,1328.00,608,720
1668556333.210622,docker0,0.00,0.00,0.00,0,0,0.00,0.00,0.00,0,0,0.00,0.00,0,0,0.00,0.00,0.00,0,0
1668556333.210632,s1-eth1,73092.00,4895184.00,4968276.00,4895184,73092,1108.00,1112.00,2220.00,1112,1108,0.00,0.00,0,0,584736.00,39161472.00,39746208.00,39161472,584736
1668556333.210646,s2-eth2,67210.00,4498420.00,4565630.00,4498420,67210,1019.00,1024.00,2043.00,1024,1019,0.00,0.00,0,0,537680.00,35987360.00,36525040.00,35987360,537680
1668556333.210658,s2-eth3,58960.00,2730990.00,2789950.00,2730990,58960,894.00,945.00,1839.00,945,894,0.00,0.00,0,0,471680.00,21847920.00,22319600.00,21847920,471680
1668556333.210685,s1-eth3,12053452.00,198594.00,12252046.00,198594,12053452,3054.00,3009.00,6063.00,3009,3054,0.00,0.00,0,0,96427616.00,1588752.00,98016368.00,1588752,96427616
1668556333.210699,s1-eth2,125880.00,7229392.00,7355272.00,7229392,125880,1908.00,1968.00,3876.00,1968,1908,0.00,0.00,0,0,1007040.00,57835136.00,58842176.00,57835136,1007040
1668556333.210712,s2-eth1,7229392.00,125880.00,7355272.00,125880,7229392,1968.00,1908.00,3876.00,1908,1968,0.00,0.00,0,0,57835136.00,1007040.00,58842176.00,1007040,57835136
1668556333.210734,total,19615036.00,19685496.00,39300532.00,19685496,19615036,10007.00,10022.00,20029.00,10022,10007,0.00,0.00,0,0,156920288.00,157483968.00,314404256.00,157483968,156920288
1668556334.211043,lo,4368.00,4368.00,8736.00,4368,4368,33.00,33.00,66.00,33,33,0.00,0.00,0,0,34944.00,34944.00,69888.00,34944,34944
1668556334.211078,eth0,0.00,0.00,0.00,0,0,0.00,0.00,0.00,0,0,0.00,0.00,0,0,0.00,0.00,0.00,0,0
1668556334.211089,docker0,0.00,0.00,0.00,0,0,0.00,0.00,0.00,0,0,0.00,0.00,0,0,0.00,0.00,0.00,0,0
1668556334.211112,s1-eth1,72080.00,4829020.00,4901100.00,4829020,72080,1092.00,1096.00,2188.00,1096,1092,0.00,0.00,0,0,576640.00,38632160.00,39208800.00,38632160,576640
1668556334.211128,s2-eth2,66808.00,4471740.00,4538548.00,4471740,66808,1012.00,1014.00,2026.00,1014,1012,0.00,0.00,0,0,534464.00,35773920.00,36308384.00,35773920,534464
1668556334.211142,s2-eth3,61438.00,2831652.00,2893090.00,2831652,61438,931.00,978.00,1909.00,978,931,0.00,0.00,0,0,491504.00,22653216.00,23144720.00,22653216,491504
1668556334.211178,s1-eth3,12061860.00,199696.00,12261556.00,199696,12061860,3072.00,3026.00,6098.00,3026,3072,0.00,0.00,0,0,96494880.00,1597568.00,98092448.00,1597568,96494880
1668556334.211192,s1-eth2,127896.00,7307872.00,7435768.00,7307872,127896,1938.00,1994.00,3932.00,1994,1938,0.00,0.00,0,0,1023168.00,58462976.00,59486144.00,58462976,1023168
1668556334.211215,s2-eth1,7307872.00,127896.00,7435768.00,127896,7307872,1994.00,1938.00,3932.00,1938,1994,0.00,0.00,0,0,58462976.00,1023168.00,59486144.00,1023168,58462976
1668556334.211237,total,19702322.00,19772244.00,39474568.00,19772244,19702322,10072.00,10079.00,20151.00,10079,10072,0.00,0.00,0,0,157618576.00,158177952.00,315796544.00,158177952,157618576
1668556335.211490,lo,15161.00,15161.00,30322.00,15161,15161,30.00,30.00,60.00,30,30,0.00,0.00,0,0,121288.00,121288.00,242576.00,121288,121288
1668556335.211525,eth0,7626.00,8288.00,15914.00,8288,7626,17.00,17.00,34.00,17,17,0.00,0.00,0,0,61008.00,66304.00,127312.00,66304,61008
1668556335.211539,docker0,0.00,0.00,0.00,0,0,0.00,0.00,0.00,0,0,0.00,0.00,0,0,0.00,0.00,0.00,0,0
1668556335.211582,s1-eth1,65142.00,6463062.00,6528204.00,6463062,65142,987.00,975.00,1962.00,975,987,0.00,0.00,0,0,521136.00,51704496.00,52225632.00,51704496,521136
1668556335.211599,s2-eth2,67564.00,3202710.00,3270274.00,3202710,67564,1000.00,1071.00,2071.00,1071,1000,0.00,0.00,0,0,540512.00,25621680.00,26162192.00,25621680,540512
1668556335.211612,s2-eth3,48252.00,2224400.00,2272652.00,2224400,48252,724.00,772.00,1496.00,772,724,0.00,0.00,0,0,386016.00,17795200.00,18181216.00,17795200,386016
1668556335.211640,s1-eth3,12057492.00,180958.00,12238450.00,180958,12057492,2874.00,2711.00,5585.00,2711,2874,0.00,0.00,0,0,96459936.00,1447664.00,97907600.00,1447664,96459936
1668556335.211654,s1-eth2,115816.00,5425596.00,5541412.00,5425596,115816,1724.00,1842.00,3566.00,1842,1724,0.00,0.00,0,0,926528.00,43404768.00,44331296.00,43404768,926528
1668556335.211694,s2-eth1,5425596.00,115816.00,5541412.00,115816,5425596,1842.00,1724.00,3566.00,1724,1842,0.00,0.00,0,0,43404768.00,926528.00,44331296.00,926528,43404768
1668556335.211716,total,17802648.00,17635992.00,35438640.00,17635991,17802649,9198.00,9142.00,18340.00,9142,9198,0.00,0.00,0,0,142421184.00,141087936.00,283509120.00,141087928,142421192
1668556336.212002,lo,3454.00,3454.00,6908.00,3454,3454,47.00,47.00,94.00,47,47,0.00,0.00,0,0,27632.00,27632.00,55264.00,27632,27632
1668556336.212038,eth0,2256.00,2364.00,4620.00,2364,2256,20.00,26.00,46.00,26,20,0.00,0.00,0,0,18048.00,18912.00,36960.00,18912,18048
1668556336.212052,docker0,0.00,0.00,0.00,0,0,0.00,0.00,0.00,0,0,0.00,0.00,0,0,0.00,0.00,0.00,0,0
1668556336.212062,s1-eth1,58608.00,6509646.00,6568254.00,6509646,58608,888.00,891.00,1779.00,891,888,0.00,0.00,0,0,468864.00,52077168.00,52546032.00,52077168,468864
1668556336.212081,s2-eth2,71214.00,3298356.00,3369570.00,3298356,71214,1079.00,1138.00,2217.00,1138,1079,0.00,0.00,0,0,569712.00,26386848.00,26956560.00,26386848,569712
1668556336.212094,s2-eth3,49962.00,2324844.00,2374806.00,2324844,49962,757.00,802.00,1559.00,802,757,0.00,0.00,0,0,399696.00,18598752.00,18998448.00,18598752,399696
1668556336.212121,s1-eth3,12053334.00,179784.00,12233118.00,179784,12053334,2811.00,2724.00,5535.00,2724,2811,0.00,0.00,0,0,96426672.00,1438272.00,97864944.00,1438272,96426672
1668556336.212135,s1-eth2,121176.00,5623200.00,5744376.00,5623200,121176,1836.00,1940.00,3776.00,1940,1836,0.00,0.00,0,0,969408.00,44985600.00,45955008.00,44985600,969408
1668556336.212148,s2-eth1,5623200.00,121176.00,5744376.00,121176,5623200,1940.00,1836.00,3776.00,1836,1940,0.00,0.00,0,0,44985600.00,969408.00,45955008.00,969408,44985600
1668556336.212199,total,17983204.00,18062824.00,36046028.00,18062824,17983204,9378.00,9404.00,18782.00,9404,9378,0.00,0.00,0,0,143865632.00,144502592.00,288368224.00,144502592,143865632
1668556337.212425,lo,9227.00,9227.00,18454.00,9227,9227,120.00,120.00,240.00,120,120,0.00,0.00,0,0,73816.00,73816.00,147632.00,73816,73816
1668556337.212460,eth0,6215.00,6625.00,12840.00,6625,6215,58.00,75.00,133.00,75,58,0.00,0.00,0,0,49720.00,53000.00,102720.00,53000,49720
1668556337.212476,docker0,0.00,0.00,0.00,0,0,0.00,0.00,0.00,0,0,0.00,0.00,0,0,0.00,0.00,0.00,0,0
1668556337.212487,s1-eth1,57420.00,6250850.00,6308270.00,6250850,57420,870.00,897.00,1767.00,897,870,0.00,0.00,0,0,459360.00,50006800.00,50466160.00,50006800,459360
1668556337.212511,s2-eth2,73722.00,3412426.00,3486148.00,3412426,73722,1117.00,1177.00,2294.00,1177,1117,0.00,0.00,0,0,589776.00,27299408.00,27889184.00,27299408,589776
1668556337.212524,s2-eth3,52668.00,2464124.00,2516792.00,2464124,52668,798.00,850.00,1648.00,850,798,0.00,0.00,0,0,421344.00,19712992.00,20134336.00,19712992,421344
1668556337.212552,s1-eth3,12057298.00,183744.00,12241042.00,183744,12057298,2893.00,2784.00,5677.00,2784,2893,0.00,0.00,0,0,96458384.00,1469952.00,97928336.00,1469952,96458384
1668556337.212565,s1-eth2,126390.00,5879512.00,6005902.00,5879512,126390,1915.00,2028.00,3943.00,2028,1915,0.00,0.00,0,0,1011120.00,47036096.00,48047216.00,47036096,1011120
1668556337.212578,s2-eth1,5879512.00,126390.00,6005902.00,126390,5879512,2028.00,1915.00,3943.00,1915,2028,0.00,0.00,0,0,47036096.00,1011120.00,48047216.00,1011120,47036096
1668556337.212600,total,18262452.00,18332898.00,36595352.00,18332898,18262452,9799.00,9846.00,19645.00,9846,9799,0.00,0.00,0,0,146099616.00,146663184.00,292762816.00,146663184,146099616
1668556338.212890,lo,13347.00,13347.00,26694.00,13347,13347,174.00,174.00,348.00,174,174,0.00,0.00,0,0,106776.00,106776.00,213552.00,106776,106776
1668556338.212959,eth0,12935.00,15637.00,28572.00,15637,12935,94.00,122.00,216.00,122,94,0.00,0.00,0,0,103480.00,125096.00,228576.00,125096,103480
1668556338.212999,docker0,0.00,0.00,0.00,0,0,0.00,0.00,0.00,0,0,0.00,0.00,0,0,0.00,0.00,0.00,0,0
1668556338.213010,s1-eth1,73428.00,5027066.00,5100494.00,5027066,73428,1100.00,1113.00,2213.00,1113,1100,0.00,0.00,0,0,587424.00,40216528.00,40803952.00,40216528,587424
1668556338.213024,s2-eth2,66066.00,4788790.00,4854856.00,4788790,66066,1001.00,1035.00,2036.00,1035,1001,0.00,0.00,0,0,528528.00,38310320.00,38838848.00,38310320,528528
1668556338.213037,s2-eth3,44808.00,2056094.00,2100902.00,2056094,44808,672.00,723.00,1395.00,723,672,0.00,0.00,0,0,358464.00,16448752.00,16807216.00,16448752,358464
1668556338.213065,s1-eth3,12071984.00,184500.00,12256484.00,184500,12071984,2940.00,2776.00,5716.00,2776,2940,0.00,0.00,0,0,96575872.00,1476000.00,98051872.00,1476000,96575872
1668556338.213079,s1-eth2,110940.00,6836130.00,6947070.00,6836130,110940,1674.00,1757.00,3431.00,1757,1674,0.00,0.00,0,0,887520.00,54689040.00,55576560.00,54689040,887520
1668556338.213128,s2-eth1,6836130.00,110940.00,6947070.00,110940,6836130,1757.00,1674.00,3431.00,1674,1757,0.00,0.00,0,0,54689040.00,887520.00,55576560.00,887520,54689040
1668556338.213151,total,19229638.00,19032504.00,38262144.00,19032504,19229638,9412.00,9374.00,18786.00,9374,9412,0.00,0.00,0,0,153837104.00,152260032.00,306097152.00,152260032,153837104
1668556339.213375,lo,7739.00,7739.00,15478.00,7739,7739,101.00,101.00,202.00,101,101,0.00,0.00,0,0,61912.00,61912.00,123824.00,61912,61912
1668556339.213410,eth0,5236.00,5792.00,11028.00,5792,5236,46.00,66.00,112.00,66,46,0.00,0.00,0,0,41888.00,46336.00,88224.00,46336,41888
1668556339.213424,docker0,0.00,0.00,0.00,0,0,0.00,0.00,0.00,0,0,0.00,0.00,0,0,0.00,0.00,0.00,0,0
1668556339.213434,s1-eth1,70290.00,4723176.00,4793466.00,4723176,70290,1065.00,1072.00,2137.00,1072,1065,0.00,0.00,0,0,562320.00,37785408.00,38347728.00,37785408,562320
1668556339.213448,s2-eth2,55704.00,5066852.00,5122556.00,5066852,55704,844.00,926.00,1770.00,926,844,0.00,0.00,0,0,445632.00,40534816.00,40980448.00,40534816,445632
1668556339.213461,s2-eth3,51018.00,2357426.00,2408444.00,2357426,51018,773.00,813.00,1586.00,813,773,0.00,0.00,0,0,408144.00,18859408.00,19267552.00,18859408,408144
1668556339.213487,s1-eth3,12065046.00,176880.00,12241926.00,176880,12065046,2791.00,2680.00,5471.00,2680,2791,0.00,0.00,0,0,96520368.00,1415040.00,97935408.00,1415040,96520368
1668556339.213501,s1-eth2,106590.00,7427174.00,7533764.00,7427174,106590,1615.00,1739.00,3354.00,1739,1615,0.00,0.00,0,0,852720.00,59417392.00,60270112.00,59417392,852720
1668556339.213514,s2-eth1,7427174.00,106590.00,7533764.00,106590,7427174,1739.00,1615.00,3354.00,1615,1739,0.00,0.00,0,0,59417392.00,852720.00,60270112.00,852720,59417392
1668556339.213552,total,19788796.00,19871628.00,39660424.00,19871629,19788797,8974.00,9012.00,17986.00,9012,8974,0.00,0.00,0,0,158310368.00,158973024.00,317283392.00,158973032,158310376
1668556340.213799,lo,10205.00,10205.00,20410.00,10205,10205,33.00,33.00,66.00,33,33,0.00,0.00,0,0,81640.00,81640.00,163280.00,81640,81640
1668556340.213843,eth0,3452.00,6688.00,10140.00,6688,3452,12.00,19.00,31.00,19,12,0.00,0.00,0,0,27616.00,53504.00,81120.00,53504,27616
1668556340.213861,docker0,0.00,0.00,0.00,0,0,0.00,0.00,0.00,0,0,0.00,0.00,0,0,0.00,0.00,0.00,0,0
1668556340.213871,s1-eth1,69436.00,4674600.00,4744036.00,4674600,69436,1052.00,1060.00,2112.00,1060,1052,0.00,0.00,0,0,555488.00,37396800.00,37952288.00,37396800,555488
1668556340.213885,s2-eth2,68314.00,4912864.00,4981178.00,4912864,68314,1035.00,1072.00,2107.00,1072,1035,0.00,0.00,0,0,546512.00,39302912.00,39849424.00,39302912,546512
1668556340.213898,s2-eth3,54252.00,2551606.00,2605858.00,2551606,54252,822.00,881.00,1703.00,881,822,0.00,0.00,0,0,434016.00,20412848.00,20846864.00,20412848,434016
1668556340.213925,s1-eth3,12061332.00,191862.00,12253194.00,191862,12061332,2976.00,2907.00,5883.00,2907,2976,0.00,0.00,0,0,96490656.00,1534896.00,98025552.00,1534896,96490656
1668556340.213939,s1-eth2,122562.00,7468880.00,7591442.00,7468880,122562,1857.00,1954.00,3811.00,1954,1857,0.00,0.00,0,0,980496.00,59751040.00,60731536.00,59751040,980496
1668556340.213952,s2-eth1,7468880.00,122562.00,7591442.00,122562,7468880,1954.00,1857.00,3811.00,1857,1954,0.00,0.00,0,0,59751040.00,980496.00,60731536.00,980496,59751040
1668556340.213975,total,19858432.00,19939268.00,39797700.00,19939267,19858433,9741.00,9783.00,19524.00,9783,9741,0.00,0.00,0,0,158867456.00,159514144.00,318381600.00,159514136,158867464
1668556341.214197,lo,12826.00,12826.00,25652.00,12826,12826,165.00,165.00,330.00,165,165,0.00,0.00,0,0,102608.00,102608.00,205216.00,102608,102608
1668556341.214231,eth0,8186.00,8632.00,16818.00,8632,8186,77.00,96.00,173.00,96,77,0.00,0.00,0,0,65488.00,69056.00,134544.00,69056,65488
1668556341.214245,docker0,0.00,0.00,0.00,0,0,0.00,0.00,0.00,0,0,0.00,0.00,0,0,0.00,0.00,0.00,0,0
1668556341.214255,s1-eth1,68516.00,4595220.00,4663736.00,4595220,68516,1038.00,1042.00,2080.00,1042,1038,0.00,0.00,0,0,548128.00,36761760.00,37309888.00,36761760,548128
1668556341.214269,s2-eth2,72274.00,4851268.00,4923542.00,4851268,72274,1095.00,1104.00,2199.00,1104,1095,0.00,0.00,0,0,578192.00,38810144.00,39388336.00,38810144,578192
1668556341.214282,s2-eth3,58154.00,2678968.00,2737122.00,2678968,58154,881.00,924.00,1805.00,924,881,0.00,0.00,0,0,465232.00,21431744.00,21896976.00,21431744,465232
1668556341.214309,s1-eth3,12060754.00,198660.00,12259414.00,198660,12060754,3055.00,3010.00,6065.00,3010,3055,0.00,0.00,0,0,96486032.00,1589280.00,98075312.00,1589280,96486032
1668556341.214323,s1-eth2,130288.00,7528722.00,7659010.00,7528722,130288,1974.00,2027.00,4001.00,2027,1974,0.00,0.00,0,0,1042304.00,60229776.00,61272080.00,60229776,1042304
1668556341.214336,s2-eth1,7528722.00,130288.00,7659010.00,130288,7528722,2027.00,1974.00,4001.00,1974,2027,0.00,0.00,0,0,60229776.00,1042304.00,61272080.00,1042304,60229776
1668556341.214363,total,19939720.00,20004584.00,39944304.00,20004584,19939720,10312.00,10342.00,20654.00,10342,10312,0.00,0.00,0,0,159517760.00,160036672.00,319554432.00,160036672,159517760
1668556342.214583,lo,17931.00,17931.00,35862.00,17931,17931,219.00,219.00,438.00,219,219,0.00,0.00,0,0,143448.00,143448.00,286896.00,143448,143448
1668556342.214616,eth0,15867.00,20963.00,36830.00,20963,15867,126.00,166.00,292.00,166,126,0.00,0.00,0,0,126936.00,167704.00,294640.00,167704,126936
1668556342.214630,docker0,0.00,0.00,0.00,0,0,0.00,0.00,0.00,0,0,0.00,0.00,0,0,0.00,0.00,0.00,0,0
1668556342.214640,s1-eth1,63496.00,3960060.00,4023556.00,3960060,63496,950.00,962.00,1912.00,962,950,0.00,0.00,0,0,507968.00,31680480.00,32188448.00,31680480,507968
1668556342.214693,s2-eth2,62970.00,4050690.00,4113660.00,4050690,62970,945.00,953.00,1898.00,953,945,0.00,0.00,0,0,503760.00,32405520.00,32909280.00,32405520,503760
1668556342.214716,s2-eth3,66330.00,3824418.00,3890748.00,3824418,66330,1005.00,1013.00,2018.00,1013,1005,0.00,0.00,0,0,530640.00,30595344.00,31125984.00,30595344,530640
1668556342.214745,s1-eth3,12071806.00,192660.00,12264466.00,192660,12071806,3003.00,2898.00,5901.00,2898,3003,0.00,0.00,0,0,96574448.00,1541280.00,98115728.00,1541280,96574448
1668556342.214759,s1-eth2,129300.00,7876692.00,8005992.00,7876692,129300,1950.00,1968.00,3918.00,1968,1950,0.00,0.00,0,0,1034400.00,63013536.00,64047936.00,63013536,1034400
1668556342.214771,s2-eth1,7876692.00,129300.00,8005992.00,129300,7876692,1968.00,1950.00,3918.00,1950,1968,0.00,0.00,0,0,63013536.00,1034400.00,64047936.00,1034400,63013536
1668556342.214793,total,20304392.00,20072714.00,40377104.00,20072714,20304392,10166.00,10129.00,20295.00,10129,10166,0.00,0.00,0,0,162435136.00,160581712.00,323016832.00,160581712,162435136
1668556343.215084,lo,3627.00,3627.00,7254.00,3627,3627,39.00,39.00,78.00,39,39,0.00,0.00,0,0,29016.00,29016.00,58032.00,29016,29016
1668556343.215121,eth0,1908.00,2240.00,4148.00,2240,1908,18.00,23.00,41.00,23,18,0.00,0.00,0,0,15264.00,17920.00,33184.00,17920,15264
1668556343.215135,docker0,0.00,0.00,0.00,0,0,0.00,0.00,0.00,0,0,0.00,0.00,0,0,0.00,0.00,0.00,0,0
1668556343.215145,s1-eth1,57094.00,3836770.00,3893864.00,3836770,57094,865.00,871.00,1736.00,871,865,0.00,0.00,0,0,456752.00,30694160.00,31150912.00,30694160,456752
1668556343.215201,s2-eth2,59280.00,3969000.00,4028280.00,3969000,59280,898.00,900.00,1798.00,900,898,0.00,0.00,0,0,474240.00,31752000.00,32226240.00,31752000,474240
1668556343.215214,s2-eth3,64626.00,4339638.00,4404264.00,4339638,64626,979.00,987.00,1966.00,987,979,0.00,0.00,0,0,517008.00,34717104.00,35234112.00,34717104,517008
1668556343.215251,s1-eth3,12060104.00,180514.00,12240618.00,180514,12060104,2738.00,2735.00,5473.00,2735,2738,0.00,0.00,0,0,96480832.00,1444112.00,97924944.00,1444112,96480832
1668556343.215266,s1-eth2,123626.00,8308638.00,8432264.00,8308638,123626,1873.00,1887.00,3760.00,1887,1873,0.00,0.00,0,0,989008.00,66469104.00,67458112.00,66469104,989008
1668556343.215279,s2-eth1,8308638.00,123626.00,8432264.00,123626,8308638,1887.00,1873.00,3760.00,1873,1887,0.00,0.00,0,0,66469104.00,989008.00,67458112.00,989008,66469104
1668556343.215301,total,20678904.00,20764052.00,41442956.00,20764053,20678903,9297.00,9315.00,18612.00,9315,9297,0.00,0.00,0,0,165431232.00,166112416.00,331543648.00,166112424,165431224
1668556344.215526,lo,1898.00,1898.00,3796.00,1898,1898,25.00,25.00,50.00,25,25,0.00,0.00,0,0,15184.00,15184.00,30368.00,15184,15184
1668556344.215562,eth0,1074.00,1444.00,2518.00,1444,1074,11.00,15.00,26.00,15,11,0.00,0.00,0,0,8592.00,11552.00,20144.00,11552,8592
1668556344.215575,docker0,0.00,0.00,0.00,0,0,0.00,0.00,0.00,0,0,0.00,0.00,0,0,0.00,0.00,0.00,0,0
1668556344.215616,s1-eth1,57354.00,3863424.00,3920778.00,3863424,57354,869.00,880.00,1749.00,880,869,0.00,0.00,0,0,458832.00,30907392.00,31366224.00,30907392,458832
1668556344.215634,s2-eth2,57684.00,3889752.00,3947436.00,3889752,57684,874.00,884.00,1758.00,884,874,0.00,0.00,0,0,461472.00,31118016.00,31579488.00,31118016,461472
1668556344.215648,s2-eth3,65604.00,4401444.00,4467048.00,4401444,65604,994.00,1002.00,1996.00,1002,994,0.00,0.00,0,0,524832.00,35211552.00,35736384.00,35211552,524832
1668556344.215675,s1-eth3,12072278.00,180708.00,12252986.00,180708,12072278,2747.00,2738.00,5485.00,2738,2747,0.00,0.00,0,0,96578224.00,1445664.00,98023888.00,1445664,96578224
1668556344.215689,s1-eth2,123288.00,8291196.00,8414484.00,8291196,123288,1868.00,1886.00,3754.00,1886,1868,0.00,0.00,0,0,986304.00,66329568.00,67315872.00,66329568,986304
1668556344.215702,s2-eth1,8291196.00,123288.00,8414484.00,123288,8291196,1886.00,1868.00,3754.00,1868,1886,0.00,0.00,0,0,66329568.00,986304.00,67315872.00,986304,66329568
1668556344.215724,total,20670376.00,20753154.00,41423528.00,20753154,20670376,9274.00,9298.00,18572.00,9298,9274,0.00,0.00,0,0,165363008.00,166025232.00,331388224.00,166025232,165363008
1668556345.215950,lo,272.00,272.00,544.00,272,272,4.00,4.00,8.00,4,4,0.00,0.00,0,0,2176.00,2176.00,4352.00,2176,2176
1668556345.216010,eth0,168.00,192.00,360.00,192,168,2.00,2.00,4.00,2,2,0.00,0.00,0,0,1344.00,1536.00,2880.00,1536,1344
1668556345.216024,docker0,0.00,0.00,0.00,0,0,0.00,0.00,0.00,0,0,0.00,0.00,0,0,0.00,0.00,0.00,0,0
1668556345.216038,s1-eth1,57882.00,3885210.00,3943092.00,3885210,57882,877.00,881.00,1758.00,881,877,0.00,0.00,0,0,463056.00,31081680.00,31544736.00,31081680,463056
1668556345.216052,s2-eth2,58938.00,3951426.00,4010364.00,3951426,58938,893.00,897.00,1790.00,897,893,0.00,0.00,0,0,471504.00,31611408.00,32082912.00,31611408,471504
1668556345.216064,s2-eth3,63822.00,4295406.00,4359228.00,4295406,63822,967.00,975.00,1942.00,975,967,0.00,0.00,0,0,510576.00,34363248.00,34873824.00,34363248,510576
1668556345.216091,s1-eth3,12070368.00,180576.00,12250944.00,180576,12070368,2740.00,2736.00,5476.00,2736,2740,0.00,0.00,0,0,96562944.00,1444608.00,98007552.00,1444608,96562944
1668556345.216105,s1-eth2,122694.00,8242422.00,8365116.00,8242422,122694,1859.00,1871.00,3730.00,1871,1859,0.00,0.00,0,0,981552.00,65939376.00,66920928.00,65939376,981552
1668556345.216118,s2-eth1,8242422.00,122694.00,8365116.00,122694,8242422,1871.00,1859.00,3730.00,1859,1871,0.00,0.00,0,0,65939376.00,981552.00,66920928.00,981552,65939376
1668556345.216140,total,20616566.00,20678198.00,41294764.00,20678198,20616566,9213.00,9225.00,18438.00,9225,9213,0.00,0.00,0,0,164932528.00,165425584.00,330358112.00,165425584,164932528
1668556346.216369,lo,3094.00,3094.00,6188.00,3094,3094,43.00,43.00,86.00,43,43,0.00,0.00,0,0,24752.00,24752.00,49504.00,24752,24752
1668556346.216426,eth0,2154.00,2024.00,4178.00,2024,2154,21.00,22.00,43.00,22,21,0.00,0.00,0,0,17232.00,16192.00,33424.00,16192,17232
1668556346.216442,docker0,0.00,0.00,0.00,0,0,0.00,0.00,0.00,0,0,0.00,0.00,0,0,0.00,0.00,0.00,0,0
1668556346.216452,s1-eth1,58212.00,3916146.00,3974358.00,3916146,58212,882.00,889.00,1771.00,889,882,0.00,0.00,0,0,465696.00,31329168.00,31794864.00,31329168,465696
1668556346.216465,s2-eth2,58014.00,3907260.00,3965274.00,3907260,58014,879.00,886.00,1765.00,886,879,0.00,0.00,0,0,464112.00,31258080.00,31722192.00,31258080,464112
1668556346.216478,s2-eth3,64284.00,4308636.00,4372920.00,4308636,64284,974.00,978.00,1952.00,978,974,0.00,0.00,0,0,514272.00,34469088.00,34983360.00,34469088,514272
1668556346.216505,s1-eth3,12065892.00,180576.00,12246468.00,180576,12065892,2738.00,2736.00,5474.00,2736,2738,0.00,0.00,0,0,96527136.00,1444608.00,97971744.00,1444608,96527136
1668556346.216519,s1-eth2,122364.00,8215896.00,8338260.00,8215896,122364,1854.00,1864.00,3718.00,1864,1854,0.00,0.00,0,0,978912.00,65727168.00,66706080.00,65727168,978912
1668556346.216532,s2-eth1,8215896.00,122364.00,8338260.00,122364,8215896,1864.00,1854.00,3718.00,1854,1864,0.00,0.00,0,0,65727168.00,978912.00,66706080.00,978912,65727168
1668556346.216554,total,20589910.00,20655996.00,41245904.00,20655996,20589910,9255.00,9272.00,18527.00,9272,9255,0.00,0.00,0,0,164719280.00,165247968.00,329967232.00,165247968,164719280
1668556347.216778,lo,2139.00,2139.00,4278.00,2139,2139,29.00,29.00,58.00,29,29,0.00,0.00,0,0,17112.00,17112.00,34224.00,17112,17112
1668556347.216815,eth0,1118.00,1704.00,2822.00,1704,1118,11.00,20.00,31.00,20,11,0.00,0.00,0,0,8944.00,13632.00,22576.00,13632,8944
1668556347.216828,docker0,0.00,0.00,0.00,0,0,0.00,0.00,0.00,0,0,0.00,0.00,0,0,0.00,0.00,0.00,0,0
1668556347.216838,s1-eth1,58674.00,3947082.00,4005756.00,3947082,58674,889.00,897.00,1786.00,897,889,0.00,0.00,0,0,469392.00,31576656.00,32046048.00,31576656,469392
1668556347.216852,s2-eth2,57948.00,3889752.00,3947700.00,3889752,57948,878.00,884.00,1762.00,884,878,0.00,0.00,0,0,463584.00,31118016.00,31581600.00,31118016,463584
1668556347.216865,s2-eth3,63888.00,4290996.00,4354884.00,4290996,63888,968.00,974.00,1942.00,974,968,0.00,0.00,0,0,511104.00,34327968.00,34839072.00,34327968,511104
1668556347.216891,s1-eth3,12066024.00,180576.00,12246600.00,180576,12066024,2740.00,2736.00,5476.00,2736,2740,0.00,0.00,0,0,96528192.00,1444608.00,97972800.00,1444608,96528192
1668556347.216905,s1-eth2,121902.00,8180748.00,8302650.00,8180748,121902,1847.00,1858.00,3705.00,1858,1847,0.00,0.00,0,0,975216.00,65445984.00,66421200.00,65445984,975216
1668556347.216928,s2-eth1,8180748.00,121902.00,8302650.00,121902,8180748,1858.00,1847.00,3705.00,1847,1858,0.00,0.00,0,0,65445984.00,975216.00,66421200.00,975216,65445984
1668556347.216950,total,20552440.00,20614900.00,41167340.00,20614899,20552441,9220.00,9245.00,18465.00,9245,9220,0.00,0.00,0,0,164419520.00,164919200.00,329338720.00,164919192,164419528
1668556348.217164,lo,4230.00,4230.00,8460.00,4230,4230,56.00,56.00,112.00,56,56,0.00,0.00,0,0,33840.00,33840.00,67680.00,33840,33840
1668556348.217199,eth0,2624.00,2768.00,5392.00,2768,2624,24.00,29.00,53.00,29,24,0.00,0.00,0,0,20992.00,22144.00,43136.00,22144,20992
1668556348.217213,docker0,0.00,0.00,0.00,0,0,0.00,0.00,0.00,0,0,0.00,0.00,0,0,0.00,0.00,0.00,0,0
1668556348.217223,s1-eth1,62172.00,3260152.00,3322324.00,3260152,62172,930.00,976.00,1906.00,976,930,0.00,0.00,0,0,497376.00,26081216.00,26578592.00,26081216,497376
1668556348.217236,s2-eth2,59502.00,3145492.00,3204994.00,3145492,59502,887.00,950.00,1837.00,950,887,0.00,0.00,0,0,476016.00,25163936.00,25639952.00,25163936,476016
1668556348.217249,s2-eth3,66066.00,5432490.00,5498556.00,5432490,66066,1001.00,1025.00,2026.00,1025,1001,0.00,0.00,0,0,528528.00,43459920.00,43988448.00,43459920,528528
1668556348.217276,s1-eth3,12069162.00,187806.00,12256968.00,187806,12069162,2985.00,2819.00,5804.00,2819,2985,0.00,0.00,0,0,96553296.00,1502448.00,98055744.00,1502448,96553296
1668556348.217289,s1-eth2,125568.00,8576402.00,8701970.00,8576402,125568,1888.00,1973.00,3861.00,1973,1888,0.00,0.00,0,0,1004544.00,68611216.00,69615760.00,68611216,1004544
1668556348.217303,s2-eth1,8576402.00,125568.00,8701970.00,125568,8576402,1973.00,1888.00,3861.00,1888,1973,0.00,0.00,0,0,68611216.00,1004544.00,69615760.00,1004544,68611216
1668556348.217331,total,20965726.00,20734908.00,41700632.00,20734908,20965726,9744.00,9716.00,19460.00,9716,9744,0.00,0.00,0,0,167725808.00,165879264.00,333605056.00,165879264,167725808
1668556349.217582,lo,257.00,257.00,514.00,257,257,4.00,4.00,8.00,4,4,0.00,0.00,0,0,2056.00,2056.00,4112.00,2056,2056
1668556349.217618,eth0,204.00,256.00,460.00,256,204,2.00,4.00,6.00,4,2,0.00,0.00,0,0,1632.00,2048.00,3680.00,2048,1632
1668556349.217670,docker0,0.00,0.00,0.00,0,0,0.00,0.00,0.00,0,0,0.00,0.00,0,0,0.00,0.00,0.00,0,0
1668556349.217684,s1-eth1,66990.00,3104246.00,3171236.00,3104246,66990,1015.00,1071.00,2086.00,1071,1015,0.00,0.00,0,0,535920.00,24833968.00,25369888.00,24833968,535920
1668556349.217698,s2-eth2,65670.00,3055340.00,3121010.00,3055340,65670,995.00,1054.00,2049.00,1054,995,0.00,0.00,0,0,525360.00,24442720.00,24968080.00,24442720,525360
1668556349.217711,s2-eth3,65934.00,6007490.00,6073424.00,6007490,65934,999.00,1093.00,2092.00,1093,999,0.00,0.00,0,0,527472.00,48059920.00,48587392.00,48059920,527472
1668556349.217739,s1-eth3,12089932.00,198528.00,12288460.00,198528,12089932,3190.00,3008.00,6198.00,3008,3190,0.00,0.00,0,0,96719456.00,1588224.00,98307680.00,1588224,96719456
1668556349.217753,s1-eth2,131604.00,9060000.00,9191604.00,9060000,131604,1994.00,2148.00,4142.00,2148,1994,0.00,0.00,0,0,1052832.00,72480000.00,73532832.00,72480000,1052832
1668556349.217766,s2-eth1,9060000.00,131604.00,9191604.00,131604,9060000,2148.00,1994.00,4142.00,1994,2148,0.00,0.00,0,0,72480000.00,1052832.00,73532832.00,1052832,72480000
1668556349.217788,total,21480592.00,21557720.00,43038312.00,21557721,21480591,10347.00,10376.00,20723.00,10376,10347,0.00,0.00,0,0,171844736.00,172461760.00,344306496.00,172461768,171844728
1668556350.217929,lo,315.00,315.00,630.00,315,315,5.00,5.00,10.00,5,5,0.00,0.00,0,0,2520.00,2520.00,5040.00,2520,2520
1668556350.218081,eth0,114.00,224.00,338.00,224,114,1.00,3.00,4.00,3,1,0.00,0.00,0,0,912.00,1792.00,2704.00,1792,912
1668556350.219440,docker0,0.00,0.00,0.00,0,0,0.00,0.00,0.00,0,0,0.00,0.00,0,0,0.00,0.00,0.00,0,0
1668556350.219460,s1-eth1,69692.31,3568777.25,3638469.75,3572346,69762,1055.94,1075.92,2131.87,1077,1057,0.00,0.00,0,0,557538.50,28550218.00,29107758.00,28578768,558096
1668556350.219486,s2-eth2,67450.55,3436345.75,3503796.25,3439782,67518,1021.98,1041.96,2063.94,1043,1023,0.00,0.00,0,0,539604.44,27490766.00,28030370.00,27518256,540144
1668556350.219500,s2-eth3,63314.69,4952919.00,5016234.00,4957872,63378,950.05,1006.99,1957.04,1008,951,0.00,0.00,0,0,506517.50,39623352.00,40129872.00,39662976,507024
1668556350.219546,s1-eth3,12076078.00,200325.69,12276404.00,200526,12088154,3181.82,3025.97,6207.79,3029,3185,0.00,0.00,0,0,96608624.00,1602605.50,98211232.00,1604208,96705232
1668556350.219561,s1-eth2,130831.17,8406887.00,8537719.00,8415294,130962,1973.03,2052.95,4025.97,2055,1975,0.00,0.00,0,0,1046649.38,67255096.00,68301752.00,67322352,1047696
1668556350.219582,s2-eth1,8406887.00,130831.17,8537719.00,130962,8415294,2052.95,1973.03,4025.97,1975,2055,0.00,0.00,0,0,67255096.00,1046649.38,68301752.00,1047696,67322352
1668556350.219606,total,20814682.00,20696624.00,41511304.00,20717321,20835497,10241.76,10184.82,20426.57,10195,10252,0.00,0.00,0,0,166517456.00,165572992.00,332090432.00,165738568,166683976
1668556351.219751,lo,506.49,506.49,1012.99,507,507,8.99,8.99,17.98,9,9,0.00,0.00,0,0,4051.95,4051.95,8103.90,4056,4056
1668556351.219788,eth0,357.64,223.78,581.42,224,358,5.00,3.00,7.99,3,5,0.00,0.00,0,0,2861.14,1790.21,4651.35,1792,2864
1668556351.219802,docker0,0.00,0.00,0.00,0,0,0.00,0.00,0.00,0,0,0.00,0.00,0,0,0.00,0.00,0.00,0,0
1668556351.219861,s1-eth1,63228.00,4255782.00,4319010.00,4255782,63228,958.00,967.00,1925.00,967,958,0.00,0.00,0,0,505824.00,34046256.00,34552080.00,34046256,505824
1668556351.219881,s2-eth2,60984.00,4101564.00,4162548.00,4101564,60984,924.00,934.00,1858.00,934,924,0.00,0.00,0,0,487872.00,32812512.00,33300384.00,32812512,487872
1668556351.219894,s2-eth3,56628.00,3810240.00,3866868.00,3810240,56628,858.00,864.00,1722.00,864,858,0.00,0.00,0,0,453024.00,30481920.00,30934944.00,30481920,453024
1668556351.219922,s1-eth3,12088074.00,180906.00,12268980.00,180906,12088074,2745.00,2741.00,5486.00,2741,2745,0.00,0.00,0,0,96704592.00,1447248.00,98151840.00,1447248,96704592
1668556351.219936,s1-eth2,117546.00,7902984.00,8020530.00,7902984,117546,1781.00,1796.00,3577.00,1796,1781,0.00,0.00,0,0,940368.00,63223872.00,64164240.00,63223872,940368
1668556351.219949,s2-eth1,7902984.00,117546.00,8020530.00,117546,7902984,1796.00,1781.00,3577.00,1781,1796,0.00,0.00,0,0,63223872.00,940368.00,64164240.00,940368,63223872
1668556351.219971,total,20290308.00,20369752.00,40660064.00,20369753,20290309,9076.00,9095.00,18171.00,9095,9076,0.00,0.00,0,0,162322464.00,162958016.00,325280512.00,162958024,162322472
1668556352.220190,lo,117.00,117.00,234.00,117,117,2.00,2.00,4.00,2,2,0.00,0.00,0,0,936.00,936.00,1872.00,936,936
1668556352.220223,eth0,54.00,92.00,146.00,92,54,1.00,1.00,2.00,1,1,0.00,0.00,0,0,432.00,736.00,1168.00,736,432
1668556352.220236,docker0,0.00,0.00,0.00,0,0,0.00,0.00,0.00,0,0,0.00,0.00,0,0,0.00,0.00,0.00,0,0
1668556352.220246,s1-eth1,62436.00,4198518.00,4260954.00,4198518,62436,946.00,955.00,1901.00,955,946,0.00,0.00,0,0,499488.00,33588144.00,34087632.00,33588144,499488
1668556352.220287,s2-eth2,60918.00,4088070.00,4148988.00,4088070,60918,923.00,927.00,1850.00,927,923,0.00,0.00,0,0,487344.00,32704560.00,33191904.00,32704560,487344
1668556352.220308,s2-eth3,57222.00,3849930.00,3907152.00,3849930,57222,867.00,873.00,1740.00,873,867,0.00,0.00,0,0,457776.00,30799440.00,31257216.00,30799440,457776
1668556352.220335,s1-eth3,12067538.00,180576.00,12248114.00,180576,12067538,2741.00,2736.00,5477.00,2736,2741,0.00,0.00,0,0,96540304.00,1444608.00,97984912.00,1444608,96540304
1668556352.220349,s1-eth2,118140.00,7938000.00,8056140.00,7938000,118140,1790.00,1800.00,3590.00,1800,1790,0.00,0.00,0,0,945120.00,63504000.00,64449120.00,63504000,945120
1668556352.220362,s2-eth1,7938000.00,118140.00,8056140.00,118140,7938000,1800.00,1790.00,3590.00,1790,1800,0.00,0.00,0,0,63504000.00,945120.00,64449120.00,945120,63504000
1668556352.220384,total,20304424.00,20373444.00,40677868.00,20373443,20304425,9070.00,9084.00,18154.00,9084,9070,0.00,0.00,0,0,162435392.00,162987552.00,325422944.00,162987544,162435400
1668556353.220586,lo,344.00,344.00,688.00,344,344,6.00,6.00,12.00,6,6,0.00,0.00,0,0,2752.00,2752.00,5504.00,2752,2752
1668556353.220616,eth0,0.00,0.00,0.00,0,0,0.00,0.00,0.00,0,0,0.00,0.00,0,0,0.00,0.00,0.00,0,0
1668556353.220627,docker0,0.00,0.00,0.00,0,0,0.00,0.00,0.00,0,0,0.00,0.00,0,0,0.00,0.00,0.00,0,0
1668556353.220636,s1-eth1,62766.00,4211682.00,4274448.00,4211682,62766,951.00,957.00,1908.00,957,951,0.00,0.00,0,0,502128.00,33693456.00,34195584.00,33693456,502128
1668556353.220650,s2-eth2,59796.00,4026330.00,4086126.00,4026330,59796,906.00,913.00,1819.00,913,906,0.00,0.00,0,0,478368.00,32210640.00,32689008.00,32210640,478368
1668556353.220700,s2-eth3,57948.00,3889752.00,3947700.00,3889752,57948,878.00,884.00,1762.00,884,878,0.00,0.00,0,0,463584.00,31118016.00,31581600.00,31118016,463584
1668556353.220728,s1-eth3,12064576.00,180510.00,12245086.00,180510,12064576,2740.00,2735.00,5475.00,2735,2740,0.00,0.00,0,0,96516608.00,1444080.00,97960688.00,1444080,96516608
1668556353.220743,s1-eth2,117744.00,7911672.00,8029416.00,7911672,117744,1784.00,1796.00,3580.00,1796,1784,0.00,0.00,0,0,941952.00,63293376.00,64235328.00,63293376,941952
1668556353.220756,s2-eth1,7911672.00,117744.00,8029416.00,117744,7911672,1796.00,1784.00,3580.00,1784,1796,0.00,0.00,0,0,63293376.00,941952.00,64235328.00,941952,63293376
1668556353.220777,total,20274846.00,20338034.00,40612880.00,20338034,20274846,9061.00,9075.00,18136.00,9075,9061,0.00,0.00,0,0,162198768.00,162704272.00,324903040.00,162704272,162198768
1668556354.220998,lo,772.00,772.00,1544.00,772,772,6.00,6.00,12.00,6,6,0.00,0.00,0,0,6176.00,6176.00,12352.00,6176,6176
1668556354.221033,eth0,0.00,0.00,0.00,0,0,0.00,0.00,0.00,0,0,0.00,0.00,0,0,0.00,0.00,0.00,0,0
1668556354.221051,docker0,0.00,0.00,0.00,0,0,0.00,0.00,0.00,0,0,0.00,0.00,0,0,0.00,0.00,0.00,0,0
1668556354.221062,s1-eth1,62840.00,4211616.00,4274456.00,4211616,62840,952.00,956.00,1908.00,956,952,0.00,0.00,0,0,502720.00,33692928.00,34195648.00,33692928,502720
1668556354.221076,s2-eth2,61054.00,4088268.00,4149322.00,4088268,61054,925.00,930.00,1855.00,930,925,0.00,0.00,0,0,488432.00,32706144.00,33194576.00,32706144,488432
1668556354.221089,s2-eth3,57024.00,3836836.00,3893860.00,3836836,57024,864.00,872.00,1736.00,872,864,0.00,0.00,0,0,456192.00,30694688.00,31150880.00,30694688,456192
1668556354.221120,s1-eth3,12074778.00,180708.00,12255486.00,180708,12074778,2741.00,2738.00,5479.00,2738,2741,0.00,0.00,0,0,96598224.00,1445664.00,98043888.00,1445664,96598224
1668556354.221135,s1-eth2,117942.00,7925104.00,8043046.00,7925104,117942,1787.00,1802.00,3589.00,1802,1787,0.00,0.00,0,0,943536.00,63400832.00,64344368.00,63400832,943536
1668556354.221149,s2-eth1,7925104.00,117942.00,8043046.00,117942,7925104,1802.00,1787.00,3589.00,1787,1802,0.00,0.00,0,0,63400832.00,943536.00,64344368.00,943536,63400832
1668556354.221171,total,20299514.00,20361246.00,40660760.00,20361246,20299514,9077.00,9091.00,18168.00,9091,9077,0.00,0.00,0,0,162396112.00,162889968.00,325286080.00,162889968,162396112
1668556355.221389,lo,500.00,500.00,1000.00,500,500,5.00,5.00,10.00,5,5,0.00,0.00,0,0,4000.00,4000.00,8000.00,4000,4000
1668556355.222489,eth0,53.95,83.92,137.86,84,54,1.00,1.00,2.00,1,1,0.00,0.00,0,0,431.57,671.33,1102.90,672,432
1668556355.222511,docker0,0.00,0.00,0.00,0,0,0.00,0.00,0.00,0,0,0.00,0.00,0,0,0.00,0.00,0.00,0,0
1668556355.222522,s1-eth1,58861.14,3198365.75,3257226.75,3201564,58920,879.12,921.08,1800.20,922,880,0.00,0.00,0,0,470889.12,25586926.00,26057814.00,25612512,471360
1668556355.222536,s2-eth2,66795.20,4480555.50,4547351.00,4485036,66862,1011.99,1016.98,2028.97,1018,1013,0.00,0.00,0,0,534361.62,35844444.00,36378808.00,35880288,534896
1668556355.222553,s2-eth3,63762.24,4273426.50,4337189.00,4277700,63826,966.03,969.03,1935.06,970,967,0.00,0.00,0,0,510097.91,34187412.00,34697512.00,34221600,510608
1668556355.222585,s1-eth3,12048154.00,189278.72,12237433.00,189468,12060202,2912.09,2855.14,5767.23,2858,2915,0.00,0.00,0,0,96385232.00,1514229.75,97899464.00,1515744,96481616
1668556355.222599,s1-eth2,130685.32,8762793.00,8893479.00,8771556,130816,1980.02,1988.01,3968.03,1990,1982,0.00,0.00,0,0,1045482.56,70102344.00,71147832.00,70172448,1046528
1668556355.222672,s2-eth1,8762793.00,130685.32,8893479.00,130816,8771556,1988.01,1980.02,3968.03,1982,1990,0.00,0.00,0,0,70102344.00,1045482.56,71147832.00,1046528,70172448
1668556355.222698,total,21131604.00,21035688.00,42167292.00,21056724,21152736,9743.26,9736.26,19479.52,9746,9753,0.00,0.00,0,0,169052832.00,168285504.00,337338336.00,168453792,169221888
1668556356.222924,lo,333.67,333.67,667.33,334,334,5.99,5.99,11.99,6,6,0.00,0.00,0,0,2669.33,2669.33,5338.66,2672,2672
1668556356.222958,eth0,250.00,164.00,414.00,164,250,3.00,3.00,6.00,3,3,0.00,0.00,0,0,2000.00,1312.00,3312.00,1312,2000
1668556356.222971,docker0,0.00,0.00,0.00,0,0,0.00,0.00,0.00,0,0,0.00,0.00,0,0,0.00,0.00,0.00,0,0
1668556356.222981,s1-eth1,51402.00,2226380.00,2277782.00,2226380,51402,761.00,802.00,1563.00,802,761,0.00,0.00,0,0,411216.00,17811040.00,18222256.00,17811040,411216
1668556356.222995,s2-eth2,70752.00,5023110.00,5093862.00,5023110,70752,1072.00,1075.00,2147.00,1075,1072,0.00,0.00,0,0,566016.00,40184880.00,40750896.00,40184880,566016
1668556356.223008,s2-eth3,67914.00,4801492.00,4869406.00,4801492,67914,1029.00,1030.00,2059.00,1030,1029,0.00,0.00,0,0,543312.00,38411936.00,38955248.00,38411936,543312
1668556356.223035,s1-eth3,12084294.00,190068.00,12274362.00,190068,12084294,2951.00,2862.00,5813.00,2862,2951,0.00,0.00,0,0,96674352.00,1520544.00,98194896.00,1520544,96674352
1668556356.223049,s1-eth2,138468.00,9812886.00,9951354.00,9812886,138468,2098.00,2103.00,4201.00,2103,2098,0.00,0.00,0,0,1107744.00,78503088.00,79610832.00,78503088,1107744
1668556356.223062,s2-eth1,9812886.00,138468.00,9951354.00,138468,9812886,2103.00,2098.00,4201.00,2098,2103,0.00,0.00,0,0,78503088.00,1107744.00,79610832.00,1107744,78503088
1668556356.223084,total,22226300.00,22192902.00,44419200.00,22192902,22226300,10023.00,9979.00,20002.00,9979,10023,0.00,0.00,0,0,177810400.00,177543216.00,355353600.00,177543216,177810400
1668556357.223323,lo,0.00,0.00,0.00,0,0,0.00,0.00,0.00,0,0,0.00,0.00,0,0,0.00,0.00,0.00,0,0
1668556357.223352,eth0,0.00,0.00,0.00,0,0,0.00,0.00,0.00,0,0,0.00,0.00,0,0,0.00,0.00,0.00,0,0
1668556357.223363,docker0,0.00,0.00,0.00,0,0,0.00,0.00,0.00,0,0,0.00,0.00,0,0,0.00,0.00,0.00,0,0
1668556357.223403,s1-eth1,35442.00,1649178.00,1684620.00,1649178,35442,537.00,569.00,1106.00,569,537,0.00,0.00,0,0,283536.00,13193424.00,13476960.00,13193424,283536
1668556357.223421,s2-eth2,58806.00,5367058.00,5425864.00,5367058,58806,891.00,977.00,1868.00,977,891,0.00,0.00,0,0,470448.00,42936464.00,43406912.00,42936464,470448
1668556357.223434,s2-eth3,55968.00,5097392.00,5153360.00,5097392,55968,848.00,928.00,1776.00,928,848,0.00,0.00,0,0,447744.00,40779136.00,41226880.00,40779136,447744
1668556357.223461,s1-eth3,12051756.00,150216.00,12201972.00,150216,12051756,2458.00,2276.00,4734.00,2276,2458,0.00,0.00,0,0,96414048.00,1201728.00,97615776.00,1201728,96414048
1668556357.223475,s1-eth2,114840.00,10464450.00,10579290.00,10464450,114840,1740.00,1905.00,3645.00,1905,1740,0.00,0.00,0,0,918720.00,83715600.00,84634320.00,83715600,918720
1668556357.223488,s2-eth1,10464450.00,114840.00,10579290.00,114840,10464450,1905.00,1740.00,3645.00,1740,1905,0.00,0.00,0,0,83715600.00,918720.00,84634320.00,918720,83715600
1668556357.223516,total,22781262.00,22843134.00,45624396.00,22843134,22781262,8379.00,8395.00,16774.00,8395,8379,0.00,0.00,0,0,182250096.00,182745072.00,364995168.00,182745072,182250096
1668556358.223801,lo,386.00,386.00,772.00,386,386,3.00,3.00,6.00,3,3,0.00,0.00,0,0,3088.00,3088.00,6176.00,3088,3088
1668556358.223839,eth0,0.00,0.00,0.00,0,0,0.00,0.00,0.00,0,0,0.00,0.00,0,0,0.00,0.00,0.00,0,0
1668556358.223851,docker0,0.00,0.00,0.00,0,0,0.00,0.00,0.00,0,0,0.00,0.00,0,0,0.00,0.00,0.00,0,0
1668556358.223861,s1-eth1,39868.00,1844736.00,1884604.00,1844736,39868,604.00,636.00,1240.00,636,604,0.00,0.00,0,0,318944.00,14757888.00,15076832.00,14757888,318944
1668556358.223875,s2-eth2,57552.00,5245356.00,5302908.00,5245356,57552,872.00,954.00,1826.00,954,872,0.00,0.00,0,0,460416.00,41962848.00,42423264.00,41962848,460416
1668556358.223917,s2-eth3,55440.00,5035916.00,5091356.00,5035916,55440,840.00,918.00,1758.00,918,840,0.00,0.00,0,0,443520.00,40287328.00,40730848.00,40287328,443520
1668556358.223945,s1-eth3,12051244.00,152724.00,12203968.00,152724,12051244,2494.00,2314.00,4808.00,2314,2494,0.00,0.00,0,0,96409952.00,1221792.00,97631744.00,1221792,96409952
1668556358.223959,s1-eth2,112926.00,10281342.00,10394268.00,10281342,112926,1711.00,1873.00,3584.00,1873,1711,0.00,0.00,0,0,903408.00,82250736.00,83154144.00,82250736,903408
1668556358.223973,s2-eth1,10281342.00,112926.00,10394268.00,112926,10281342,1873.00,1711.00,3584.00,1711,1873,0.00,0.00,0,0,82250736.00,903408.00,83154144.00,903408,82250736
1668556358.223995,total,22598758.00,22673386.00,45272144.00,22673386,22598758,8397.00,8409.00,16806.00,8409,8397,0.00,0.00,0,0,180790064.00,181387088.00,362177152.00,181387088,180790064
1668556359.224230,lo,1544.00,1544.00,3088.00,1544,1544,12.00,12.00,24.00,12,12,0.00,0.00,0,0,12352.00,12352.00,24704.00,12352,12352
1668556359.224299,eth0,0.00,0.00,0.00,0,0,0.00,0.00,0.00,0,0,0.00,0.00,0,0,0.00,0.00,0.00,0,0
1668556359.224311,docker0,0.00,0.00,0.00,0,0,0.00,0.00,0.00,0,0,0.00,0.00,0,0,0.00,0.00,0.00,0,0
1668556359.224321,s1-eth1,41476.00,1813478.00,1854954.00,1813478,41476,614.00,645.00,1259.00,645,614,0.00,0.00,0,0,331808.00,14507824.00,14839632.00,14507824,331808
1668556359.224335,s2-eth2,58160.00,4653326.00,4711486.00,4653326,58160,866.00,957.00,1823.00,957,866,0.00,0.00,0,0,465280.00,37226608.00,37691888.00,37226608,465280
1668556359.224348,s2-eth3,69176.00,5379644.00,5448820.00,5379644,69176,1048.00,1058.00,2106.00,1058,1048,0.00,0.00,0,0,553408.00,43037152.00,43590560.00,43037152,553408
1668556359.224375,s1-eth3,12057138.00,168796.00,12225934.00,168796,12057138,2693.00,2528.00,5221.00,2528,2693,0.00,0.00,0,0,96457104.00,1350368.00,97807472.00,1350368,96457104
1668556359.224390,s1-eth2,127328.00,10032838.00,10160166.00,10032838,127328,1914.00,2013.00,3927.00,2013,1914,0.00,0.00,0,0,1018624.00,80262704.00,81281328.00,80262704,1018624
1668556359.224450,s2-eth1,10032838.00,127328.00,10160166.00,127328,10032838,2013.00,1914.00,3927.00,1914,2013,0.00,0.00,0,0,80262704.00,1018624.00,81281328.00,1018624,80262704
1668556359.224473,total,22387660.00,22176954.00,44564616.00,22176954,22387660,9160.00,9127.00,18287.00,9127,9160,0.00,0.00,0,0,179101280.00,177415632.00,356516928.00,177415632,179101280
1668556360.224741,lo,114.00,114.00,228.00,114,114,2.00,2.00,4.00,2,2,0.00,0.00,0,0,912.00,912.00,1824.00,912,912
1668556360.224796,eth0,144.00,160.00,304.00,160,144,2.00,2.00,4.00,2,2,0.00,0.00,0,0,1152.00,1280.00,2432.00,1280,1152
1668556360.224811,docker0,0.00,0.00,0.00,0,0,0.00,0.00,0.00,0,0,0.00,0.00,0,0,0.00,0.00,0.00,0,0
1668556360.224821,s1-eth1,35046.00,1631406.00,1666452.00,1631406,35046,531.00,563.00,1094.00,563,531,0.00,0.00,0,0,280368.00,13051248.00,13331616.00,13051248,280368
1668556360.224835,s2-eth2,79926.00,3698424.00,3778350.00,3698424,79926,1211.00,1276.00,2487.00,1276,1211,0.00,0.00,0,0,639408.00,29587392.00,30226800.00,29587392,639408
1668556360.224848,s2-eth3,61380.00,6794646.00,6856026.00,6794646,61380,930.00,931.00,1861.00,931,930,0.00,0.00,0,0,491040.00,54357168.00,54848208.00,54357168,491040
1668556360.224875,s1-eth3,12049110.00,176088.00,12225198.00,176088,12049110,2747.00,2668.00,5415.00,2668,2747,0.00,0.00,0,0,96392880.00,1408704.00,97801584.00,1408704,96392880
1668556360.224888,s1-eth2,141108.00,10490306.00,10631414.00,10490306,141108,2138.00,2209.00,4347.00,2209,2138,0.00,0.00,0,0,1128864.00,83922448.00,85051312.00,83922448,1128864
1668556360.224901,s2-eth1,10490306.00,141108.00,10631414.00,141108,10490306,2209.00,2138.00,4347.00,2138,2209,0.00,0.00,0,0,83922448.00,1128864.00,85051312.00,1128864,83922448
1668556360.224923,total,22857134.00,22932252.00,45789384.00,22932252,22857134,9770.00,9789.00,19559.00,9789,9770,0.00,0.00,0,0,182857072.00,183458016.00,366315072.00,183458016,182857072
1668556361.225275,lo,1386.00,1386.00,2772.00,1386,1386,16.00,16.00,32.00,16,16,0.00,0.00,0,0,11088.00,11088.00,22176.00,11088,11088
1668556361.225343,eth0,418.00,288.00,706.00,288,418,5.00,4.00,9.00,4,5,0.00,0.00,0,0,3344.00,2304.00,5648.00,2304,3344
1668556361.225357,docker0,0.00,0.00,0.00,0,0,0.00,0.00,0.00,0,0,0.00,0.00,0,0,0.00,0.00,0.00,0,0
1668556361.225367,s1-eth1,39604.00,1838812.00,1878416.00,1838812,39604,600.00,634.00,1234.00,634,600,0.00,0.00,0,0,316832.00,14710496.00,15027328.00,14710496,316832
1668556361.225380,s2-eth2,80594.00,3713234.00,3793828.00,3713234,80594,1221.00,1281.00,2502.00,1281,1221,0.00,0.00,0,0,644752.00,29705872.00,30350624.00,29705872,644752
1668556361.225393,s2-eth3,59210.00,6560854.00,6620064.00,6560854,59210,897.00,899.00,1796.00,899,897,0.00,0.00,0,0,473680.00,52486832.00,52960512.00,52486832,473680
1668556361.225419,s1-eth3,12048198.00,179260.00,12227458.00,179260,12048198,2799.00,2716.00,5515.00,2716,2799,0.00,0.00,0,0,96385584.00,1434080.00,97819664.00,1434080,96385584
1668556361.225433,s1-eth2,139726.00,10279814.00,10419540.00,10279814,139726,2117.00,2179.00,4296.00,2179,2117,0.00,0.00,0,0,1117808.00,82238512.00,83356320.00,82238512,1117808
1668556361.225446,s2-eth1,10279814.00,139726.00,10419540.00,139726,10279814,2179.00,2117.00,4296.00,2117,2179,0.00,0.00,0,0,82238512.00,1117808.00,83356320.00,1117808,82238512
1668556361.225508,total,22648950.00,22713374.00,45362324.00,22713374,22648950,9834.00,9846.00,19680.00,9846,9834,0.00,0.00,0,0,181191600.00,181706992.00,362898592.00,181706992,181191600
1668556362.225735,lo,0.00,0.00,0.00,0,0,0.00,0.00,0.00,0,0,0.00,0.00,0,0,0.00,0.00,0.00,0,0
1668556362.225769,eth0,90.00,76.00,166.00,76,90,1.00,1.00,2.00,1,1,0.00,0.00,0,0,720.00,608.00,1328.00,608,720
1668556362.225782,docker0,0.00,0.00,0.00,0,0,0.00,0.00,0.00,0,0,0.00,0.00,0,0,0.00,0.00,0.00,0,0
1668556362.225812,s1-eth1,44286.00,2058132.00,2102418.00,2058132,44286,671.00,710.00,1381.00,710,671,0.00,0.00,0,0,354288.00,16465056.00,16819344.00,16465056,354288
1668556362.225827,s2-eth2,81114.00,3751608.00,3832722.00,3751608,81114,1229.00,1292.00,2521.00,1292,1229,0.00,0.00,0,0,648912.00,30012864.00,30661776.00,30012864,648912
1668556362.225840,s2-eth3,56892.00,6312384.00,6369276.00,6312384,56892,862.00,864.00,1726.00,864,862,0.00,0.00,0,0,455136.00,50499072.00,50954208.00,50499072,455136
1668556362.225867,s1-eth3,12055908.00,182292.00,12238200.00,182292,12055908,2850.00,2762.00,5612.00,2762,2850,0.00,0.00,0,0,96447264.00,1458336.00,97905600.00,1458336,96447264
1668556362.225880,s1-eth2,138006.00,10061030.00,10199036.00,10061030,138006,2091.00,2155.00,4246.00,2155,2091,0.00,0.00,0,0,1104048.00,80488240.00,81592288.00,80488240,1104048
1668556362.225894,s2-eth1,10061030.00,138006.00,10199036.00,138006,10061030,2155.00,2091.00,4246.00,2091,2155,0.00,0.00,0,0,80488240.00,1104048.00,81592288.00,1104048,80488240
1668556362.225915,total,22437326.00,22503528.00,44940856.00,22503528,22437326,9859.00,9875.00,19734.00,9875,9859,0.00,0.00,0,0,179498608.00,180028224.00,359526848.00,180028224,179498608
1668556363.226145,lo,117.00,117.00,234.00,117,117,2.00,2.00,4.00,2,2,0.00,0.00,0,0,936.00,936.00,1872.00,936,936
1668556363.226199,eth0,54.00,92.00,146.00,92,54,1.00,1.00,2.00,1,1,0.00,0.00,0,0,432.00,736.00,1168.00,736,432
1668556363.226213,docker0,0.00,0.00,0.00,0,0,0.00,0.00,0.00,0,0,0.00,0.00,0,0,0.00,0.00,0.00,0,0
1668556363.226223,s1-eth1,39088.00,1689400.00,1728488.00,1689400,39088,578.00,608.00,1186.00,608,578,0.00,0.00,0,0,312704.00,13515200.00,13827904.00,13515200,312704
1668556363.226236,s2-eth2,69102.00,5250842.00,5319944.00,5250842,69102,1047.00,1081.00,2128.00,1081,1047,0.00,0.00,0,0,552816.00,42006736.00,42559552.00,42006736,552816
1668556363.226250,s2-eth3,69096.00,4887452.00,4956548.00,4887452,69096,1036.00,1038.00,2074.00,1038,1036,0.00,0.00,0,0,552768.00,39099616.00,39652384.00,39099616,552768
1668556363.226276,s1-eth3,12053264.00,177220.00,12230484.00,177220,12053264,2788.00,2660.00,5448.00,2660,2788,0.00,0.00,0,0,96426112.00,1417760.00,97843872.00,1417760,96426112
1668556363.226291,s1-eth2,138132.00,10141322.00,10279454.00,10141322,138132,2082.00,2121.00,4203.00,2121,2082,0.00,0.00,0,0,1105056.00,81130576.00,82235632.00,81130576,1105056
1668556363.226348,s2-eth1,10141322.00,138132.00,10279454.00,138132,10141322,2121.00,2082.00,4203.00,2082,2121,0.00,0.00,0,0,81130576.00,1105056.00,82235632.00,1105056,81130576
1668556363.226371,total,22510176.00,22284576.00,44794752.00,22284577,22510175,9655.00,9593.00,19248.00,9593,9655,0.00,0.00,0,0,180081408.00,178276608.00,358358016.00,178276616,180081400
1668556364.226544,lo,1188.00,1188.00,2376.00,1188,1188,17.00,17.00,34.00,17,17,0.00,0.00,0,0,9504.00,9504.00,19008.00,9504,9504
1668556364.226614,eth0,710.00,588.00,1298.00,588,710,7.00,6.00,13.00,6,7,0.00,0.00,0,0,5680.00,4704.00,10384.00,4704,5680
1668556364.226628,docker0,0.00,0.00,0.00,0,0,0.00,0.00,0.00,0,0,0.00,0.00,0,0,0.00,0.00,0.00,0,0
1668556364.226638,s1-eth1,43230.00,2016664.00,2059894.00,2016664,43230,655.00,696.00,1351.00,696,655,0.00,0.00,0,0,345840.00,16133312.00,16479152.00,16133312,345840
1668556364.226651,s2-eth2,59466.00,5415436.00,5474902.00,5415436,59466,901.00,986.00,1887.00,986,901,0.00,0.00,0,0,475728.00,43323488.00,43799216.00,43323488,475728
1668556364.226664,s2-eth3,69828.00,4705470.00,4775298.00,4705470,69828,1058.00,1067.00,2125.00,1067,1058,0.00,0.00,0,0,558624.00,37643760.00,38202384.00,37643760,558624
1668556364.226692,s1-eth3,12057926.00,172524.00,12230450.00,172524,12057926,2727.00,2614.00,5341.00,2614,2727,0.00,0.00,0,0,96463408.00,1380192.00,97843600.00,1380192,96463408
1668556364.226706,s1-eth2,129294.00,10120906.00,10250200.00,10120906,129294,1959.00,2053.00,4012.00,2053,1959,0.00,0.00,0,0,1034352.00,80967248.00,82001600.00,80967248,1034352
1668556364.226752,s2-eth1,10120906.00,129294.00,10250200.00,129294,10120906,2053.00,1959.00,4012.00,1959,2053,0.00,0.00,0,0,80967248.00,1034352.00,82001600.00,1034352,80967248
1668556364.226778,total,22482548.00,22562070.00,45044616.00,22562070,22482548,9377.00,9398.00,18775.00,9398,9377,0.00,0.00,0,0,179860384.00,180496560.00,360356928.00,180496560,179860384
1668556365.227020,lo,1356.00,1356.00,2712.00,1356,1356,17.00,17.00,34.00,17,17,0.00,0.00,0,0,10848.00,10848.00,21696.00,10848,10848
1668556365.227086,eth0,740.00,972.00,1712.00,972,740,8.00,9.00,17.00,9,8,0.00,0.00,0,0,5920.00,7776.00,13696.00,7776,5920
1668556365.228240,docker0,0.00,0.00,0.00,0,0,0.00,0.00,0.00,0,0,0.00,0.00,0,0,0.00,0.00,0.00,0,0
1668556365.228256,s1-eth1,48461.54,2251438.50,2299900.25,2253690,48510,734.27,776.22,1510.49,777,735,0.00,0.00,0,0,387692.31,18011508.00,18399202.00,18029520,388080
1668556365.228271,s2-eth2,57758.24,5270889.50,5328647.50,5276160,57816,875.12,959.04,1834.17,960,876,0.00,0.00,0,0,462065.94,42167116.00,42629180.00,42209280,462528
1668556365.228285,s2-eth3,68439.56,4599572.50,4668012.00,4604172,68508,1036.96,1044.96,2081.92,1046,1038,0.00,0.00,0,0,547516.50,36796580.00,37344096.00,36833376,548064
1668556365.228347,s1-eth3,12049767.00,174659.34,12224426.00,174834,12061816,2761.24,2646.35,5407.59,2649,2764,0.00,0.00,0,0,96398136.00,1397274.75,97795408.00,1398672,96494528
1668556365.228364,s1-eth2,126263.74,9879273.00,10005537.00,9889152,126390,1913.09,2005.99,3919.08,2008,1915,0.00,0.00,0,0,1010109.94,79034184.00,80044296.00,79113216,1011120
1668556365.228379,s2-eth1,9879273.00,126263.74,10005537.00,126390,9889152,2005.99,1913.09,3919.08,1915,2008,0.00,0.00,0,0,79034184.00,1010109.94,80044296.00,1011120,79113216
1668556365.228402,total,22232056.00,22304422.00,44536480.00,22326726,22254288,9351.65,9371.63,18723.28,9381,9361,0.00,0.00,0,0,177856448.00,178435376.00,356291840.00,178613808,178034304
1668556366.228590,lo,679.32,679.32,1358.64,680,680,11.99,11.99,23.98,12,12,0.00,0.00,0,0,5434.57,5434.57,10869.13,5440,5440
1668556366.228645,eth0,249.75,171.83,421.58,172,250,3.00,3.00,5.99,3,3,0.00,0.00,0,0,1998.00,1374.63,3372.63,1376,2000
1668556366.228661,docker0,0.00,0.00,0.00,0,0,0.00,0.00,0.00,0,0,0.00,0.00,0,0,0.00,0.00,0.00,0,0
1668556366.228672,s1-eth1,51150.00,2373750.00,2424900.00,2373750,51150,775.00,819.00,1594.00,819,775,0.00,0.00,0,0,409200.00,18990000.00,19399200.00,18990000,409200
1668556366.228685,s2-eth2,57684.00,5245356.00,5303040.00,5245356,57684,874.00,954.00,1828.00,954,874,0.00,0.00,0,0,461472.00,41962848.00,42424320.00,41962848,461472
1668556366.228710,s2-eth3,67122.00,4507020.00,4574142.00,4507020,67122,1017.00,1022.00,2039.00,1022,1017,0.00,0.00,0,0,536976.00,36056160.00,36593136.00,36056160,536976
1668556366.228737,s1-eth3,12064254.00,175890.00,12240144.00,175890,12064254,2779.00,2665.00,5444.00,2665,2779,0.00,0.00,0,0,96514032.00,1407120.00,97921152.00,1407120,96514032
1668556366.228751,s1-eth2,124740.00,9746518.00,9871258.00,9746518,124740,1890.00,1975.00,3865.00,1975,1890,0.00,0.00,0,0,997920.00,77972144.00,78970064.00,77972144,997920
1668556366.228764,s2-eth1,9746518.00,124740.00,9871258.00,124740,9746518,1975.00,1890.00,3865.00,1890,1975,0.00,0.00,0,0,77972144.00,997920.00,78970064.00,997920,77972144
1668556366.228799,total,22112398.00,22174126.00,44286524.00,22174126,22112398,9325.00,9340.00,18665.00,9340,9325,0.00,0.00,0,0,176899184.00,177393008.00,354292192.00,177393008,176899184
1668556367.228993,lo,234.00,234.00,468.00,234,234,4.00,4.00,8.00,4,4,0.00,0.00,0,0,1872.00,1872.00,3744.00,1872,1872
1668556367.229029,eth0,108.00,184.00,292.00,184,108,2.00,2.00,4.00,2,2,0.00,0.00,0,0,864.00,1472.00,2336.00,1472,864
1668556367.229074,docker0,0.00,0.00,0.00,0,0,0.00,0.00,0.00,0,0,0.00,0.00,0,0,0.00,0.00,0.00,0,0
1668556367.229085,s1-eth1,55242.00,2554498.00,2609740.00,2554498,55242,837.00,881.00,1718.00,881,837,0.00,0.00,0,0,441936.00,20435984.00,20877920.00,20435984,441936
1668556367.229099,s2-eth2,56298.00,5138398.00,5194696.00,5138398,56298,853.00,935.00,1788.00,935,853,0.00,0.00,0,0,450384.00,41107184.00,41557568.00,41107184,450384
1668556367.229112,s2-eth3,64992.00,4262568.00,4327560.00,4262568,64992,976.00,1004.00,1980.00,1004,976,0.00,0.00,0,0,519936.00,34100544.00,34620480.00,34100544,519936
1668556367.229140,s1-eth3,12062814.00,176598.00,12239412.00,176598,12062814,2823.00,2667.00,5490.00,2667,2823,0.00,0.00,0,0,96502512.00,1412784.00,97915296.00,1412784,96502512
1668556367.229154,s1-eth2,121290.00,9395108.00,9516398.00,9395108,121290,1829.00,1938.00,3767.00,1938,1829,0.00,0.00,0,0,970320.00,75160864.00,76131184.00,75160864,970320
1668556367.229167,s2-eth1,9395108.00,121290.00,9516398.00,121290,9395108,1938.00,1829.00,3767.00,1829,1938,0.00,0.00,0,0,75160864.00,970320.00,76131184.00,970320,75160864
1668556367.229188,total,21756086.00,21648878.00,43404964.00,21648878,21756086,9262.00,9260.00,18522.00,9260,9262,0.00,0.00,0,0,174048688.00,173191024.00,347239712.00,173191024,174048688
1668556368.229457,lo,0.00,0.00,0.00,0,0,0.00,0.00,0.00,0,0,0.00,0.00,0,0,0.00,0.00,0.00,0,0
1668556368.229510,eth0,0.00,0.00,0.00,0,0,0.00,0.00,0.00,0,0,0.00,0.00,0,0,0.00,0.00,0.00,0,0
1668556368.229521,docker0,0.00,0.00,0.00,0,0,0.00,0.00,0.00,0,0,0.00,0.00,0,0,0.00,0.00,0.00,0,0
1668556368.229531,s1-eth1,72138.00,3341136.00,3413274.00,3341136,72138,1093.00,1128.00,2221.00,1128,1093,0.00,0.00,0,0,577104.00,26729088.00,27306192.00,26729088,577104
1668556368.229546,s2-eth2,66900.00,5782720.00,5849620.00,5782720,66900,1004.00,1088.00,2092.00,1088,1004,0.00,0.00,0,0,535200.00,46261760.00,46796960.00,46261760,535200
1668556368.229559,s2-eth3,59676.00,2746042.00,2805718.00,2746042,59676,898.00,953.00,1851.00,953,898,0.00,0.00,0,0,477408.00,21968336.00,22445744.00,21968336,477408
1668556368.229586,s1-eth3,12090662.00,198714.00,12289376.00,198714,12090662,3223.00,2995.00,6218.00,2995,3223,0.00,0.00,0,0,96725296.00,1589712.00,98315008.00,1589712,96725296
1668556368.229600,s1-eth2,126642.00,8540478.00,8667120.00,8540478,126642,1903.00,2043.00,3946.00,2043,1903,0.00,0.00,0,0,1013136.00,68323824.00,69336960.00,68323824,1013136
1668556368.229613,s2-eth1,8540478.00,126642.00,8667120.00,126642,8540478,2043.00,1903.00,3946.00,1903,2043,0.00,0.00,0,0,68323824.00,1013136.00,69336960.00,1013136,68323824
1668556368.229660,total,20956496.00,20735732.00,41692228.00,20735732,20956496,10164.00,10110.00,20274.00,10110,10164,0.00,0.00,0,0,167651968.00,165885856.00,333537824.00,165885856,167651968
1668556369.229839,lo,0.00,0.00,0.00,0,0,0.00,0.00,0.00,0,0,0.00,0.00,0,0,0.00,0.00,0.00,0,0
1668556369.229893,eth0,0.00,0.00,0.00,0,0,0.00,0.00,0.00,0,0,0.00,0.00,0,0,0.00,0.00,0.00,0,0
1668556369.229905,docker0,0.00,0.00,0.00,0,0,0.00,0.00,0.00,0,0,0.00,0.00,0,0,0.00,0.00,0.00,0,0
1668556369.229915,s1-eth1,56562.00,5066588.00,5123150.00,5066588,56562,857.00,922.00,1779.00,922,857,0.00,0.00,0,0,452496.00,40532704.00,40985200.00,40532704,452496
1668556369.229929,s2-eth2,70752.00,4710210.00,4780962.00,4710210,70752,1072.00,1073.00,2145.00,1073,1072,0.00,0.00,0,0,566016.00,37681680.00,38247696.00,37681680,566016
1668556369.229942,s2-eth3,50820.00,2366312.00,2417132.00,2366312,50820,770.00,816.00,1586.00,816,770,0.00,0.00,0,0,406560.00,18930496.00,19337056.00,18930496,406560
1668556369.229969,s1-eth3,12056098.00,178068.00,12234166.00,178068,12056098,2809.00,2698.00,5507.00,2698,2809,0.00,0.00,0,0,96448784.00,1424544.00,97873328.00,1424544,96448784
1668556369.229983,s1-eth2,121440.00,7072112.00,7193552.00,7072112,121440,1840.00,1888.00,3728.00,1888,1840,0.00,0.00,0,0,971520.00,56576896.00,57548416.00,56576896,971520
1668556369.229996,s2-eth1,7072112.00,121440.00,7193552.00,121440,7072112,1888.00,1840.00,3728.00,1840,1888,0.00,0.00,0,0,56576896.00,971520.00,57548416.00,971520,56576896
1668556369.230019,total,19427784.00,19514730.00,38942512.00,19514730,19427784,9236.00,9237.00,18473.00,9237,9236,0.00,0.00,0,0,155422272.00,156117840.00,311540096.00,156117840,155422272
1668556370.230257,lo,114.00,114.00,228.00,114,114,2.00,2.00,4.00,2,2,0.00,0.00,0,0,912.00,912.00,1824.00,912,912
1668556370.230322,eth0,54.00,84.00,138.00,84,54,1.00,1.00,2.00,1,1,0.00,0.00,0,0,432.00,672.00,1104.00,672,432
1668556370.231372,docker0,0.00,0.00,0.00,0,0,0.00,0.00,0.00,0,0,0.00,0.00,0,0,0.00,0.00,0.00,0,0
1668556370.231387,s1-eth1,66593.41,4947339.00,5013932.00,4952286,66660,1008.99,1053.95,2062.94,1055,1010,0.00,0.00,0,0,532747.25,39578712.00,40111456.00,39618288,533280
1668556370.231438,s2-eth2,68043.96,4577412.50,4645456.50,4581990,68112,1030.97,1037.96,2068.93,1039,1032,0.00,0.00,0,0,544351.69,36619300.00,37163652.00,36655920,544896
1668556370.231452,s2-eth3,56043.96,2597844.25,2653888.25,2600442,56100,849.15,896.10,1745.25,897,850,0.00,0.00,0,0,448351.66,20782754.00,21231106.00,20803536,448800
1668556370.231482,s1-eth3,12046909.00,190747.27,12237657.00,190938,12058956,2959.04,2890.11,5849.15,2893,2962,0.00,0.00,0,0,96375272.00,1525978.12,97901256.00,1527504,96471648
1668556370.231496,s1-eth2,124285.72,7179662.50,7303948.50,7186842,124410,1883.12,1935.06,3818.18,1937,1885,0.00,0.00,0,0,994285.75,57437300.00,58431588.00,57494736,995280
1668556370.231510,s2-eth1,7179662.50,124285.72,7303948.50,124410,7186842,1935.06,1883.12,3818.18,1885,1937,0.00,0.00,0,0,57437300.00,994285.75,58431588.00,995280,57494736
1668556370.231533,total,19541706.00,19617490.00,39159192.00,19637106,19561248,9669.33,9699.30,19368.63,9709,9679,0.00,0.00,0,0,156333648.00,156939920.00,313273536.00,157096848,156489984
1668556371.231758,lo,677.32,677.32,1354.65,678,678,11.99,11.99,23.98,12,12,0.00,0.00,0,0,5418.58,5418.58,10837.16,5424,5424
1668556371.231793,eth0,249.75,163.84,413.59,164,250,3.00,3.00,5.99,3,3,0.00,0.00,0,0,1998.00,1310.69,3308.69,1312,2000
1668556371.231807,docker0,0.00,0.00,0.00,0,0,0.00,0.00,0.00,0,0,0.00,0.00,0,0,0.00,0.00,0.00,0,0
1668556371.231817,s1-eth1,72666.00,4881870.00,4954536.00,4881870,72666,1101.00,1107.00,2208.00,1107,1101,0.00,0.00,0,0,581328.00,39054960.00,39636288.00,39054960,581328
1668556371.231832,s2-eth2,67122.00,4511562.00,4578684.00,4511562,67122,1017.00,1025.00,2042.00,1025,1017,0.00,0.00,0,0,536976.00,36092496.00,36629472.00,36092496,536976
1668556371.231845,s2-eth3,59202.00,2753084.00,2812286.00,2753084,59202,897.00,950.00,1847.00,950,897,0.00,0.00,0,0,473616.00,22024672.00,22498288.00,22024672,473616
1668556371.231872,s1-eth3,12066806.00,199056.00,12265862.00,199056,12066806,3059.00,3016.00,6075.00,3016,3059,0.00,0.00,0,0,96534448.00,1592448.00,98126896.00,1592448,96534448
1668556371.231916,s1-eth2,126258.00,7257274.00,7383532.00,7257274,126258,1913.00,1973.00,3886.00,1973,1913,0.00,0.00,0,0,1010064.00,58058192.00,59068256.00,58058192,1010064
1668556371.231945,s2-eth1,7257274.00,126258.00,7383532.00,126258,7257274,1973.00,1913.00,3886.00,1913,1973,0.00,0.00,0,0,58058192.00,1010064.00,59068256.00,1010064,58058192
1668556371.231968,total,19650256.00,19729946.00,39380200.00,19729946,19650256,9975.00,9999.00,19974.00,9999,9975,0.00,0.00,0,0,157202048.00,157839568.00,315041600.00,157839568,157202048
1668556372.232232,lo,0.00,0.00,0.00,0,0,0.00,0.00,0.00,0,0,0.00,0.00,0,0,0.00,0.00,0.00,0,0
1668556372.232262,eth0,0.00,0.00,0.00,0,0,0.00,0.00,0.00,0,0,0.00,0.00,0,0,0.00,0.00,0.00,0,0
1668556372.232292,docker0,0.00,0.00,0.00,0,0,0.00,0.00,0.00,0,0,0.00,0.00,0,0,0.00,0.00,0.00,0,0
1668556372.232305,s1-eth1,71676.00,4811574.00,4883250.00,4811574,71676,1086.00,1095.00,2181.00,1095,1086,0.00,0.00,0,0,573408.00,38492592.00,39066000.00,38492592,573408
1668556372.232320,s2-eth2,66594.00,4467330.00,4533924.00,4467330,66594,1009.00,1013.00,2022.00,1013,1009,0.00,0.00,0,0,532752.00,35738640.00,36271392.00,35738640,532752
1668556372.232333,s2-eth3,61644.00,2855306.00,2916950.00,2855306,61644,934.00,985.00,1919.00,985,934,0.00,0.00,0,0,493152.00,22842448.00,23335600.00,22842448,493152
1668556372.232360,s1-eth3,12064900.00,199848.00,12264748.00,199848,12064900,3074.00,3028.00,6102.00,3028,3074,0.00,0.00,0,0,96519200.00,1598784.00,98117984.00,1598784,96519200
1668556372.232386,s1-eth2,128172.00,7325598.00,7453770.00,7325598,128172,1942.00,1999.00,3941.00,1999,1942,0.00,0.00,0,0,1025376.00,58604784.00,59630160.00,58604784,1025376
1668556372.232399,s2-eth1,7325598.00,128172.00,7453770.00,128172,7325598,1999.00,1942.00,3941.00,1942,1999,0.00,0.00,0,0,58604784.00,1025376.00,59630160.00,1025376,58604784
1668556372.232472,total,19718584.00,19787828.00,39506412.00,19787828,19718584,10044.00,10062.00,20106.00,10062,10044,0.00,0.00,0,0,157748672.00,158302624.00,316051296.00,158302624,157748672
1668556373.232777,lo,0.00,0.00,0.00,0,0,0.00,0.00,0.00,0,0,0.00,0.00,0,0,0.00,0.00,0.00,0,0
1668556373.232842,eth0,0.00,0.00,0.00,0,0,0.00,0.00,0.00,0,0,0.00,0.00,0,0,0.00,0.00,0.00,0,0
1668556373.232856,docker0,0.00,0.00,0.00,0,0,0.00,0.00,0.00,0,0,0.00,0.00,0,0,0.00,0.00,0.00,0,0
1668556373.232866,s1-eth1,65826.00,3020324.00,3086150.00,3020324,65826,985.00,1050.00,2035.00,1050,985,0.00,0.00,0,0,526608.00,24162592.00,24689200.00,24162592,526608
1668556373.232880,s2-eth2,62766.00,5389112.00,5451878.00,5389112,62766,951.00,1004.00,1955.00,1004,951,0.00,0.00,0,0,502128.00,43112896.00,43615024.00,43112896,502128
1668556373.232894,s2-eth3,77418.00,3575402.00,3652820.00,3575402,77418,1173.00,1233.00,2406.00,1233,1173,0.00,0.00,0,0,619344.00,28603216.00,29222560.00,28603216,619344
1668556373.232922,s1-eth3,12074090.00,206076.00,12280166.00,206076,12074090,3301.00,3110.00,6411.00,3110,3301,0.00,0.00,0,0,96592720.00,1648608.00,98241328.00,1648608,96592720
1668556373.232936,s1-eth2,140118.00,8960104.00,9100222.00,8960104,140118,2123.00,2236.00,4359.00,2236,2123,0.00,0.00,0,0,1120944.00,71680832.00,72801776.00,71680832,1120944
1668556373.232949,s2-eth1,8960104.00,140118.00,9100222.00,140118,8960104,2236.00,2123.00,4359.00,2123,2236,0.00,0.00,0,0,71680832.00,1120944.00,72801776.00,1120944,71680832
1668556373.233000,total,21380322.00,21291136.00,42671456.00,21291136,21380322,10769.00,10756.00,21525.00,10756,10769,0.00,0.00,0,0,171042576.00,170329088.00,341371648.00,170329088,171042576
1668556374.233199,lo,0.00,0.00,0.00,0,0,0.00,0.00,0.00,0,0,0.00,0.00,0,0,0.00,0.00,0.00,0,0
1668556374.233264,eth0,0.00,0.00,0.00,0,0,0.00,0.00,0.00,0,0,0.00,0.00,0,0,0.00,0.00,0.00,0,0
1668556374.233277,docker0,0.00,0.00,0.00,0,0,0.00,0.00,0.00,0,0,0.00,0.00,0,0,0.00,0.00,0.00,0,0
1668556374.233287,s1-eth1,64788.00,2874662.00,2939450.00,2874662,64788,964.00,1015.00,1979.00,1015,964,0.00,0.00,0,0,518304.00,22997296.00,23515600.00,22997296,518304
1668556374.233302,s2-eth2,60612.00,4725198.00,4785810.00,4725198,60612,910.00,971.00,1881.00,971,910,0.00,0.00,0,0,484896.00,37801584.00,38286480.00,37801584,484896
1668556374.233315,s2-eth3,76692.00,4302488.00,4379180.00,4302488,76692,1162.00,1192.00,2354.00,1192,1162,0.00,0.00,0,0,613536.00,34419904.00,35033440.00,34419904,613536
1668556374.233355,s1-eth3,12085006.00,201960.00,12286966.00,201960,12085006,3247.00,3034.00,6281.00,3034,3247,0.00,0.00,0,0,96680048.00,1615680.00,98295728.00,1615680,96680048
1668556374.233370,s1-eth2,137370.00,9030648.00,9168018.00,9030648,137370,2073.00,2164.00,4237.00,2164,2073,0.00,0.00,0,0,1098960.00,72245184.00,73344144.00,72245184,1098960
1668556374.233413,s2-eth1,9030648.00,137370.00,9168018.00,137370,9030648,2164.00,2073.00,4237.00,2073,2164,0.00,0.00,0,0,72245184.00,1098960.00,73344144.00,1098960,72245184
1668556374.233441,total,21455116.00,21272326.00,42727440.00,21272326,21455116,10520.00,10449.00,20969.00,10449,10520,0.00,0.00,0,0,171640928.00,170178608.00,341819520.00,170178608,171640928
1668556375.233619,lo,114.00,114.00,228.00,114,114,2.00,2.00,4.00,2,2,0.00,0.00,0,0,912.00,912.00,1824.00,912,912
1668556375.233682,eth0,54.00,84.00,138.00,84,54,1.00,1.00,2.00,1,1,0.00,0.00,0,0,432.00,672.00,1104.00,672,432
1668556375.233696,docker0,0.00,0.00,0.00,0,0,0.00,0.00,0.00,0,0,0.00,0.00,0,0,0.00,0.00,0.00,0,0
1668556375.233707,s1-eth1,57684.00,2678968.00,2736652.00,2678968,57684,874.00,924.00,1798.00,924,874,0.00,0.00,0,0,461472.00,21431744.00,21893216.00,21431744,461472
1668556375.233720,s2-eth2,60918.00,4097022.00,4157940.00,4097022,60918,923.00,931.00,1854.00,931,923,0.00,0.00,0,0,487344.00,32776176.00,33263520.00,32776176,487344
1668556375.233733,s2-eth3,58806.00,5371402.00,5430208.00,5371402,58806,891.00,977.00,1868.00,977,891,0.00,0.00,0,0,470448.00,42971216.00,43441664.00,42971216,470448
1668556375.233762,s1-eth3,12064918.00,177474.00,12242392.00,177474,12064918,2811.00,2689.00,5500.00,2689,2811,0.00,0.00,0,0,96519344.00,1419792.00,97939136.00,1419792,96519344
1668556375.233776,s1-eth2,119724.00,9462566.00,9582290.00,9462566,119724,1814.00,1907.00,3721.00,1907,1814,0.00,0.00,0,0,957792.00,75700528.00,76658320.00,75700528,957792
1668556375.233789,s2-eth1,9462566.00,119724.00,9582290.00,119724,9462566,1907.00,1814.00,3721.00,1814,1907,0.00,0.00,0,0,75700528.00,957792.00,76658320.00,957792,75700528
1668556375.233828,total,21824784.00,21907354.00,43732136.00,21907354,21824784,9223.00,9245.00,18468.00,9245,9223,0.00,0.00,0,0,174598272.00,175258832.00,349857088.00,175258832,174598272
1668556376.234145,lo,2861.00,2861.00,5722.00,2861,2861,41.00,41.00,82.00,41,41,0.00,0.00,0,0,22888.00,22888.00,45776.00,22888,22888
1668556376.234207,eth0,1426.00,1356.00,2782.00,1356,1426,13.00,14.00,27.00,14,13,0.00,0.00,0,0,11408.00,10848.00,22256.00,10848,11408
1668556376.234236,docker0,0.00,0.00,0.00,0,0,0.00,0.00,0.00,0,0,0.00,0.00,0,0,0.00,0.00,0.00,0,0
1668556376.234268,s1-eth1,61314.00,2843458.00,2904772.00,2843458,61314,929.00,981.00,1910.00,981,929,0.00,0.00,0,0,490512.00,22747664.00,23238176.00,22747664,490512
1668556376.234285,s2-eth2,60258.00,4061676.00,4121934.00,4061676,60258,913.00,922.00,1835.00,922,913,0.00,0.00,0,0,482064.00,32493408.00,32975472.00,32493408,482064
1668556376.234298,s2-eth3,57288.00,5223438.00,5280726.00,5223438,57288,868.00,951.00,1819.00,951,868,0.00,0.00,0,0,458304.00,41787504.00,42245808.00,41787504,458304
1668556376.234324,s1-eth3,12054852.00,178860.00,12233712.00,178860,12054852,2834.00,2710.00,5544.00,2710,2834,0.00,0.00,0,0,96438816.00,1430880.00,97869696.00,1430880,96438816
1668556376.234338,s1-eth2,117612.00,9290972.00,9408584.00,9290972,117612,1782.00,1874.00,3656.00,1874,1782,0.00,0.00,0,0,940896.00,74327776.00,75268672.00,74327776,940896
1668556376.234351,s2-eth1,9290972.00,117612.00,9408584.00,117612,9290972,1874.00,1782.00,3656.00,1782,1874,0.00,0.00,0,0,74327776.00,940896.00,75268672.00,940896,74327776
1668556376.234374,total,21646584.00,21720232.00,43366816.00,21720233,21646583,9254.00,9275.00,18529.00,9275,9254,0.00,0.00,0,0,173172672.00,173761856.00,346934528.00,173761864,173172664
1668556377.234606,lo,3931.00,3931.00,7862.00,3931,3931,36.00,36.00,72.00,36,36,0.00,0.00,0,0,31448.00,31448.00,62896.00,31448,31448
1668556377.234641,eth0,450.00,404.00,854.00,404,450,5.00,5.00,10.00,5,5,0.00,0.00,0,0,3600.00,3232.00,6832.00,3232,3600
1668556377.234683,docker0,0.00,0.00,0.00,0,0,0.00,0.00,0.00,0,0,0.00,0.00,0,0,0.00,0.00,0.00,0,0
1668556377.234695,s1-eth1,64920.00,3003514.00,3068434.00,3003514,64920,984.00,1037.00,2021.00,1037,984,0.00,0.00,0,0,519360.00,24028112.00,24547472.00,24028112,519360
1668556377.234709,s2-eth2,59970.00,4035192.00,4095162.00,4035192,59970,909.00,916.00,1825.00,916,909,0.00,0.00,0,0,479760.00,32281536.00,32761296.00,32281536,479760
1668556377.234721,s2-eth3,55704.00,5078304.00,5134008.00,5078304,55704,844.00,924.00,1768.00,924,844,0.00,0.00,0,0,445632.00,40626432.00,41072064.00,40626432,445632
1668556377.234750,s1-eth3,12042040.00,180462.00,12222502.00,180462,12042040,2860.00,2735.00,5595.00,2735,2860,0.00,0.00,0,0,96336320.00,1443696.00,97780016.00,1443696,96336320
1668556377.234764,s1-eth2,115542.00,9114944.00,9230486.00,9114944,115542,1751.00,1840.00,3591.00,1840,1751,0.00,0.00,0,0,924336.00,72919552.00,73843888.00,72919552,924336
1668556377.234777,s2-eth1,9114944.00,115542.00,9230486.00,115542,9114944,1840.00,1751.00,3591.00,1751,1840,0.00,0.00,0,0,72919552.00,924336.00,73843888.00,924336,72919552
1668556377.234800,total,21457500.00,21532292.00,42989792.00,21532293,21457501,9229.00,9244.00,18473.00,9244,9229,0.00,0.00,0,0,171660000.00,172258336.00,343918336.00,172258344,171660008
1668556378.235082,lo,250.00,250.00,500.00,250,250,4.00,4.00,8.00,4,4,0.00,0.00,0,0,2000.00,2000.00,4000.00,2000,2000
1668556378.235115,eth0,114.00,140.00,254.00,140,114,1.00,2.00,3.00,2,1,0.00,0.00,0,0,912.00,1120.00,2032.00,1120,912
1668556378.235128,docker0,0.00,0.00,0.00,0,0,0.00,0.00,0.00,0,0,0.00,0.00,0,0,0.00,0.00,0.00,0,0
1668556378.235138,s1-eth1,66924.00,3099770.00,3166694.00,3099770,66924,1014.00,1069.00,2083.00,1069,1014,0.00,0.00,0,0,535392.00,24798160.00,25333552.00,24798160,535392
1668556378.235152,s2-eth2,60324.00,4052988.00,4113312.00,4052988,60324,914.00,922.00,1836.00,922,914,0.00,0.00,0,0,482592.00,32423904.00,32906496.00,32423904,482592
1668556378.235165,s2-eth3,59730.00,4967476.00,5027206.00,4967476,59730,905.00,978.00,1883.00,978,905,0.00,0.00,0,0,477840.00,39739808.00,40217648.00,39739808,477840
1668556378.235193,s1-eth3,12048618.00,187110.00,12235728.00,187110,12048618,2937.00,2835.00,5772.00,2835,2937,0.00,0.00,0,0,96388944.00,1496880.00,97885824.00,1496880,96388944
1668556378.235209,s1-eth2,120120.00,9016054.00,9136174.00,9016054,120120,1820.00,1899.00,3719.00,1899,1820,0.00,0.00,0,0,960960.00,72128432.00,73089392.00,72128432,960960
1668556378.235223,s2-eth1,9016054.00,120120.00,9136174.00,120120,9016054,1899.00,1820.00,3719.00,1820,1899,0.00,0.00,0,0,72128432.00,960960.00,73089392.00,960960,72128432
1668556378.235245,total,21372134.00,21443908.00,42816040.00,21443908,21372134,9494.00,9529.00,19023.00,9529,9494,0.00,0.00,0,0,170977072.00,171551264.00,342528320.00,171551264,170977072
1668556379.235375,lo,118.00,118.00,236.00,118,118,2.00,2.00,4.00,2,2,0.00,0.00,0,0,944.00,944.00,1888.00,944,944
1668556379.235409,eth0,54.00,92.00,146.00,92,54,1.00,1.00,2.00,1,1,0.00,0.00,0,0,432.00,736.00,1168.00,736,432
1668556379.235446,docker0,0.00,0.00,0.00,0,0,0.00,0.00,0.00,0,0,0.00,0.00,0,0,0.00,0.00,0.00,0,0
1668556379.235461,s1-eth1,71054.00,3160924.00,3231978.00,3160924,71054,1057.00,1118.00,2175.00,1118,1057,0.00,0.00,0,0,568432.00,25287392.00,25855824.00,25287392,568432
1668556379.235475,s2-eth2,58800.00,3819394.00,3878194.00,3819394,58800,876.00,893.00,1769.00,893,876,0.00,0.00,0,0,470400.00,30555152.00,31025552.00,30555152,470400
1668556379.235488,s2-eth3,71484.00,4763394.00,4834878.00,4763394,71484,1074.00,1089.00,2163.00,1089,1074,0.00,0.00,0,0,571872.00,38107152.00,38679024.00,38107152,571872
1668556379.235515,s1-eth3,12052874.00,201404.00,12254278.00,201404,12052874,3177.00,3008.00,6185.00,3008,3177,0.00,0.00,0,0,96422992.00,1611232.00,98034224.00,1611232,96422992
1668556379.235529,s1-eth2,130284.00,8578378.00,8708662.00,8578378,130284,1950.00,1981.00,3931.00,1981,1950,0.00,0.00,0,0,1042272.00,68627024.00,69669296.00,68627024,1042272
1668556379.235542,s2-eth1,8578378.00,130284.00,8708662.00,130284,8578378,1981.00,1950.00,3931.00,1950,1981,0.00,0.00,0,0,68627024.00,1042272.00,69669296.00,1042272,68627024
1668556379.235574,total,20963046.00,20653988.00,41617032.00,20653988,20963046,10118.00,10042.00,20160.00,10042,10118,0.00,0.00,0,0,167704368.00,165231904.00,332936256.00,165231904,167704368
1668556380.235849,lo,234.00,234.00,468.00,234,234,4.00,4.00,8.00,4,4,0.00,0.00,0,0,1872.00,1872.00,3744.00,1872,1872
1668556380.235893,eth0,108.00,184.00,292.00,184,108,2.00,2.00,4.00,2,2,0.00,0.00,0,0,864.00,1472.00,2336.00,1472,864
1668556380.235912,docker0,0.00,0.00,0.00,0,0,0.00,0.00,0.00,0,0,0.00,0.00,0,0,0.00,0.00,0.00,0,0
1668556380.235923,s1-eth1,74580.00,3458370.00,3532950.00,3458370,74580,1130.00,1193.00,2323.00,1193,1130,0.00,0.00,0,0,596640.00,27666960.00,28263600.00,27666960,596640
1668556380.235937,s2-eth2,59136.00,3973476.00,4032612.00,3973476,59136,896.00,902.00,1798.00,902,896,0.00,0.00,0,0,473088.00,31787808.00,32260896.00,31787808,473088
1668556380.235950,s2-eth3,70158.00,4723110.00,4793268.00,4723110,70158,1063.00,1071.00,2134.00,1071,1063,0.00,0.00,0,0,561264.00,37784880.00,38346144.00,37784880,561264
1668556380.235978,s1-eth3,12062148.00,203808.00,12265956.00,203808,12062148,3142.00,3088.00,6230.00,3088,3142,0.00,0.00,0,0,96497184.00,1630464.00,98127648.00,1630464,96497184
1668556380.235992,s1-eth2,129228.00,8709816.00,8839044.00,8709816,129228,1958.00,1976.00,3934.00,1976,1958,0.00,0.00,0,0,1033824.00,69678528.00,70712352.00,69678528,1033824
1668556380.236005,s2-eth1,8709816.00,129228.00,8839044.00,129228,8709816,1976.00,1958.00,3934.00,1958,1976,0.00,0.00,0,0,69678528.00,1033824.00,70712352.00,1033824,69678528
1668556380.236032,total,21105408.00,21198226.00,42303632.00,21198226,21105408,10171.00,10194.00,20365.00,10194,10171,0.00,0.00,0,0,168843264.00,169585808.00,338429056.00,169585808,168843264
1668556381.236319,lo,337.00,337.00,674.00,337,337,6.00,6.00,12.00,6,6,0.00,0.00,0,0,2696.00,2696.00,5392.00,2696,2696
1668556381.236396,eth0,340.00,248.00,588.00,248,340,4.00,4.00,8.00,4,4,0.00,0.00,0,0,2720.00,1984.00,4704.00,1984,2720
1668556381.236413,docker0,0.00,0.00,0.00,0,0,0.00,0.00,0.00,0,0,0.00,0.00,0,0,0.00,0.00,0.00,0,0
1668556381.236423,s1-eth1,76692.00,3545782.00,3622474.00,3545782,76692,1162.00,1223.00,2385.00,1223,1162,0.00,0.00,0,0,613536.00,28366256.00,28979792.00,28366256,613536
1668556381.236437,s2-eth2,58674.00,3960180.00,4018854.00,3960180,58674,889.00,898.00,1787.00,898,889,0.00,0.00,0,0,469392.00,31681440.00,32150832.00,31681440,469392
1668556381.236450,s2-eth3,68904.00,4626090.00,4694994.00,4626090,68904,1044.00,1049.00,2093.00,1049,1044,0.00,0.00,0,0,551232.00,37008720.00,37559952.00,37008720,551232
1668556381.236478,s1-eth3,12045102.00,204270.00,12249372.00,204270,12045102,3147.00,3095.00,6242.00,3095,3147,0.00,0.00,0,0,96360816.00,1634160.00,97994976.00,1634160,96360816
1668556381.236491,s1-eth2,127644.00,8586270.00,8713914.00,8586270,127644,1934.00,1947.00,3881.00,1947,1934,0.00,0.00,0,0,1021152.00,68690160.00,69711312.00,68690160,1021152
1668556381.236524,s2-eth1,8586270.00,127644.00,8713914.00,127644,8586270,1947.00,1934.00,3881.00,1934,1947,0.00,0.00,0,0,68690160.00,1021152.00,69711312.00,1021152,68690160
1668556381.236550,total,20963964.00,21050820.00,42014784.00,21050821,20963963,10133.00,10156.00,20289.00,10156,10133,0.00,0.00,0,0,167711712.00,168406560.00,336118272.00,168406568,167711704
1668556382.236785,lo,1116.00,1116.00,2232.00,1116,1116,12.00,12.00,24.00,12,12,0.00,0.00,0,0,8928.00,8928.00,17856.00,8928,8928
1668556382.236821,eth0,0.00,0.00,0.00,0,0,0.00,0.00,0.00,0,0,0.00,0.00,0,0,0.00,0.00,0.00,0,0
1668556382.236832,docker0,0.00,0.00,0.00,0,0,0.00,0.00,0.00,0,0,0.00,0.00,0,0,0.00,0.00,0.00,0,0
1668556382.236846,s1-eth1,77950.00,3606536.00,3684486.00,3606536,77950,1181.00,1244.00,2425.00,1244,1181,0.00,0.00,0,0,623600.00,28852288.00,29475888.00,28852288,623600
1668556382.236860,s2-eth2,59602.00,3999870.00,4059472.00,3999870,59602,903.00,907.00,1810.00,907,903,0.00,0.00,0,0,476816.00,31998960.00,32475776.00,31998960,476816
1668556382.236873,s2-eth3,67320.00,4515910.00,4583230.00,4515910,67320,1020.00,1025.00,2045.00,1025,1020,0.00,0.00,0,0,538560.00,36127280.00,36665840.00,36127280,538560
1668556382.236911,s1-eth3,12057416.00,204798.00,12262214.00,204798,12057416,3158.00,3103.00,6261.00,3103,3158,0.00,0.00,0,0,96459328.00,1638384.00,98097712.00,1638384,96459328
1668556382.236925,s1-eth2,126918.00,8502550.00,8629468.00,8502550,126918,1923.00,1929.00,3852.00,1929,1923,0.00,0.00,0,0,1015344.00,68020400.00,69035744.00,68020400,1015344
1668556382.236938,s2-eth1,8502550.00,126918.00,8629468.00,126918,8502550,1929.00,1923.00,3852.00,1923,1929,0.00,0.00,0,0,68020400.00,1015344.00,69035744.00,1015344,68020400
1668556382.236961,total,20892872.00,20957698.00,41850568.00,20957698,20892872,10126.00,10143.00,20269.00,10143,10126,0.00,0.00,0,0,167142976.00,167661584.00,334804544.00,167661584,167142976
1668556383.237249,lo,0.00,0.00,0.00,0,0,0.00,0.00,0.00,0,0,0.00,0.00,0,0,0.00,0.00,0.00,0,0
1668556383.237326,eth0,0.00,0.00,0.00,0,0,0.00,0.00,0.00,0,0,0.00,0.00,0,0,0.00,0.00,0.00,0,0
1668556383.237339,docker0,0.00,0.00,0.00,0,0,0.00,0.00,0.00,0,0,0.00,0.00,0,0,0.00,0.00,0.00,0,0
1668556383.237349,s1-eth1,77220.00,3423490.00,3500710.00,3423490,77220,1156.00,1213.00,2369.00,1213,1156,0.00,0.00,0,0,617760.00,27387920.00,28005680.00,27387920,617760
1668556383.237363,s2-eth2,58026.00,3677622.00,3735648.00,3677622,58026,871.00,895.00,1766.00,895,871,0.00,0.00,0,0,464208.00,29420976.00,29885184.00,29420976,464208
1668556383.237377,s2-eth3,69012.00,4789950.00,4858962.00,4789950,69012,1046.00,1031.00,2077.00,1031,1046,0.00,0.00,0,0,552096.00,38319600.00,38871696.00,38319600,552096
1668556383.237404,s1-eth3,12070296.00,204192.00,12274488.00,204192,12070296,3200.00,3072.00,6272.00,3072,3200,0.00,0.00,0,0,96562368.00,1633536.00,98195904.00,1633536,96562368
1668556383.237418,s1-eth2,127038.00,8473496.00,8600534.00,8473496,127038,1917.00,1928.00,3845.00,1928,1917,0.00,0.00,0,0,1016304.00,67787968.00,68804272.00,67787968,1016304
1668556383.237432,s2-eth1,8473496.00,127038.00,8600534.00,127038,8473496,1928.00,1917.00,3845.00,1917,1928,0.00,0.00,0,0,67787968.00,1016304.00,68804272.00,1016304,67787968
1668556383.237470,total,20875088.00,20695788.00,41570876.00,20695788,20875088,10118.00,10056.00,20174.00,10056,10118,0.00,0.00,0,0,167000704.00,165566304.00,332567008.00,165566304,167000704
1668556384.237706,lo,386.00,386.00,772.00,386,386,3.00,3.00,6.00,3,3,0.00,0.00,0,0,3088.00,3088.00,6176.00,3088,3088
1668556384.237742,eth0,0.00,0.00,0.00,0,0,0.00,0.00,0.00,0,0,0.00,0.00,0,0,0.00,0.00,0.00,0,0
1668556384.237754,docker0,0.00,0.00,0.00,0,0,0.00,0.00,0.00,0,0,0.00,0.00,0,0,0.00,0.00,0.00,0,0
1668556384.237763,s1-eth1,61384.00,2843458.00,2904842.00,2843458,61384,930.00,981.00,1911.00,981,930,0.00,0.00,0,0,491072.00,22747664.00,23238736.00,22747664,491072
1668556384.237777,s2-eth2,64750.00,3000510.00,3065260.00,3000510,64750,981.00,1035.00,2016.00,1035,981,0.00,0.00,0,0,518000.00,24004080.00,24522080.00,24004080,518000
1668556384.237790,s2-eth3,57820.00,6298766.00,6356586.00,6298766,57820,876.00,899.00,1775.00,899,876,0.00,0.00,0,0,462560.00,50390128.00,50852688.00,50390128,462560
1668556384.237817,s1-eth3,12056242.00,183678.00,12239920.00,183678,12056242,2877.00,2783.00,5660.00,2783,2877,0.00,0.00,0,0,96449936.00,1469424.00,97919360.00,1469424,96449936
1668556384.237831,s1-eth2,122368.00,9293352.00,9415720.00,9293352,122368,1854.00,1932.00,3786.00,1932,1854,0.00,0.00,0,0,978944.00,74346816.00,75325760.00,74346816,978944
1668556384.237844,s2-eth1,9293352.00,122368.00,9415720.00,122368,9293352,1932.00,1854.00,3786.00,1854,1932,0.00,0.00,0,0,74346816.00,978944.00,75325760.00,978944,74346816
1668556384.237867,total,21656302.00,21742518.00,43398820.00,21742518,21656302,9453.00,9487.00,18940.00,9487,9453,0.00,0.00,0,0,173250416.00,173940144.00,347190560.00,173940144,173250416
1668556385.238079,lo,114.00,114.00,228.00,114,114,2.00,2.00,4.00,2,2,0.00,0.00,0,0,912.00,912.00,1824.00,912,912
1668556385.238161,eth0,54.00,84.00,138.00,84,54,1.00,1.00,2.00,1,1,0.00,0.00,0,0,432.00,672.00,1104.00,672,432
1668556385.239382,docker0,0.00,0.00,0.00,0,0,0.00,0.00,0.00,0,0,0.00,0.00,0,0,0.00,0.00,0.00,0,0
1668556385.239408,s1-eth1,64153.85,2978245.75,3042399.75,2981224,64218,972.03,1026.97,1999.00,1028,973,0.00,0.00,0,0,513230.78,23825966.00,24339198.00,23849792,513744
1668556385.239443,s2-eth2,67120.88,3107063.00,3174184.00,3110170,67188,1016.98,1071.93,2088.91,1073,1018,0.00,0.00,0,0,536967.06,24856504.00,25393472.00,24881360,537504
1668556385.239458,s2-eth3,66593.41,6079079.00,6145672.50,6085158,66660,1008.99,1105.89,2114.89,1107,1010,0.00,0.00,0,0,532747.25,48632632.00,49165380.00,48681264,533280
1668556385.239488,s1-eth3,12090676.00,198000.00,12288676.00,198198,12102766,3183.82,3000.00,6183.82,3003,3187,0.00,0.00,0,0,96725408.00,1584000.00,98309408.00,1585584,96822128
1668556385.239502,s1-eth2,133978.03,9202318.00,9336296.00,9211520,134112,2029.97,2181.82,4211.79,2184,2032,0.00,0.00,0,0,1071824.25,73618544.00,74690368.00,73692160,1072896
1668556385.239516,s2-eth1,9202318.00,133978.03,9336296.00,134112,9211520,2181.82,2029.97,4211.79,2032,2184,0.00,0.00,0,0,73618544.00,1071824.25,74690368.00,1072896,73692160
1668556385.239540,total,21625008.00,21698882.00,43323888.00,21720580,21646632,10396.60,10419.58,20816.18,10430,10407,0.00,0.00,0,0,173000064.00,173591056.00,346591104.00,173764640,173173056
1668556386.239765,lo,333.67,333.67,667.33,334,334,5.99,5.99,11.99,6,6,0.00,0.00,0,0,2669.33,2669.33,5338.66,2672,2672
1668556386.239830,eth0,249.75,163.84,413.59,164,250,3.00,3.00,5.99,3,3,0.00,0.00,0,0,1998.00,1310.69,3308.69,1312,2000
1668556386.239845,docker0,0.00,0.00,0.00,0,0,0.00,0.00,0.00,0,0,0.00,0.00,0,0,0.00,0.00,0.00,0,0
1668556386.239855,s1-eth1,67748.00,2949636.00,3017384.00,2949636,67748,1008.00,1054.00,2062.00,1054,1008,0.00,0.00,0,0,541984.00,23597088.00,24139072.00,23597088,541984
1668556386.239869,s2-eth2,70422.00,3247936.00,3318358.00,3247936,70422,1067.00,1120.00,2187.00,1120,1067,0.00,0.00,0,0,563376.00,25983488.00,26546864.00,25983488,563376
1668556386.239882,s2-eth3,64350.00,5863870.00,5928220.00,5863870,64350,975.00,1067.00,2042.00,1067,975,0.00,0.00,0,0,514800.00,46910960.00,47425760.00,46910960,514800
1668556386.239910,s1-eth3,12099024.00,202532.00,12301556.00,202532,12099024,3240.00,3050.00,6290.00,3050,3240,0.00,0.00,0,0,96792192.00,1620256.00,98412448.00,1620256,96792192
1668556386.239924,s1-eth2,134640.00,9099958.00,9234598.00,9099958,134640,2040.00,2183.00,4223.00,2183,2040,0.00,0.00,0,0,1077120.00,72799664.00,73876784.00,72799664,1077120
1668556386.239938,s2-eth1,9099958.00,134640.00,9234598.00,134640,9099958,2183.00,2040.00,4223.00,2040,2183,0.00,0.00,0,0,72799664.00,1077120.00,73876784.00,1077120,72799664
1668556386.239987,total,21536726.00,21499070.00,43035796.00,21499070,21536726,10522.00,10523.00,21045.00,10523,10522,0.00,0.00,0,0,172293808.00,171992560.00,344286368.00,171992560,172293808
1668556387.240152,lo,172.00,172.00,344.00,172,172,3.00,3.00,6.00,3,3,0.00,0.00,0,0,1376.00,1376.00,2752.00,1376,1376
1668556387.240186,eth0,42.00,42.00,84.00,42,42,1.00,1.00,2.00,1,1,0.00,0.00,0,0,336.00,336.00,672.00,336,336
1668556387.240198,docker0,0.00,0.00,0.00,0,0,0.00,0.00,0.00,0,0,0.00,0.00,0,0,0.00,0.00,0.00,0,0
1668556387.240228,s1-eth1,40908.00,1896802.00,1937710.00,1896802,40908,618.00,657.00,1275.00,657,618,0.00,0.00,0,0,327264.00,15174416.00,15501680.00,15174416,327264
1668556387.240241,s2-eth2,80190.00,3721526.00,3801716.00,3721526,80190,1215.00,1275.00,2490.00,1275,1215,0.00,0.00,0,0,641520.00,29772208.00,30413728.00,29772208,641520
1668556387.240255,s2-eth3,59334.00,6499510.00,6558844.00,6499510,59334,899.00,891.00,1790.00,891,899,0.00,0.00,0,0,474672.00,51996080.00,52470752.00,51996080,474672
1668556387.240282,s1-eth3,12043532.00,180222.00,12223754.00,180222,12043532,2838.00,2729.00,5567.00,2729,2838,0.00,0.00,0,0,96348256.00,1441776.00,97790032.00,1441776,96348256
1668556387.240297,s1-eth2,139458.00,10222616.00,10362074.00,10222616,139458,2113.00,2168.00,4281.00,2168,2113,0.00,0.00,0,0,1115664.00,81780928.00,82896592.00,81780928,1115664
1668556387.240311,s2-eth1,10222616.00,139458.00,10362074.00,139458,10222616,2168.00,2113.00,4281.00,2113,2168,0.00,0.00,0,0,81780928.00,1115664.00,82896592.00,1115664,81780928
1668556387.240343,total,22586252.00,22660348.00,45246600.00,22660348,22586252,9855.00,9837.00,19692.00,9837,9855,0.00,0.00,0,0,180690016.00,181282784.00,361972800.00,181282784,180690016
1668556388.240597,lo,0.00,0.00,0.00,0,0,0.00,0.00,0.00,0,0,0.00,0.00,0,0,0.00,0.00,0.00,0,0
1668556388.240631,eth0,0.00,0.00,0.00,0,0,0.00,0.00,0.00,0,0,0.00,0.00,0,0,0.00,0.00,0.00,0,0
1668556388.240642,docker0,0.00,0.00,0.00,0,0,0.00,0.00,0.00,0,0,0.00,0.00,0,0,0.00,0.00,0.00,0,0
1668556388.240652,s1-eth1,44946.00,2084790.00,2129736.00,2084790,44946,681.00,719.00,1400.00,719,681,0.00,0.00,0,0,359568.00,16678320.00,17037888.00,16678320,359568
1668556388.240666,s2-eth2,80322.00,3783592.00,3863914.00,3783592,80322,1217.00,1272.00,2489.00,1272,1217,0.00,0.00,0,0,642576.00,30268736.00,30911312.00,30268736,642576
1668556388.240679,s2-eth3,57156.00,6253152.00,6310308.00,6253152,57156,866.00,888.00,1754.00,888,866,0.00,0.00,0,0,457248.00,50025216.00,50482464.00,50025216,457248
1668556388.240706,s1-eth3,12054332.00,182490.00,12236822.00,182490,12054332,2848.00,2765.00,5613.00,2765,2848,0.00,0.00,0,0,96434656.00,1459920.00,97894576.00,1459920,96434656
1668556388.240719,s1-eth2,137478.00,10038192.00,10175670.00,10038192,137478,2083.00,2160.00,4243.00,2160,2083,0.00,0.00,0,0,1099824.00,80305536.00,81405360.00,80305536,1099824
1668556388.240733,s2-eth1,10038192.00,137478.00,10175670.00,137478,10038192,2160.00,2083.00,4243.00,2083,2160,0.00,0.00,0,0,80305536.00,1099824.00,81405360.00,1099824,80305536
1668556388.240755,total,22412426.00,22479694.00,44892120.00,22479694,22412426,9855.00,9887.00,19742.00,9887,9855,0.00,0.00,0,0,179299408.00,179837552.00,359136960.00,179837552,179299408
1668556389.241043,lo,172.00,172.00,344.00,172,172,3.00,3.00,6.00,3,3,0.00,0.00,0,0,1376.00,1376.00,2752.00,1376,1376
1668556389.241075,eth0,0.00,0.00,0.00,0,0,0.00,0.00,0.00,0,0,0.00,0.00,0,0,0.00,0.00,0.00,0,0
1668556389.241131,docker0,0.00,0.00,0.00,0,0,0.00,0.00,0.00,0,0,0.00,0.00,0,0,0.00,0.00,0.00,0,0
1668556389.241147,s1-eth1,53288.00,2344068.00,2397356.00,2344068,53288,786.00,830.00,1616.00,830,786,0.00,0.00,0,0,426304.00,18752544.00,19178848.00,18752544,426304
1668556389.241161,s2-eth2,60796.00,3616286.00,3677082.00,3616286,60796,908.00,931.00,1839.00,931,908,0.00,0.00,0,0,486368.00,28930288.00,29416656.00,28930288,486368
1668556389.241175,s2-eth3,68612.00,5812142.00,5880754.00,5812142,68612,1022.00,1095.00,2117.00,1095,1022,0.00,0.00,0,0,548896.00,46497136.00,47046032.00,46497136,548896
1668556389.241202,s1-eth3,12073498.00,182762.00,12256260.00,182762,12073498,2941.00,2717.00,5658.00,2717,2941,0.00,0.00,0,0,96587984.00,1462096.00,98050080.00,1462096,96587984
1668556389.241216,s1-eth2,129408.00,9426914.00,9556322.00,9426914,129408,1930.00,2025.00,3955.00,2025,1930,0.00,0.00,0,0,1035264.00,75415312.00,76450576.00,75415312,1035264
1668556389.241229,s2-eth1,9426914.00,129408.00,9556322.00,129408,9426914,2025.00,1930.00,3955.00,1930,2025,0.00,0.00,0,0,75415312.00,1035264.00,76450576.00,1035264,75415312
1668556389.241267,total,21812688.00,21511752.00,43324440.00,21511752,21812688,9615.00,9531.00,19146.00,9531,9615,0.00,0.00,0,0,174501504.00,172094016.00,346595520.00,172094016,174501504
1668556390.241514,lo,114.00,114.00,228.00,114,114,2.00,2.00,4.00,2,2,0.00,0.00,0,0,912.00,912.00,1824.00,912,912
1668556390.241557,eth0,54.00,84.00,138.00,84,54,1.00,1.00,2.00,1,1,0.00,0.00,0,0,432.00,672.00,1104.00,672,432
1668556390.241575,docker0,0.00,0.00,0.00,0,0,0.00,0.00,0.00,0,0,0.00,0.00,0,0,0.00,0.00,0.00,0,0
1668556390.241585,s1-eth1,63228.00,6940180.00,7003408.00,6940180,63228,958.00,986.00,1944.00,986,958,0.00,0.00,0,0,505824.00,55521440.00,56027264.00,55521440,505824
1668556390.241599,s2-eth2,45936.00,4553028.00,4598964.00,4553028,45936,696.00,666.00,1362.00,666,696,0.00,0.00,0,0,367488.00,36424224.00,36791712.00,36424224,367488
1668556390.241612,s2-eth3,4950.00,192064.00,197014.00,192064,4950,75.00,36.00,111.00,36,75,0.00,0.00,0,0,39600.00,1536512.00,1576112.00,1536512,39600
1668556390.241640,s1-eth3,12034916.00,113850.00,12148766.00,113850,12034916,1786.00,1725.00,3511.00,1725,1786,0.00,0.00,0,0,96279328.00,910800.00,97190128.00,910800,96279328
1668556390.241662,s1-eth2,50754.00,4752464.00,4803218.00,4752464,50754,769.00,704.00,1473.00,704,769,0.00,0.00,0,0,406032.00,38019712.00,38425744.00,38019712,406032
1668556390.241675,s2-eth1,4752464.00,50754.00,4803218.00,50754,4752464,704.00,769.00,1473.00,769,704,0.00,0.00,0,0,38019712.00,406032.00,38425744.00,406032,38019712
1668556390.241698,total,16952416.00,16602538.00,33554952.00,16602538,16952416,4991.00,4889.00,9880.00,4889,4991,0.00,0.00,0,0,135619328.00,132820304.00,268439616.00,132820304,135619328
