1668556024.969021,lo,0.00,0.00,0.00,0,0,0.00,0.00,0.00,0,0,0.00,0.00,0,0,0.00,0.00,0.00,0,0
1668556024.969064,eth0,0.00,0.00,0.00,0,0,0.00,0.00,0.00,0,0,0.00,0.00,0,0,0.00,0.00,0.00,0,0
1668556024.969076,docker0,0.00,0.00,0.00,0,0,0.00,0.00,0.00,0,0,0.00,0.00,0,0,0.00,0.00,0.00,0,0
1668556024.969108,s1-eth1,0.00,0.00,0.00,0,0,0.00,0.00,0.00,0,0,0.00,0.00,0,0,0.00,0.00,0.00,0,0
1668556024.969118,s2-eth2,0.00,0.00,0.00,0,0,0.00,0.00,0.00,0,0,0.00,0.00,0,0,0.00,0.00,0.00,0,0
1668556024.969127,s2-eth3,0.00,0.00,0.00,0,0,0.00,0.00,0.00,0,0,0.00,0.00,0,0,0.00,0.00,0.00,0,0
1668556024.969151,s1-eth3,0.00,0.00,0.00,0,0,0.00,0.00,0.00,0,0,0.00,0.00,0,0,0.00,0.00,0.00,0,0
1668556024.969164,s1-eth2,0.00,0.00,0.00,0,0,0.00,0.00,0.00,0,0,0.00,0.00,0,0,0.00,0.00,0.00,0,0
1668556024.969173,s2-eth1,0.00,0.00,0.00,0,0,0.00,0.00,0.00,0,0,0.00,0.00,0,0,0.00,0.00,0.00,0,0
1668556024.969196,total,0.00,0.00,0.00,0,0,0.00,0.00,0.00,0,0,0.00,0.00,0,0,0.00,0.00,0.00,0,0
1668556025.969425,lo,7016.00,7016.00,14032.00,7016,7016,53.00,53.00,106.00,53,53,0.00,0.00,0,0,56128.00,56128.00,112256.00,56128,56128
1668556025.969464,eth0,448.00,340.00,788.00,340,448,6.00,5.00,11.00,5,6,0.00,0.00,0,0,3584.00,2720.00,6304.00,2720,3584
1668556025.969481,docker0,0.00,0.00,0.00,0,0,0.00,0.00,0.00,0,0,0.00,0.00,0,0,0.00,0.00,0.00,0,0
1668556025.969493,s1-eth1,82764.00,7616068.00,7698832.00,7616068,82764,1038.00,1222.00,2260.00,1222,1038,0.00,0.00,0,0,662112.00,60928544.00,61590656.00,60928544,662112
1668556025.969507,s2-eth2,51290.00,2822406.00,2873696.00,2822406,51290,633.00,795.00,1428.00,795,633,0.00,0.00,0,0,410320.00,22579248.00,22989568.00,22579248,410320
1668556025.969520,s2-eth3,41644.00,2234874.00,2276518.00,2234874,41644,512.00,689.00,1201.00,689,512,0.00,0.00,0,0,333152.00,17878992.00,18212144.00,17878992,333152
1668556025.969547,s1-eth3,12048558.00,173488.00,12222046.00,173488,12048558,2541.00,2158.00,4699.00,2158,2541,0.00,0.00,0,0,96388464.00,1387904.00,97776368.00,1387904,96388464
1668556025.969561,s1-eth2,91890.00,5054568.00,5146458.00,5054568,91890,1133.00,1486.00,2619.00,1486,1133,0.00,0.00,0,0,735120.00,40436544.00,41171664.00,40436544,735120
1668556025.969575,s2-eth1,5054568.00,91890.00,5146458.00,91890,5054568,1486.00,1133.00,2619.00,1133,1486,0.00,0.00,0,0,40436544.00,735120.00,41171664.00,735120,40436544
1668556025.969596,total,17378178.00,18000650.00,35378828.00,18000650,17378178,7402.00,7541.00,14943.00,7541,7402,0.00,0.00,0,0,139025424.00,144005200.00,283030624.00,144005200,139025424
1668556026.969835,lo,775.00,775.00,1550.00,775,775,6.00,6.00,12.00,6,6,0.00,0.00,0,0,6200.00,6200.00,12400.00,6200,6200
1668556026.969873,eth0,5207.00,5867.00,11074.00,5867,5207,12.00,12.00,24.00,12,12,0.00,0.00,0,0,41656.00,46936.00,88592.00,46936,41656
1668556026.969887,docker0,0.00,0.00,0.00,0,0,0.00,0.00,0.00,0,0,0.00,0.00,0,0,0.00,0.00,0.00,0,0
1668556026.969898,s1-eth1,66000.00,8237328.00,8303328.00,8237328,66000,1000.00,1004.00,2004.00,1004,1000,0.00,0.00,0,0,528000.00,65898624.00,66426624.00,65898624,528000
1668556026.969912,s2-eth2,45804.00,2124810.00,2170614.00,2124810,45804,694.00,733.00,1427.00,733,694,0.00,0.00,0,0,366432.00,16998480.00,17364912.00,16998480,366432
1668556026.969925,s2-eth3,37884.00,1767724.00,1805608.00,1767724,37884,574.00,610.00,1184.00,610,574,0.00,0.00,0,0,303072.00,14141792.00,14444864.00,14141792,303072
1668556026.969952,s1-eth3,12048992.00,149754.00,12198746.00,149754,12048992,2328.00,2269.00,4597.00,2269,2328,0.00,0.00,0,0,96391936.00,1198032.00,97589968.00,1198032,96391936
1668556026.969966,s1-eth2,83688.00,3892534.00,3976222.00,3892534,83688,1268.00,1343.00,2611.00,1343,1268,0.00,0.00,0,0,669504.00,31140272.00,31809776.00,31140272,669504
1668556026.969983,s2-eth1,3892534.00,83688.00,3976222.00,83688,3892534,1343.00,1268.00,2611.00,1268,1343,0.00,0.00,0,0,31140272.00,669504.00,31809776.00,669504,31140272
1668556026.970006,total,16180884.00,16262480.00,32443364.00,16262480,16180884,7225.00,7245.00,14470.00,7245,7225,0.00,0.00,0,0,129447072.00,130099840.00,259546912.00,130099840,129447072
1668556027.970209,lo,116.00,116.00,232.00,116,116,2.00,2.00,4.00,2,2,0.00,0.00,0,0,928.00,928.00,1856.00,928,928
1668556027.970257,eth0,106.00,40.00,146.00,40,106,1.00,1.00,2.00,1,1,0.00,0.00,0,0,848.00,320.00,1168.00,320,848
1668556027.970270,docker0,0.00,0.00,0.00,0,0,0.00,0.00,0.00,0,0,0.00,0.00,0,0,0.00,0.00,0.00,0,0
1668556027.970280,s1-eth1,63162.00,7891380.00,7954542.00,7891380,63162,957.00,962.00,1919.00,962,957,0.00,0.00,0,0,505296.00,63131040.00,63636336.00,63131040,505296
1668556027.970294,s2-eth2,48840.00,2281862.00,2330702.00,2281862,48840,740.00,787.00,1527.00,787,740,0.00,0.00,0,0,390720.00,18254896.00,18645616.00,18254896,390720
1668556027.970329,s2-eth3,41844.00,1939586.00,1981430.00,1939586,41844,634.00,669.00,1303.00,669,634,0.00,0.00,0,0,334752.00,15516688.00,15851440.00,15516688,334752
1668556027.970356,s1-eth3,12047862.00,153846.00,12201708.00,153846,12047862,2399.00,2331.00,4730.00,2331,2399,0.00,0.00,0,0,96382896.00,1230768.00,97613664.00,1230768,96382896
1668556027.970370,s1-eth2,90618.00,4218486.00,4309104.00,4218486,90618,1373.00,1455.00,2828.00,1455,1373,0.00,0.00,0,0,724944.00,33747888.00,34472832.00,33747888,724944
1668556027.970383,s2-eth1,4218486.00,90618.00,4309104.00,90618,4218486,1455.00,1373.00,2828.00,1373,1455,0.00,0.00,0,0,33747888.00,724944.00,34472832.00,724944,33747888
1668556027.970409,total,16511034.00,16575934.00,33086968.00,16575934,16511034,7561.00,7580.00,15141.00,7580,7561,0.00,0.00,0,0,132088272.00,132607472.00,264695744.00,132607472,132088272
1668556028.970719,lo,1930.00,1930.00,3860.00,1930,1930,15.00,15.00,30.00,15,15,0.00,0.00,0,0,15440.00,15440.00,30880.00,15440,15440
1668556028.970797,eth0,0.00,0.00,0.00,0,0,0.00,0.00,0.00,0,0,0.00,0.00,0,0,0.00,0.00,0.00,0,0
1668556028.970815,docker0,0.00,0.00,0.00,0,0,0.00,0.00,0.00,0,0,0.00,0.00,0,0,0.00,0.00,0.00,0,0
1668556028.970827,s1-eth1,60992.00,7593616.00,7654608.00,7593616,60992,924.00,926.00,1850.00,926,924,0.00,0.00,0,0,487936.00,60748928.00,61236864.00,60748928,487936
1668556028.970841,s2-eth2,51690.00,2382636.00,2434326.00,2382636,51690,783.00,822.00,1605.00,822,783,0.00,0.00,0,0,413520.00,19061088.00,19474608.00,19061088,413520
1668556028.970856,s2-eth3,45746.00,2111518.00,2157264.00,2111518,45746,693.00,729.00,1422.00,729,693,0.00,0.00,0,0,365968.00,16892144.00,17258112.00,16892144,365968
1668556028.970884,s1-eth3,12026030.00,158004.00,12184034.00,158004,12026030,2463.00,2394.00,4857.00,2394,2463,0.00,0.00,0,0,96208240.00,1264032.00,97472272.00,1264032,96208240
1668556028.970898,s1-eth2,97358.00,4500078.00,4597436.00,4500078,97358,1475.00,1553.00,3028.00,1553,1475,0.00,0.00,0,0,778864.00,36000624.00,36779488.00,36000624,778864
1668556028.970952,s2-eth1,4500078.00,97358.00,4597436.00,97358,4500078,1553.00,1475.00,3028.00,1475,1553,0.00,0.00,0,0,36000624.00,778864.00,36779488.00,778864,36000624
1668556028.970976,total,16783824.00,16845140.00,33628964.00,16845140,16783824,7906.00,7914.00,15820.00,7914,7906,0.00,0.00,0,0,134270592.00,134761120.00,269031712.00,134761120,134270592
1668556029.971207,lo,12294.00,12294.00,24588.00,12294,12294,92.00,92.00,184.00,92,92,0.00,0.00,0,0,98352.00,98352.00,196704.00,98352,98352
1668556029.971245,eth0,0.00,0.00,0.00,0,0,0.00,0.00,0.00,0,0,0.00,0.00,0,0,0.00,0.00,0.00,0,0
1668556029.971260,docker0,0.00,0.00,0.00,0,0,0.00,0.00,0.00,0,0,0.00,0.00,0,0,0.00,0.00,0.00,0,0
1668556029.971271,s1-eth1,64752.00,7389384.00,7454136.00,7389384,64752,982.00,992.00,1974.00,992,982,0.00,0.00,0,0,518016.00,59115072.00,59633088.00,59115072,518016
1668556029.971286,s2-eth2,54188.00,2493940.00,2548128.00,2493940,54188,822.00,864.00,1686.00,864,822,0.00,0.00,0,0,433504.00,19951520.00,20385024.00,19951520,433504
1668556029.971300,s2-eth3,48252.00,2222748.00,2271000.00,2222748,48252,732.00,770.00,1502.00,770,732,0.00,0.00,0,0,386016.00,17781984.00,18168000.00,17781984,386016
1668556029.971334,s1-eth3,12052380.00,166516.00,12218896.00,166516,12052380,2600.00,2524.00,5124.00,2524,2600,0.00,0.00,0,0,96419040.00,1332128.00,97751168.00,1332128,96419040
1668556029.971349,s1-eth2,102076.00,4710750.00,4812826.00,4710750,102076,1548.00,1631.00,3179.00,1631,1548,0.00,0.00,0,0,816608.00,37686000.00,38502608.00,37686000,816608
1668556029.971371,s2-eth1,4710750.00,102076.00,4812826.00,102076,4710750,1631.00,1548.00,3179.00,1548,1631,0.00,0.00,0,0,37686000.00,816608.00,38502608.00,816608,37686000
1668556029.971393,total,17044692.00,17097708.00,34142400.00,17097708,17044692,8407.00,8421.00,16828.00,8421,8407,0.00,0.00,0,0,136357536.00,136781664.00,273139200.00,136781664,136357536
1668556030.971640,lo,448.00,448.00,896.00,448,448,8.00,8.00,16.00,8,8,0.00,0.00,0,0,3584.00,3584.00,7168.00,3584,3584
1668556030.971677,eth0,394.00,324.00,718.00,324,394,5.00,5.00,10.00,5,5,0.00,0.00,0,0,3152.00,2592.00,5744.00,2592,3152
1668556030.971737,docker0,0.00,0.00,0.00,0,0,0.00,0.00,0.00,0,0,0.00,0.00,0,0,0.00,0.00,0.00,0,0
1668556030.971748,s1-eth1,64350.00,7709394.00,7773744.00,7709394,64350,975.00,969.00,1944.00,969,975,0.00,0.00,0,0,514800.00,61675152.00,62189952.00,61675152,514800
1668556030.971763,s2-eth2,61710.00,2849382.00,2911092.00,2849382,61710,935.00,983.00,1918.00,983,935,0.00,0.00,0,0,493680.00,22795056.00,23288736.00,22795056,493680
1668556030.971776,s2-eth3,32028.00,1445394.00,1477422.00,1445394,32028,478.00,509.00,987.00,509,478,0.00,0.00,0,0,256224.00,11563152.00,11819376.00,11563152,256224
1668556030.971804,s1-eth3,12031686.00,158022.00,12189708.00,158022,12031686,2483.00,2387.00,4870.00,2387,2483,0.00,0.00,0,0,96253488.00,1264176.00,97517664.00,1264176,96253488
1668556030.971818,s1-eth2,93738.00,4297738.00,4391476.00,4297738,93738,1413.00,1493.00,2906.00,1493,1413,0.00,0.00,0,0,749904.00,34381904.00,35131808.00,34381904,749904
1668556030.971831,s2-eth1,4297738.00,93738.00,4391476.00,93738,4297738,1493.00,1413.00,2906.00,1413,1493,0.00,0.00,0,0,34381904.00,749904.00,35131808.00,749904,34381904
1668556030.971853,total,16582092.00,16554440.00,33136532.00,16554440,16582092,7790.00,7767.00,15557.00,7767,7790,0.00,0.00,0,0,132656736.00,132435520.00,265092256.00,132435520,132656736
1668556031.972120,lo,0.00,0.00,0.00,0,0,0.00,0.00,0.00,0,0,0.00,0.00,0,0,0.00,0.00,0.00,0,0
1668556031.972153,eth0,0.00,0.00,0.00,0,0,0.00,0.00,0.00,0,0,0.00,0.00,0,0,0.00,0.00,0.00,0,0
1668556031.972165,docker0,0.00,0.00,0.00,0,0,0.00,0.00,0.00,0,0,0.00,0.00,0,0,0.00,0.00,0.00,0,0
1668556031.972175,s1-eth1,61908.00,7719262.00,7781170.00,7719262,61908,938.00,943.00,1881.00,943,938,0.00,0.00,0,0,495264.00,61754096.00,62249360.00,61754096,495264
1668556031.972195,s2-eth2,63030.00,2919022.00,2982052.00,2919022,63030,955.00,1007.00,1962.00,1007,955,0.00,0.00,0,0,504240.00,23352176.00,23856416.00,23352176,504240
1668556031.972208,s2-eth3,31482.00,1463954.00,1495436.00,1463954,31482,477.00,505.00,982.00,505,477,0.00,0.00,0,0,251856.00,11711632.00,11963488.00,11711632,251856
1668556031.972235,s1-eth3,12035956.00,156618.00,12192574.00,156618,12035956,2438.00,2373.00,4811.00,2373,2438,0.00,0.00,0,0,96287648.00,1252944.00,97540592.00,1252944,96287648
1668556031.972249,s1-eth2,94644.00,4374090.00,4468734.00,4374090,94644,1434.00,1509.00,2943.00,1509,1434,0.00,0.00,0,0,757152.00,34992720.00,35749872.00,34992720,757152
1668556031.972263,s2-eth1,4374090.00,94644.00,4468734.00,94644,4374090,1509.00,1434.00,2943.00,1434,1509,0.00,0.00,0,0,34992720.00,757152.00,35749872.00,757152,34992720
1668556031.972289,total,16661110.00,16727590.00,33388700.00,16727590,16661110,7751.00,7771.00,15522.00,7771,7751,0.00,0.00,0,0,133288880.00,133820720.00,267109600.00,133820720,133288880
1668556032.972584,lo,0.00,0.00,0.00,0,0,0.00,0.00,0.00,0,0,0.00,0.00,0,0,0.00,0.00,0.00,0,0
1668556032.972619,eth0,42.00,42.00,84.00,42,42,1.00,1.00,2.00,1,1,0.00,0.00,0,0,336.00,336.00,672.00,336,336
1668556032.972671,docker0,0.00,0.00,0.00,0,0,0.00,0.00,0.00,0,0,0.00,0.00,0,0,0.00,0.00,0.00,0,0
1668556032.972687,s1-eth1,61050.00,7595126.00,7656176.00,7595126,61050,925.00,927.00,1852.00,927,925,0.00,0.00,0,0,488400.00,60761008.00,61249408.00,60761008,488400
1668556032.972702,s2-eth2,66264.00,3055340.00,3121604.00,3055340,66264,1004.00,1054.00,2058.00,1054,1004,0.00,0.00,0,0,530112.00,24442720.00,24972832.00,24442720,530112
1668556032.972715,s2-eth3,30660.00,1371278.00,1401938.00,1371278,30660,458.00,483.00,941.00,483,458,0.00,0.00,0,0,245280.00,10970224.00,11215504.00,10970224,245280
1668556032.972755,s1-eth3,12048666.00,157842.00,12206508.00,157842,12048666,2477.00,2385.00,4862.00,2385,2477,0.00,0.00,0,0,96389328.00,1262736.00,97652064.00,1262736,96389328
1668556032.972770,s1-eth2,96858.00,4435504.00,4532362.00,4435504,96858,1461.00,1540.00,3001.00,1540,1461,0.00,0.00,0,0,774864.00,35484032.00,36258896.00,35484032,774864
1668556032.972783,s2-eth1,4435504.00,96858.00,4532362.00,96858,4435504,1540.00,1461.00,3001.00,1461,1540,0.00,0.00,0,0,35484032.00,774864.00,36258896.00,774864,35484032
1668556032.972822,total,16739044.00,16711990.00,33451034.00,16711990,16739044,7866.00,7851.00,15717.00,7851,7866,0.00,0.00,0,0,133912352.00,133695920.00,267608272.00,133695920,133912352
1668556033.973056,lo,0.00,0.00,0.00,0,0,0.00,0.00,0.00,0,0,0.00,0.00,0,0,0.00,0.00,0.00,0,0
1668556033.973105,eth0,0.00,0.00,0.00,0,0,0.00,0.00,0.00,0,0,0.00,0.00,0,0,0.00,0.00,0.00,0,0
1668556033.973123,docker0,0.00,0.00,0.00,0,0,0.00,0.00,0.00,0,0,0.00,0.00,0,0,0.00,0.00,0.00,0,0
1668556033.973134,s1-eth1,63096.00,7860840.00,7923936.00,7860840,63096,956.00,960.00,1916.00,960,956,0.00,0.00,0,0,504768.00,62886720.00,63391488.00,62886720,504768
1668556033.973149,s2-eth2,71016.00,3287956.00,3358972.00,3287956,71016,1076.00,1134.00,2210.00,1134,1076,0.00,0.00,0,0,568128.00,26303648.00,26871776.00,26303648,568128
1668556033.973162,s2-eth3,20526.00,957188.00,977714.00,957188,20526,311.00,330.00,641.00,330,311,0.00,0.00,0,0,164208.00,7657504.00,7821712.00,7657504,164208
1668556033.973189,s1-eth3,12038122.00,154572.00,12192694.00,154572,12038122,2405.00,2342.00,4747.00,2342,2405,0.00,0.00,0,0,96304976.00,1236576.00,97541552.00,1236576,96304976
1668556033.973233,s1-eth2,91410.00,4245144.00,4336554.00,4245144,91410,1385.00,1464.00,2849.00,1464,1385,0.00,0.00,0,0,731280.00,33961152.00,34692432.00,33961152,731280
1668556033.973247,s2-eth1,4245144.00,91410.00,4336554.00,91410,4245144,1464.00,1385.00,2849.00,1385,1464,0.00,0.00,0,0,33961152.00,731280.00,34692432.00,731280,33961152
1668556033.973269,total,16529314.00,16597110.00,33126424.00,16597110,16529314,7597.00,7615.00,15212.00,7615,7597,0.00,0.00,0,0,132234512.00,132776880.00,265011392.00,132776880,132234512
1668556034.973461,lo,344.00,344.00,688.00,344,344,6.00,6.00,12.00,6,6,0.00,0.00,0,0,2752.00,2752.00,5504.00,2752,2752
1668556034.973498,eth0,0.00,0.00,0.00,0,0,0.00,0.00,0.00,0,0,0.00,0.00,0,0,0.00,0.00,0.00,0,0
1668556034.973548,docker0,0.00,0.00,0.00,0,0,0.00,0.00,0.00,0,0,0.00,0.00,0,0,0.00,0.00,0.00,0,0
1668556034.973559,s1-eth1,62964.00,8140894.00,8203858.00,8140894,62964,954.00,947.00,1901.00,947,954,0.00,0.00,0,0,503712.00,65127152.00,65630864.00,65127152,503712
1668556034.973573,s2-eth2,56548.00,2541074.00,2597622.00,2541074,56548,838.00,897.00,1735.00,897,838,0.00,0.00,0,0,452384.00,20328592.00,20780976.00,20328592,452384
1668556034.973586,s2-eth3,27060.00,1263920.00,1290980.00,1263920,27060,410.00,436.00,846.00,436,410,0.00,0.00,0,0,216480.00,10111360.00,10327840.00,10111360,216480
1668556034.973614,s1-eth3,12045808.00,146506.00,12192314.00,146506,12045808,2324.00,2201.00,4525.00,2201,2324,0.00,0.00,0,0,96366464.00,1172048.00,97538512.00,1172048,96366464
1668556034.973629,s1-eth2,83608.00,3802032.00,3885640.00,3802032,83608,1248.00,1332.00,2580.00,1332,1248,0.00,0.00,0,0,668864.00,30416256.00,31085120.00,30416256,668864
1668556034.973642,s2-eth1,3802032.00,83608.00,3885640.00,83608,3802032,1332.00,1248.00,2580.00,1248,1332,0.00,0.00,0,0,30416256.00,668864.00,31085120.00,668864,30416256
1668556034.973685,total,16078364.00,15978378.00,32056742.00,15978378,16078364,7112.00,7067.00,14179.00,7067,7112,0.00,0.00,0,0,128626912.00,127827024.00,256453936.00,127827024,128626912
1668556035.973916,lo,448.00,448.00,896.00,448,448,8.00,8.00,16.00,8,8,0.00,0.00,0,0,3584.00,3584.00,7168.00,3584,3584
1668556035.973954,eth0,304.00,248.00,552.00,248,304,4.00,4.00,8.00,4,4,0.00,0.00,0,0,2432.00,1984.00,4416.00,1984,2432
1668556035.973967,docker0,0.00,0.00,0.00,0,0,0.00,0.00,0.00,0,0,0.00,0.00,0,0,0.00,0.00,0.00,0,0
1668556035.973988,s1-eth1,65670.00,8625788.00,8691458.00,8625788,65670,995.00,1010.00,2005.00,1010,995,0.00,0.00,0,0,525360.00,69006304.00,69531664.00,69006304,525360
1668556035.974003,s2-eth2,43824.00,2026998.00,2070822.00,2026998,43824,664.00,699.00,1363.00,699,664,0.00,0.00,0,0,350592.00,16215984.00,16566576.00,16215984,350592
1668556035.974016,s2-eth3,30822.00,1434334.00,1465156.00,1434334,30822,467.00,495.00,962.00,495,467,0.00,0.00,0,0,246576.00,11474672.00,11721248.00,11474672,246576
1668556035.974042,s1-eth3,12036502.00,140382.00,12176884.00,140382,12036502,2183.00,2127.00,4310.00,2127,2183,0.00,0.00,0,0,96292016.00,1123056.00,97415072.00,1123056,96292016
1668556035.974056,s1-eth2,74646.00,3459818.00,3534464.00,3459818,74646,1131.00,1193.00,2324.00,1193,1131,0.00,0.00,0,0,597168.00,27678544.00,28275712.00,27678544,597168
1668556035.974069,s2-eth1,3459818.00,74646.00,3534464.00,74646,3459818,1193.00,1131.00,2324.00,1131,1193,0.00,0.00,0,0,27678544.00,597168.00,28275712.00,597168,27678544
1668556035.974091,total,15712034.00,15762662.00,31474696.00,15762662,15712034,6645.00,6667.00,13312.00,6667,6645,0.00,0.00,0,0,125696272.00,126101296.00,251797568.00,126101296,125696272
1668556036.974289,lo,2598.00,2598.00,5196.00,2598,2598,19.00,19.00,38.00,19,19,0.00,0.00,0,0,20784.00,20784.00,41568.00,20784,20784
1668556036.974325,eth0,0.00,0.00,0.00,0,0,0.00,0.00,0.00,0,0,0.00,0.00,0,0,0.00,0.00,0.00,0,0
1668556036.974337,docker0,0.00,0.00,0.00,0,0,0.00,0.00,0.00,0,0,0.00,0.00,0,0,0.00,0.00,0.00,0,0
1668556036.974347,s1-eth1,67332.00,8360152.00,8427484.00,8360152,67332,1020.00,1022.00,2042.00,1022,1020,0.00,0.00,0,0,538656.00,66881216.00,67419872.00,66881216,538656
1668556036.974361,s2-eth2,45952.00,2115924.00,2161876.00,2115924,45952,696.00,730.00,1426.00,730,696,0.00,0.00,0,0,367616.00,16927392.00,17295008.00,16927392,367616
1668556036.974375,s2-eth3,34992.00,1615152.00,1650144.00,1615152,34992,530.00,558.00,1088.00,558,530,0.00,0.00,0,0,279936.00,12921216.00,13201152.00,12921216,279936
1668556036.974401,s1-eth3,12021984.00,147646.00,12169630.00,147646,12021984,2292.00,2237.00,4529.00,2237,2292,0.00,0.00,0,0,96175872.00,1181168.00,97357040.00,1181168,96175872
1668556036.974416,s1-eth2,80730.00,3735552.00,3816282.00,3735552,80730,1223.00,1290.00,2513.00,1290,1223,0.00,0.00,0,0,645840.00,29884416.00,30530256.00,29884416,645840
1668556036.974429,s2-eth1,3735552.00,80730.00,3816282.00,80730,3735552,1290.00,1223.00,2513.00,1223,1290,0.00,0.00,0,0,29884416.00,645840.00,30530256.00,645840,29884416
1668556036.974460,total,15989140.00,16057754.00,32046894.00,16057754,15989140,7070.00,7079.00,14149.00,7079,7070,0.00,0.00,0,0,127913120.00,128462032.00,256375152.00,128462032,127913120
1668556037.974697,lo,1300.00,1300.00,2600.00,1300,1300,13.00,13.00,26.00,13,13,0.00,0.00,0,0,10400.00,10400.00,20800.00,10400,10400
1668556037.974733,eth0,268.00,280.00,548.00,280,268,2.00,3.00,5.00,3,2,0.00,0.00,0,0,2144.00,2240.00,4384.00,2240,2144
1668556037.974747,docker0,0.00,0.00,0.00,0,0,0.00,0.00,0.00,0,0,0.00,0.00,0,0,0.00,0.00,0.00,0,0
1668556037.974757,s1-eth1,66912.00,7816880.00,7883792.00,7816880,66912,994.00,996.00,1990.00,996,994,0.00,0.00,0,0,535296.00,62535040.00,63070336.00,62535040,535296
1668556037.974770,s2-eth2,46930.00,2167862.00,2214792.00,2167862,46930,711.00,749.00,1460.00,749,711,0.00,0.00,0,0,375440.00,17342896.00,17718336.00,17342896,375440
1668556037.974783,s2-eth3,37978.00,1754428.00,1792406.00,1754428,37978,575.00,606.00,1181.00,606,575,0.00,0.00,0,0,303824.00,14035424.00,14339248.00,14035424,303824
1668556037.974811,s1-eth3,12032520.00,151688.00,12184208.00,151688,12032520,2342.00,2278.00,4620.00,2278,2342,0.00,0.00,0,0,96260160.00,1213504.00,97473664.00,1213504,96260160
1668556037.974841,s1-eth2,84768.00,3916366.00,4001134.00,3916366,84768,1284.00,1353.00,2637.00,1353,1284,0.00,0.00,0,0,678144.00,31330928.00,32009072.00,31330928,678144
1668556037.974855,s2-eth1,3916366.00,84768.00,4001134.00,84768,3916366,1353.00,1284.00,2637.00,1284,1353,0.00,0.00,0,0,31330928.00,678144.00,32009072.00,678144,31330928
1668556037.974889,total,16187042.00,15893572.00,32080614.00,15893572,16187042,7274.00,7282.00,14556.00,7282,7274,0.00,0.00,0,0,129496336.00,127148576.00,256644912.00,127148576,129496336
1668556038.975123,lo,386.00,386.00,772.00,386,386,3.00,3.00,6.00,3,3,0.00,0.00,0,0,3088.00,3088.00,6176.00,3088,3088
1668556038.975168,eth0,90.00,0.00,90.00,0,90,1.00,0.00,1.00,0,1,0.00,0.00,0,0,720.00,0.00,720.00,0,720
1668556038.975186,docker0,0.00,0.00,0.00,0,0,0.00,0.00,0.00,0,0,0.00,0.00,0,0,0.00,0.00,0.00,0,0
1668556038.975197,s1-eth1,64564.00,6674598.00,6739162.00,6674598,64564,970.00,955.00,1925.00,955,970,0.00,0.00,0,0,516512.00,53396784.00,53913296.00,53396784,516512
1668556038.975211,s2-eth2,60588.00,3771548.00,3832136.00,3771548,60588,918.00,914.00,1832.00,914,918,0.00,0.00,0,0,484704.00,30172384.00,30657088.00,30172384,484704
1668556038.975224,s2-eth3,35152.00,1592046.00,1627198.00,1592046,35152,526.00,559.00,1085.00,559,526,0.00,0.00,0,0,281216.00,12736368.00,13017584.00,12736368,281216
1668556038.975258,s1-eth3,12038212.00,160020.00,12198232.00,160020,12038212,2494.00,2410.00,4904.00,2410,2494,0.00,0.00,0,0,96305696.00,1280160.00,97585856.00,1280160,96305696
1668556038.975273,s1-eth2,95604.00,5368140.00,5463744.00,5368140,95604,1442.00,1476.00,2918.00,1476,1442,0.00,0.00,0,0,764832.00,42945120.00,43709952.00,42945120,764832
1668556038.975287,s2-eth1,5368140.00,95604.00,5463744.00,95604,5368140,1476.00,1442.00,2918.00,1442,1476,0.00,0.00,0,0,42945120.00,764832.00,43709952.00,764832,42945120
1668556038.975309,total,17662736.00,17662342.00,35325080.00,17662342,17662736,7830.00,7759.00,15589.00,7759,7830,0.00,0.00,0,0,141301888.00,141298736.00,282600640.00,141298736,141301888
1668556039.975517,lo,614.00,614.00,1228.00,614,614,9.00,9.00,18.00,9,9,0.00,0.00,0,0,4912.00,4912.00,9824.00,4912,4912
1668556039.975594,eth0,342.00,440.00,782.00,440,342,3.00,5.00,8.00,5,3,0.00,0.00,0,0,2736.00,3520.00,6256.00,3520,2736
1668556039.975613,docker0,0.00,0.00,0.00,0,0,0.00,0.00,0.00,0,0,0.00,0.00,0,0,0.00,0.00,0.00,0,0
1668556039.975625,s1-eth1,58080.00,6458504.00,6516584.00,6458504,58080,880.00,884.00,1764.00,884,880,0.00,0.00,0,0,464640.00,51668032.00,52132672.00,51668032,464640
1668556039.975639,s2-eth2,56298.00,3788190.00,3844488.00,3788190,56298,853.00,859.00,1712.00,859,853,0.00,0.00,0,0,450384.00,30305520.00,30755904.00,30305520,450384
1668556039.975655,s2-eth3,39996.00,1858098.00,1898094.00,1858098,39996,606.00,641.00,1247.00,641,606,0.00,0.00,0,0,319968.00,14864784.00,15184752.00,14864784,319968
1668556039.975695,s1-eth3,12031402.00,154572.00,12185974.00,154572,12031402,2369.00,2342.00,4711.00,2342,2369,0.00,0.00,0,0,96251216.00,1236576.00,97487792.00,1236576,96251216
1668556039.975734,s1-eth2,96492.00,5644774.00,5741266.00,5644774,96492,1462.00,1499.00,2961.00,1499,1462,0.00,0.00,0,0,771936.00,45158192.00,45930128.00,45158192,771936
1668556039.975750,s2-eth1,5644774.00,96492.00,5741266.00,96492,5644774,1499.00,1462.00,2961.00,1462,1499,0.00,0.00,0,0,45158192.00,771936.00,45930128.00,771936,45158192
1668556039.975772,total,17927998.00,18001684.00,35929680.00,18001684,17927998,7681.00,7701.00,15382.00,7701,7681,0.00,0.00,0,0,143423984.00,144013472.00,287437440.00,144013472,143423984
1668556040.975997,lo,450.00,450.00,900.00,450,450,8.00,8.00,16.00,8,8,0.00,0.00,0,0,3600.00,3600.00,7200.00,3600,3600
1668556040.976033,eth0,304.00,256.00,560.00,256,304,4.00,4.00,8.00,4,4,0.00,0.00,0,0,2432.00,2048.00,4480.00,2048,2432
1668556040.976047,docker0,0.00,0.00,0.00,0,0,0.00,0.00,0.00,0,0,0.00,0.00,0,0,0.00,0.00,0.00,0,0
1668556040.976066,s1-eth1,58014.00,6262434.00,6320448.00,6262434,58014,879.00,897.00,1776.00,897,879,0.00,0.00,0,0,464112.00,50099472.00,50563584.00,50099472,464112
1668556040.976080,s2-eth2,56562.00,3802934.00,3859496.00,3802934,56562,857.00,863.00,1720.00,863,857,0.00,0.00,0,0,452496.00,30423472.00,30875968.00,30423472,452496
1668556040.976093,s2-eth3,44088.00,2047732.00,2091820.00,2047732,44088,668.00,706.00,1374.00,706,668,0.00,0.00,0,0,352704.00,16381856.00,16734560.00,16381856,352704
1668556040.976121,s1-eth3,12050634.00,158466.00,12209100.00,158466,12050634,2441.00,2401.00,4842.00,2401,2441,0.00,0.00,0,0,96405072.00,1267728.00,97672800.00,1267728,96405072
1668556040.976145,s1-eth2,100452.00,5847770.00,5948222.00,5847770,100452,1522.00,1569.00,3091.00,1569,1522,0.00,0.00,0,0,803616.00,46782160.00,47585776.00,46782160,803616
1668556040.976158,s2-eth1,5847770.00,100452.00,5948222.00,100452,5847770,1569.00,1522.00,3091.00,1522,1569,0.00,0.00,0,0,46782160.00,803616.00,47585776.00,803616,46782160
1668556040.976180,total,18158274.00,18220494.00,36378768.00,18220494,18158274,7948.00,7970.00,15918.00,7970,7948,0.00,0.00,0,0,145266192.00,145763952.00,291030144.00,145763952,145266192
1668556041.976453,lo,117.00,117.00,234.00,117,117,2.00,2.00,4.00,2,2,0.00,0.00,0,0,936.00,936.00,1872.00,936,936
1668556041.976490,eth0,144.00,168.00,312.00,168,144,2.00,2.00,4.00,2,2,0.00,0.00,0,0,1152.00,1344.00,2496.00,1344,1152
1668556041.976504,docker0,0.00,0.00,0.00,0,0,0.00,0.00,0.00,0,0,0.00,0.00,0,0,0.00,0.00,0.00,0,0
1668556041.976514,s1-eth1,66660.00,6104180.00,6170840.00,6104180,66660,1010.00,1110.00,2120.00,1110,1010,0.00,0.00,0,0,533280.00,48833440.00,49366720.00,48833440,533280
1668556041.976527,s2-eth2,57618.00,3870730.00,3928348.00,3870730,57618,873.00,881.00,1754.00,881,873,0.00,0.00,0,0,460944.00,30965840.00,31426784.00,30965840,460944
1668556041.976541,s2-eth3,46266.00,2141134.00,2187400.00,2141134,46266,701.00,739.00,1440.00,739,701,0.00,0.00,0,0,370128.00,17129072.00,17499200.00,17129072,370128
1668556041.976568,s1-eth3,12059502.00,170610.00,12230112.00,170610,12059502,2707.00,2585.00,5292.00,2585,2707,0.00,0.00,0,0,96476016.00,1364880.00,97840896.00,1364880,96476016
1668556041.976583,s1-eth2,103950.00,6020684.00,6124634.00,6020684,103950,1575.00,1622.00,3197.00,1622,1575,0.00,0.00,0,0,831600.00,48165472.00,48997072.00,48165472,831600
1668556041.976596,s2-eth1,6020684.00,103950.00,6124634.00,103950,6020684,1622.00,1575.00,3197.00,1575,1622,0.00,0.00,0,0,48165472.00,831600.00,48997072.00,831600,48165472
1668556041.976618,total,18354940.00,18411572.00,36766512.00,18411573,18354941,8492.00,8516.00,17008.00,8516,8492,0.00,0.00,0,0,146839520.00,147292576.00,294132096.00,147292584,146839528
1668556042.976856,lo,837.00,837.00,1674.00,837,837,13.00,13.00,26.00,13,13,0.00,0.00,0,0,6696.00,6696.00,13392.00,6696,6696
1668556042.976890,eth0,380.00,364.00,744.00,364,380,4.00,4.00,8.00,4,4,0.00,0.00,0,0,3040.00,2912.00,5952.00,2912,3040
1668556042.976904,docker0,0.00,0.00,0.00,0,0,0.00,0.00,0.00,0,0,0.00,0.00,0,0,0.00,0.00,0.00,0,0
1668556042.976914,s1-eth1,69120.00,5501078.00,5570198.00,5501078,69120,1014.00,1055.00,2069.00,1055,1014,0.00,0.00,0,0,552960.00,44008624.00,44561584.00,44008624,552960
1668556042.976928,s2-eth2,60156.00,3407184.00,3467340.00,3407184,60156,902.00,944.00,1846.00,944,902,0.00,0.00,0,0,481248.00,27257472.00,27738720.00,27257472,481248
1668556042.976963,s2-eth3,55374.00,2864036.00,2919410.00,2864036,55374,839.00,854.00,1693.00,854,839,0.00,0.00,0,0,442992.00,22912288.00,23355280.00,22912288,442992
1668556042.976990,s1-eth3,12067306.00,184716.00,12252022.00,184716,12067306,2913.00,2756.00,5669.00,2756,2913,0.00,0.00,0,0,96538448.00,1477728.00,98016176.00,1477728,96538448
1668556042.977004,s1-eth2,115596.00,6263848.00,6379444.00,6263848,115596,1742.00,1796.00,3538.00,1796,1742,0.00,0.00,0,0,924768.00,50110784.00,51035552.00,50110784,924768
1668556042.977018,s2-eth1,6263848.00,115596.00,6379444.00,115596,6263848,1796.00,1742.00,3538.00,1742,1796,0.00,0.00,0,0,50110784.00,924768.00,51035552.00,924768,50110784
1668556042.977040,total,18632616.00,18337660.00,36970276.00,18337659,18632617,9223.00,9164.00,18387.00,9164,9223,0.00,0.00,0,0,149060928.00,146701280.00,295762208.00,146701272,149060936
1668556043.977270,lo,172.00,172.00,344.00,172,172,3.00,3.00,6.00,3,3,0.00,0.00,0,0,1376.00,1376.00,2752.00,1376,1376
1668556043.977316,eth0,0.00,0.00,0.00,0,0,0.00,0.00,0.00,0,0,0.00,0.00,0,0,0.00,0.00,0.00,0,0
1668556043.978225,docker0,0.00,0.00,0.00,0,0,0.00,0.00,0.00,0,0,0.00,0.00,0,0,0.00,0.00,0.00,0,0
1668556043.978239,s1-eth1,66593.41,4937147.00,5003740.50,4942084,66660,1008.99,1052.95,2061.94,1054,1010,0.00,0.00,0,0,532747.25,39497176.00,40029924.00,39536672,533280
1668556043.978265,s2-eth2,72341.66,3342405.75,3414747.25,3345748,72414,1095.90,1152.85,2248.75,1154,1097,0.00,0.00,0,0,578733.31,26739246.00,27317978.00,26765984,579312
1668556043.978279,s2-eth3,57230.77,3863970.25,3921201.00,3867834,57288,867.13,880.12,1747.25,881,868,0.00,0.00,0,0,457846.16,30911762.00,31369608.00,30942672,458304
1668556043.978308,s1-eth3,12051595.00,196231.78,12247827.00,196428,12063646,3051.95,2973.03,6024.98,2976,3055,0.00,0.00,0,0,96412760.00,1569854.25,97982616.00,1571424,96509168
1668556043.978323,s1-eth2,129638.37,7213740.50,7343379.00,7220954,129768,1964.04,2034.97,3999.00,2037,1966,0.00,0.00,0,0,1037106.94,57709924.00,58747032.00,57767632,1038144
1668556043.978337,s2-eth1,7213740.50,129638.37,7343379.00,129768,7220954,2034.97,1964.04,3999.00,1966,2037,0.00,0.00,0,0,57709924.00,1037106.94,58747032.00,1038144,57767632
1668556043.978368,total,19591312.00,19683306.00,39274616.00,19702988,19610902,10025.97,10060.94,20086.91,10071,10036,0.00,0.00,0,0,156730496.00,157466448.00,314196928.00,157623904,156887216
1668556044.978619,lo,116.88,116.88,233.77,117,117,2.00,2.00,4.00,2,2,0.00,0.00,0,0,935.06,935.06,1870.13,936,936
1668556044.978691,eth0,53.95,91.91,145.85,92,54,1.00,1.00,2.00,1,1,0.00,0.00,0,0,431.57,735.26,1166.83,736,432
1668556044.978708,docker0,0.00,0.00,0.00,0,0,0.00,0.00,0.00,0,0,0.00,0.00,0,0,0.00,0.00,0.00,0,0
1668556044.978719,s1-eth1,72666.00,4881936.00,4954602.00,4881936,72666,1101.00,1108.00,2209.00,1108,1101,0.00,0.00,0,0,581328.00,39055488.00,39636816.00,39055488,581328
1668556044.978733,s2-eth2,72666.00,3367996.00,3440662.00,3367996,72666,1101.00,1162.00,2263.00,1162,1101,0.00,0.00,0,0,581328.00,26943968.00,27525296.00,26943968,581328
1668556044.978747,s2-eth3,57948.00,3894162.00,3952110.00,3894162,57948,878.00,885.00,1763.00,885,878,0.00,0.00,0,0,463584.00,31153296.00,31616880.00,31153296,463584
1668556044.978774,s1-eth3,12067544.00,203346.00,12270890.00,203346,12067544,3136.00,3081.00,6217.00,3081,3136,0.00,0.00,0,0,96540352.00,1626768.00,98167120.00,1626768,96540352
1668556044.978788,s1-eth2,130548.00,7253272.00,7383820.00,7253272,130548,1978.00,2044.00,4022.00,2044,1978,0.00,0.00,0,0,1044384.00,58026176.00,59070560.00,58026176,1044384
1668556044.978801,s2-eth1,7253272.00,130548.00,7383820.00,130548,7253272,2044.00,1978.00,4022.00,1978,2044,0.00,0.00,0,0,58026176.00,1044384.00,59070560.00,1044384,58026176
1668556044.978871,total,19654816.00,19731468.00,39386284.00,19731469,19654815,10241.00,10261.00,20502.00,10261,10241,0.00,0.00,0,0,157238528.00,157851744.00,315090272.00,157851752,157238520
1668556045.979077,lo,449.00,449.00,898.00,449,449,8.00,8.00,16.00,8,8,0.00,0.00,0,0,3592.00,3592.00,7184.00,3592,3592
1668556045.979114,eth0,394.00,332.00,726.00,332,394,5.00,5.00,10.00,5,5,0.00,0.00,0,0,3152.00,2656.00,5808.00,2656,3152
1668556045.979142,docker0,0.00,0.00,0.00,0,0,0.00,0.00,0.00,0,0,0.00,0.00,0,0,0.00,0.00,0.00,0,0
1668556045.979153,s1-eth1,71280.00,4785048.00,4856328.00,4785048,71280,1080.00,1088.00,2168.00,1088,1080,0.00,0.00,0,0,570240.00,38280384.00,38850624.00,38280384,570240
1668556045.979167,s2-eth2,76098.00,3519124.00,3595222.00,3519124,76098,1153.00,1214.00,2367.00,1214,1153,0.00,0.00,0,0,608784.00,28152992.00,28761776.00,28152992,608784
1668556045.979180,s2-eth3,56892.00,3819060.00,3875952.00,3819060,56892,862.00,866.00,1728.00,866,862,0.00,0.00,0,0,455136.00,30552480.00,31007616.00,30552480,455136
1668556045.979208,s1-eth3,12062676.00,204270.00,12266946.00,204270,12062676,3150.00,3095.00,6245.00,3095,3150,0.00,0.00,0,0,96501408.00,1634160.00,98135568.00,1634160,96501408
1668556045.979222,s1-eth2,132990.00,7342660.00,7475650.00,7342660,132990,2015.00,2082.00,4097.00,2082,2015,0.00,0.00,0,0,1063920.00,58741280.00,59805200.00,58741280,1063920
1668556045.979244,s2-eth1,7342660.00,132990.00,7475650.00,132990,7342660,2082.00,2015.00,4097.00,2015,2082,0.00,0.00,0,0,58741280.00,1063920.00,59805200.00,1063920,58741280
1668556045.979333,total,19743440.00,19803932.00,39547372.00,19803933,19743439,10355.00,10373.00,20728.00,10373,10355,0.00,0.00,0,0,157947520.00,158431456.00,316378976.00,158431464,157947512
1668556046.979542,lo,0.00,0.00,0.00,0,0,0.00,0.00,0.00,0,0,0.00,0.00,0,0,0.00,0.00,0.00,0,0
1668556046.979578,eth0,0.00,0.00,0.00,0,0,0.00,0.00,0.00,0,0,0.00,0.00,0,0,0.00,0.00,0.00,0,0
1668556046.979629,docker0,0.00,0.00,0.00,0,0,0.00,0.00,0.00,0,0,0.00,0.00,0,0,0.00,0.00,0.00,0,0
1668556046.979641,s1-eth1,65274.00,5542146.00,5607420.00,5542146,65274,989.00,1041.00,2030.00,1041,989,0.00,0.00,0,0,522192.00,44337168.00,44859360.00,44337168,522192
1668556046.979656,s2-eth2,65208.00,4013178.00,4078386.00,4013178,65208,988.00,977.00,1965.00,977,988,0.00,0.00,0,0,521664.00,32105424.00,32627088.00,32105424,521664
1668556046.979669,s2-eth3,50636.00,2447924.00,2498560.00,2447924,50636,748.00,802.00,1550.00,802,748,0.00,0.00,0,0,405088.00,19583392.00,19988480.00,19583392,405088
1668556046.979697,s1-eth3,12059134.00,180854.00,12239988.00,180854,12059134,2855.00,2721.00,5576.00,2721,2855,0.00,0.00,0,0,96473072.00,1446832.00,97919904.00,1446832,96473072
1668556046.979712,s1-eth2,115712.00,6461102.00,6576814.00,6461102,115712,1734.00,1779.00,3513.00,1779,1734,0.00,0.00,0,0,925696.00,51688816.00,52614512.00,51688816,925696
1668556046.979725,s2-eth1,6461102.00,115712.00,6576814.00,115712,6461102,1779.00,1734.00,3513.00,1734,1779,0.00,0.00,0,0,51688816.00,925696.00,52614512.00,925696,51688816
1668556046.979761,total,18817066.00,18760916.00,37577984.00,18760916,18817066,9093.00,9054.00,18147.00,9054,9093,0.00,0.00,0,0,150536528.00,150087328.00,300623872.00,150087328,150536528
1668556047.980002,lo,172.00,172.00,344.00,172,172,3.00,3.00,6.00,3,3,0.00,0.00,0,0,1376.00,1376.00,2752.00,1376,1376
1668556047.980038,eth0,0.00,0.00,0.00,0,0,0.00,0.00,0.00,0,0,0.00,0.00,0,0,0.00,0.00,0.00,0,0
1668556047.980049,docker0,0.00,0.00,0.00,0,0,0.00,0.00,0.00,0,0,0.00,0.00,0,0,0.00,0.00,0.00,0,0
1668556047.980059,s1-eth1,60456.00,5522394.00,5582850.00,5522394,60456,916.00,1005.00,1921.00,1005,916,0.00,0.00,0,0,483648.00,44179152.00,44662800.00,44179152,483648
1668556047.980073,s2-eth2,61116.00,4105776.00,4166892.00,4105776,61116,926.00,932.00,1858.00,932,926,0.00,0.00,0,0,488928.00,32846208.00,33335136.00,32846208,488928
1668556047.980092,s2-eth3,54186.00,2510068.00,2564254.00,2510068,54186,821.00,866.00,1687.00,866,821,0.00,0.00,0,0,433488.00,20080544.00,20514032.00,20080544,433488
1668556047.980119,s1-eth3,12071956.00,175824.00,12247780.00,175824,12071956,2786.00,2664.00,5450.00,2664,2786,0.00,0.00,0,0,96575648.00,1406592.00,97982240.00,1406592,96575648
1668556047.980133,s1-eth2,115302.00,6615844.00,6731146.00,6615844,115302,1747.00,1798.00,3545.00,1798,1747,0.00,0.00,0,0,922416.00,52926752.00,53849168.00,52926752,922416
1668556047.980147,s2-eth1,6615844.00,115302.00,6731146.00,115302,6615844,1798.00,1747.00,3545.00,1747,1798,0.00,0.00,0,0,52926752.00,922416.00,53849168.00,922416,52926752
1668556047.980169,total,18979032.00,19045380.00,38024412.00,19045380,18979032,8997.00,9015.00,18012.00,9015,8997,0.00,0.00,0,0,151832256.00,152363040.00,304195296.00,152363040,151832256
1668556048.980391,lo,172.00,172.00,344.00,172,172,3.00,3.00,6.00,3,3,0.00,0.00,0,0,1376.00,1376.00,2752.00,1376,1376
1668556048.980438,eth0,0.00,0.00,0.00,0,0,0.00,0.00,0.00,0,0,0.00,0.00,0,0,0.00,0.00,0.00,0,0
1668556048.981471,docker0,0.00,0.00,0.00,0,0,0.00,0.00,0.00,0,0,0.00,0.00,0,0,0.00,0.00,0.00,0,0
1668556048.981487,s1-eth1,59274.73,5408513.50,5467788.50,5413922,59334,898.10,984.02,1882.12,985,899,0.00,0.00,0,0,474197.81,43268108.00,43742308.00,43311376,474672
1668556048.981503,s2-eth2,61252.75,4110419.75,4171672.50,4114530,61314,928.07,932.07,1860.14,933,929,0.00,0.00,0,0,490022.00,32883358.00,33373380.00,32916240,490512
1668556048.981517,s2-eth3,55846.16,2590479.50,2646325.75,2593070,55902,846.15,894.11,1740.26,895,847,0.00,0.00,0,0,446769.25,20723836.00,21170606.00,20744560,447216
1668556048.981546,s1-eth3,12043197.00,176373.62,12219571.00,176550,12055240,2793.21,2672.33,5465.53,2675,2796,0.00,0.00,0,0,96345576.00,1410989.00,97756568.00,1412400,96441920
1668556048.981604,s1-eth2,117230.77,6705305.00,6822535.50,6712010,117348,1776.22,1827.17,3603.40,1829,1778,0.00,0.00,0,0,937846.19,53642440.00,54580284.00,53696080,938784
1668556048.981621,s2-eth1,6705305.00,117230.77,6822535.50,117348,6712010,1827.17,1776.22,3603.40,1778,1829,0.00,0.00,0,0,53642440.00,937846.19,54580284.00,938784,53696080
1668556048.981644,total,19042278.00,19108494.00,38150772.00,19127602,19061320,9071.93,9088.91,18160.84,9098,9081,0.00,0.00,0,0,152338224.00,152867952.00,305206176.00,153020816,152490560
1668556049.981854,lo,0.00,0.00,0.00,0,0,0.00,0.00,0.00,0,0,0.00,0.00,0,0,0.00,0.00,0.00,0,0
1668556049.981888,eth0,0.00,0.00,0.00,0,0,0.00,0.00,0.00,0,0,0.00,0.00,0,0,0.00,0.00,0.00,0,0
1668556049.981941,docker0,0.00,0.00,0.00,0,0,0.00,0.00,0.00,0,0,0.00,0.00,0,0,0.00,0.00,0.00,0,0
1668556049.981957,s1-eth1,60060.00,5838772.00,5898832.00,5838772,60060,910.00,950.00,1860.00,950,910,0.00,0.00,0,0,480480.00,46710176.00,47190656.00,46710176,480480
1668556049.981972,s2-eth2,55650.00,3167134.00,3222784.00,3167134,55650,827.00,883.00,1710.00,883,827,0.00,0.00,0,0,445200.00,25337072.00,25782272.00,25337072,445200
1668556049.981986,s2-eth3,64746.00,2990110.00,3054856.00,2990110,64746,981.00,1031.00,2012.00,1031,981,0.00,0.00,0,0,517968.00,23920880.00,24438848.00,23920880,517968
1668556049.982013,s1-eth3,12081188.00,180588.00,12261776.00,180588,12081188,2882.00,2720.00,5602.00,2720,2882,0.00,0.00,0,0,96649504.00,1444704.00,98094208.00,1444704,96649504
1668556049.982028,s1-eth2,120396.00,6151320.00,6271716.00,6151320,120396,1808.00,1912.00,3720.00,1912,1808,0.00,0.00,0,0,963168.00,49210560.00,50173728.00,49210560,963168
1668556049.982041,s2-eth1,6151320.00,120396.00,6271716.00,120396,6151320,1912.00,1808.00,3720.00,1808,1912,0.00,0.00,0,0,49210560.00,963168.00,50173728.00,963168,49210560
1668556049.982080,total,18533360.00,18448320.00,36981680.00,18448320,18533360,9320.00,9304.00,18624.00,9304,9320,0.00,0.00,0,0,148266880.00,147586560.00,295853440.00,147586560,148266880
1668556050.982248,lo,1992.00,1992.00,3984.00,1992,1992,20.00,20.00,40.00,20,20,0.00,0.00,0,0,15936.00,15936.00,31872.00,15936,15936
1668556050.982284,eth0,304.00,208.00,512.00,208,304,4.00,3.00,7.00,3,4,0.00,0.00,0,0,2432.00,1664.00,4096.00,1664,2432
1668556050.982338,docker0,0.00,0.00,0.00,0,0,0.00,0.00,0.00,0,0,0.00,0.00,0,0,0.00,0.00,0.00,0,0
1668556050.982354,s1-eth1,59224.00,6062222.00,6121446.00,6062222,59224,886.00,913.00,1799.00,913,886,0.00,0.00,0,0,473792.00,48497776.00,48971568.00,48497776,473792
1668556050.982368,s2-eth2,55310.00,2501908.00,2557218.00,2501908,55310,831.00,874.00,1705.00,874,831,0.00,0.00,0,0,442480.00,20015264.00,20457744.00,20015264,442480
1668556050.982381,s2-eth3,70916.00,3230626.00,3301542.00,3230626,70916,1068.00,1121.00,2189.00,1121,1068,0.00,0.00,0,0,567328.00,25845008.00,26412336.00,25845008,567328
1668556050.982408,s1-eth3,12060136.00,185008.00,12245144.00,185008,12060136,2914.00,2778.00,5692.00,2778,2914,0.00,0.00,0,0,96481088.00,1480064.00,97961152.00,1480064,96481088
1668556050.982422,s1-eth2,125966.00,5735496.00,5861462.00,5735496,125966,1895.00,1996.00,3891.00,1996,1895,0.00,0.00,0,0,1007728.00,45883968.00,46891696.00,45883968,1007728
1668556050.982466,s2-eth1,5735496.00,125966.00,5861462.00,125966,5735496,1996.00,1895.00,3891.00,1895,1996,0.00,0.00,0,0,45883968.00,1007728.00,46891696.00,1007728,45883968
1668556050.982491,total,18109344.00,17843426.00,35952768.00,17843426,18109344,9614.00,9600.00,19214.00,9600,9614,0.00,0.00,0,0,144874752.00,142747408.00,287622144.00,142747408,144874752
1668556051.982634,lo,772.00,772.00,1544.00,772,772,6.00,6.00,12.00,6,6,0.00,0.00,0,0,6176.00,6176.00,12352.00,6176,6176
1668556051.982671,eth0,0.00,40.00,40.00,40,0,0.00,1.00,1.00,1,0,0.00,0.00,0,0,0.00,320.00,320.00,320,0
1668556051.982700,docker0,0.00,0.00,0.00,0,0,0.00,0.00,0.00,0,0,0.00,0.00,0,0,0.00,0.00,0.00,0,0
1668556051.982712,s1-eth1,64886.00,6622008.00,6686894.00,6622008,64886,981.00,948.00,1929.00,948,981,0.00,0.00,0,0,519088.00,52976064.00,53495152.00,52976064,519088
1668556051.982736,s2-eth2,38170.00,1731788.00,1769958.00,1731788,38170,569.00,614.00,1183.00,614,569,0.00,0.00,0,0,305360.00,13854304.00,14159664.00,13854304,305360
1668556051.982749,s2-eth3,70098.00,3683388.00,3753486.00,3683388,70098,1059.00,1092.00,2151.00,1092,1059,0.00,0.00,0,0,560784.00,29467104.00,30027888.00,29467104,560784
1668556051.982776,s1-eth3,12058260.00,172974.00,12231234.00,172974,12058260,2732.00,2607.00,5339.00,2607,2732,0.00,0.00,0,0,96466080.00,1383792.00,97849872.00,1383792,96466080
1668556051.982790,s1-eth2,108120.00,5412214.00,5520334.00,5412214,108120,1626.00,1705.00,3331.00,1705,1626,0.00,0.00,0,0,864960.00,43297712.00,44162672.00,43297712,864960
1668556051.982804,s2-eth1,5412214.00,108120.00,5520334.00,108120,5412214,1705.00,1626.00,3331.00,1626,1705,0.00,0.00,0,0,43297712.00,864960.00,44162672.00,864960,43297712
1668556051.982825,total,17752520.00,17731304.00,35483824.00,17731304,17752520,8678.00,8599.00,17277.00,8599,8678,0.00,0.00,0,0,142020160.00,141850432.00,283870592.00,141850432,142020160
1668556052.983067,lo,386.00,386.00,772.00,386,386,3.00,3.00,6.00,3,3,0.00,0.00,0,0,3088.00,3088.00,6176.00,3088,3088
1668556052.983103,eth0,0.00,0.00,0.00,0,0,0.00,0.00,0.00,0,0,0.00,0.00,0,0,0.00,0.00,0.00,0,0
1668556052.983114,docker0,0.00,0.00,0.00,0,0,0.00,0.00,0.00,0,0,0.00,0.00,0,0,0.00,0.00,0.00,0,0
1668556052.983124,s1-eth1,60786.00,6222430.00,6283216.00,6222430,60786,921.00,971.00,1892.00,971,921,0.00,0.00,0,0,486288.00,49779440.00,50265728.00,49779440,486288
1668556052.983159,s2-eth2,46270.00,2155944.00,2202214.00,2155944,46270,701.00,744.00,1445.00,744,701,0.00,0.00,0,0,370160.00,17247552.00,17617712.00,17247552,370160
1668556052.983173,s2-eth3,56104.00,3774960.00,3831064.00,3774960,56104,850.00,856.00,1706.00,856,850,0.00,0.00,0,0,448832.00,30199680.00,30648512.00,30199680,448832
1668556052.983199,s1-eth3,12045254.00,163086.00,12208340.00,163086,12045254,2535.00,2471.00,5006.00,2471,2535,0.00,0.00,0,0,96362032.00,1304688.00,97666720.00,1304688,96362032
1668556052.983213,s1-eth2,102436.00,5932418.00,6034854.00,5932418,102436,1552.00,1601.00,3153.00,1601,1552,0.00,0.00,0,0,819488.00,47459344.00,48278832.00,47459344,819488
1668556052.983227,s2-eth1,5932418.00,102436.00,6034854.00,102436,5932418,1601.00,1552.00,3153.00,1552,1601,0.00,0.00,0,0,47459344.00,819488.00,48278832.00,819488,47459344
1668556052.983259,total,18243654.00,18351660.00,36595312.00,18351660,18243654,8163.00,8198.00,16361.00,8198,8163,0.00,0.00,0,0,145949232.00,146813280.00,292762496.00,146813280,145949232
1668556053.983530,lo,772.00,772.00,1544.00,772,772,6.00,6.00,12.00,6,6,0.00,0.00,0,0,6176.00,6176.00,12352.00,6176,6176
1668556053.983598,eth0,0.00,0.00,0.00,0,0,0.00,0.00,0.00,0,0,0.00,0.00,0,0,0.00,0.00,0.00,0,0
1668556053.983612,docker0,0.00,0.00,0.00,0,0,0.00,0.00,0.00,0,0,0.00,0.00,0,0,0.00,0.00,0.00,0,0
1668556053.983622,s1-eth1,65146.00,5923964.00,5989110.00,5923964,65146,987.00,1078.00,2065.00,1078,987,0.00,0.00,0,0,521168.00,47391712.00,47912880.00,47391712,521168
1668556053.983635,s2-eth2,51946.00,2403440.00,2455386.00,2403440,51946,787.00,830.00,1617.00,830,787,0.00,0.00,0,0,415568.00,19227520.00,19643088.00,19227520,415568
1668556053.983649,s2-eth3,56632.00,3810438.00,3867070.00,3810438,56632,858.00,867.00,1725.00,867,858,0.00,0.00,0,0,453056.00,30483504.00,30936560.00,30483504,453056
1668556053.983676,s1-eth3,12062740.00,173448.00,12236188.00,173448,12062740,2756.00,2628.00,5384.00,2628,2756,0.00,0.00,0,0,96501920.00,1387584.00,97889504.00,1387584,96501920
1668556053.983691,s1-eth2,108438.00,6212364.00,6320802.00,6212364,108438,1643.00,1696.00,3339.00,1696,1643,0.00,0.00,0,0,867504.00,49698912.00,50566416.00,49698912,867504
1668556053.983704,s2-eth1,6212364.00,108438.00,6320802.00,108438,6212364,1696.00,1643.00,3339.00,1643,1696,0.00,0.00,0,0,49698912.00,867504.00,50566416.00,867504,49698912
1668556053.983736,total,18558038.00,18632864.00,37190904.00,18632864,18558038,8733.00,8748.00,17481.00,8748,8733,0.00,0.00,0,0,148464304.00,149062912.00,297527232.00,149062912,148464304
1668556054.983889,lo,386.00,386.00,772.00,386,386,3.00,3.00,6.00,3,3,0.00,0.00,0,0,3088.00,3088.00,6176.00,3088,3088
1668556054.983936,eth0,0.00,0.00,0.00,0,0,0.00,0.00,0.00,0,0,0.00,0.00,0,0,0.00,0.00,0.00,0,0
1668556054.983985,docker0,0.00,0.00,0.00,0,0,0.00,0.00,0.00,0,0,0.00,0.00,0,0,0.00,0.00,0.00,0,0
1668556054.983995,s1-eth1,62836.00,5724594.00,5787430.00,5724594,62836,952.00,1041.00,1993.00,1041,952,0.00,0.00,0,0,502688.00,45796752.00,46299440.00,45796752,502688
1668556054.984009,s2-eth2,55176.00,2569308.00,2624484.00,2569308,55176,836.00,886.00,1722.00,886,836,0.00,0.00,0,0,441408.00,20554464.00,20995872.00,20554464,441408
1668556054.984023,s2-eth3,57288.00,3845784.00,3903072.00,3845784,57288,868.00,876.00,1744.00,876,868,0.00,0.00,0,0,458304.00,30766272.00,31224576.00,30766272,458304
1668556054.984050,s1-eth3,12055900.00,175230.00,12231130.00,175230,12055900,2784.00,2655.00,5439.00,2655,2784,0.00,0.00,0,0,96447200.00,1401840.00,97849040.00,1401840,96447200
1668556054.984077,s1-eth2,112398.00,6413714.00,6526112.00,6413714,112398,1703.00,1763.00,3466.00,1763,1703,0.00,0.00,0,0,899184.00,51309712.00,52208896.00,51309712,899184
1668556054.984092,s2-eth1,6413714.00,112398.00,6526112.00,112398,6413714,1763.00,1703.00,3466.00,1703,1763,0.00,0.00,0,0,51309712.00,899184.00,52208896.00,899184,51309712
1668556054.984115,total,18757698.00,18841414.00,37599112.00,18841414,18757698,8909.00,8927.00,17836.00,8927,8909,0.00,0.00,0,0,150061584.00,150731312.00,300792896.00,150731312,150061584
1668556055.984340,lo,448.00,448.00,896.00,448,448,8.00,8.00,16.00,8,8,0.00,0.00,0,0,3584.00,3584.00,7168.00,3584,3584
1668556055.984378,eth0,304.00,248.00,552.00,248,304,4.00,4.00,8.00,4,4,0.00,0.00,0,0,2432.00,1984.00,4416.00,1984,2432
1668556055.984391,docker0,0.00,0.00,0.00,0,0,0.00,0.00,0.00,0,0,0.00,0.00,0,0,0.00,0.00,0.00,0,0
1668556055.984401,s1-eth1,61050.00,5570772.00,5631822.00,5570772,61050,925.00,1014.00,1939.00,1014,925,0.00,0.00,0,0,488400.00,44566176.00,45054576.00,44566176,488400
1668556055.984444,s2-eth2,59796.00,2761970.00,2821766.00,2761970,59796,906.00,953.00,1859.00,953,906,0.00,0.00,0,0,478368.00,22095760.00,22574128.00,22095760,478368
1668556055.984457,s2-eth3,56500.00,3801552.00,3858052.00,3801552,56500,856.00,864.00,1720.00,864,856,0.00,0.00,0,0,452000.00,30412416.00,30864416.00,30412416,452000
1668556055.984485,s1-eth3,12065116.00,177408.00,12242524.00,177408,12065116,2814.00,2688.00,5502.00,2688,2814,0.00,0.00,0,0,96520928.00,1419264.00,97940192.00,1419264,96520928
1668556055.984500,s1-eth2,116292.00,6562008.00,6678300.00,6562008,116292,1762.00,1816.00,3578.00,1816,1762,0.00,0.00,0,0,930336.00,52496064.00,53426400.00,52496064,930336
1668556055.984513,s2-eth1,6562008.00,116292.00,6678300.00,116292,6562008,1816.00,1762.00,3578.00,1762,1816,0.00,0.00,0,0,52496064.00,930336.00,53426400.00,930336,52496064
1668556055.984536,total,18921514.00,18990698.00,37912212.00,18990698,18921514,9091.00,9109.00,18200.00,9109,9091,0.00,0.00,0,0,151372112.00,151925584.00,303297696.00,151925584,151372112
1668556056.984840,lo,280.00,280.00,560.00,280,280,4.00,4.00,8.00,4,4,0.00,0.00,0,0,2240.00,2240.00,4480.00,2240,2240
1668556056.984906,eth0,114.00,164.00,278.00,164,114,1.00,2.00,3.00,2,1,0.00,0.00,0,0,912.00,1312.00,2224.00,1312,912
1668556056.984922,docker0,0.00,0.00,0.00,0,0,0.00,0.00,0.00,0,0,0.00,0.00,0,0,0.00,0.00,0.00,0,0
1668556056.984932,s1-eth1,59862.00,5462300.00,5522162.00,5462300,59862,907.00,994.00,1901.00,994,907,0.00,0.00,0,0,478896.00,43698400.00,44177296.00,43698400,478896
1668556056.984946,s2-eth2,60984.00,2827134.00,2888118.00,2827134,60984,924.00,975.00,1899.00,975,924,0.00,0.00,0,0,487872.00,22617072.00,23104944.00,22617072,487872
1668556056.984959,s2-eth3,57156.00,3836898.00,3894054.00,3836898,57156,866.00,873.00,1739.00,873,866,0.00,0.00,0,0,457248.00,30695184.00,31152432.00,30695184,457248
1668556056.984987,s1-eth3,12067294.00,177936.00,12245230.00,177936,12067294,2825.00,2696.00,5521.00,2696,2825,0.00,0.00,0,0,96538352.00,1423488.00,97961840.00,1423488,96538352
1668556056.985002,s1-eth2,118140.00,6664098.00,6782238.00,6664098,118140,1790.00,1849.00,3639.00,1849,1790,0.00,0.00,0,0,945120.00,53312784.00,54257904.00,53312784,945120
1668556056.985068,s2-eth1,6664098.00,118140.00,6782238.00,118140,6664098,1849.00,1790.00,3639.00,1790,1849,0.00,0.00,0,0,53312784.00,945120.00,54257904.00,945120,53312784
1668556056.985094,total,19027928.00,19086950.00,38114880.00,19086950,19027928,9166.00,9183.00,18349.00,9183,9166,0.00,0.00,0,0,152223424.00,152695600.00,304919040.00,152695600,152223424
1668556057.985330,lo,0.00,0.00,0.00,0,0,0.00,0.00,0.00,0,0,0.00,0.00,0,0,0.00,0.00,0.00,0,0
1668556057.985364,eth0,90.00,76.00,166.00,76,90,1.00,1.00,2.00,1,1,0.00,0.00,0,0,720.00,608.00,1328.00,608,720
1668556057.985378,docker0,0.00,0.00,0.00,0,0,0.00,0.00,0.00,0,0,0.00,0.00,0,0,0.00,0.00,0.00,0,0
1668556057.985388,s1-eth1,60192.00,5834626.00,5894818.00,5834626,60192,912.00,953.00,1865.00,953,912,0.00,0.00,0,0,481536.00,46677008.00,47158544.00,46677008,481536
1668556057.985402,s2-eth2,67518.00,3122018.00,3189536.00,3122018,67518,1023.00,1077.00,2100.00,1077,1023,0.00,0.00,0,0,540144.00,24976144.00,25516288.00,24976144,540144
1668556057.985416,s2-eth3,53600.00,3036344.00,3089944.00,3036344,53600,796.00,832.00,1628.00,832,796,0.00,0.00,0,0,428800.00,24290752.00,24719552.00,24290752,428800
1668556057.985444,s1-eth3,12066510.00,181244.00,12247754.00,181244,12066510,2879.00,2730.00,5609.00,2730,2879,0.00,0.00,0,0,96532080.00,1449952.00,97982032.00,1449952,96532080
1668556057.985458,s1-eth2,121052.00,6161258.00,6282310.00,6161258,121052,1818.00,1909.00,3727.00,1909,1818,0.00,0.00,0,0,968416.00,49290064.00,50258480.00,49290064,968416
1668556057.985471,s2-eth1,6161258.00,121052.00,6282310.00,121052,6161258,1909.00,1818.00,3727.00,1818,1909,0.00,0.00,0,0,49290064.00,968416.00,50258480.00,968416,49290064
1668556057.985493,total,18530220.00,18456618.00,36986840.00,18456618,18530220,9338.00,9320.00,18658.00,9320,9338,0.00,0.00,0,0,148241760.00,147652944.00,295894720.00,147652944,148241760
1668556058.985733,lo,292.00,292.00,584.00,292,292,5.00,5.00,10.00,5,5,0.00,0.00,0,0,2336.00,2336.00,4672.00,2336,2336
1668556058.985779,eth0,54.00,92.00,146.00,92,54,1.00,1.00,2.00,1,1,0.00,0.00,0,0,432.00,736.00,1168.00,736,432
1668556058.985799,docker0,0.00,0.00,0.00,0,0,0.00,0.00,0.00,0,0,0.00,0.00,0,0,0.00,0.00,0.00,0,0
1668556058.985809,s1-eth1,65126.00,5709970.00,5775096.00,5709970,65126,965.00,973.00,1938.00,973,965,0.00,0.00,0,0,521008.00,45679760.00,46200768.00,45679760,521008
1668556058.985823,s2-eth2,76098.00,3945092.00,4021190.00,3945092,76098,1153.00,1174.00,2327.00,1174,1153,0.00,0.00,0,0,608784.00,31560736.00,32169520.00,31560736,608784
1668556058.985837,s2-eth3,48844.00,2189582.00,2238426.00,2189582,48844,722.00,771.00,1493.00,771,722,0.00,0.00,0,0,390752.00,17516656.00,17907408.00,17516656,390752
1668556058.985864,s1-eth3,12052574.00,190134.00,12242708.00,190134,12052574,2975.00,2841.00,5816.00,2841,2975,0.00,0.00,0,0,96420592.00,1521072.00,97941664.00,1521072,96420592
1668556058.985878,s1-eth2,125074.00,6134740.00,6259814.00,6134740,125074,1877.00,1946.00,3823.00,1946,1877,0.00,0.00,0,0,1000592.00,49077920.00,50078512.00,49077920,1000592
1668556058.985892,s2-eth1,6134740.00,125074.00,6259814.00,125074,6134740,1946.00,1877.00,3823.00,1877,1946,0.00,0.00,0,0,49077920.00,1000592.00,50078512.00,1000592,49077920
1668556058.985914,total,18502802.00,18294976.00,36797776.00,18294976,18502802,9644.00,9588.00,19232.00,9588,9644,0.00,0.00,0,0,148022416.00,146359808.00,294382208.00,146359808,148022416
1668556059.986147,lo,172.00,172.00,344.00,172,172,3.00,3.00,6.00,3,3,0.00,0.00,0,0,1376.00,1376.00,2752.00,1376,1376
1668556059.986184,eth0,0.00,0.00,0.00,0,0,0.00,0.00,0.00,0,0,0.00,0.00,0,0,0.00,0.00,0.00,0,0
1668556059.986195,docker0,0.00,0.00,0.00,0,0,0.00,0.00,0.00,0,0,0.00,0.00,0,0,0.00,0.00,0.00,0,0
1668556059.986205,s1-eth1,71610.00,4815852.00,4887462.00,4815852,71610,1085.00,1094.00,2179.00,1094,1085,0.00,0.00,0,0,572880.00,38526816.00,39099696.00,38526816,572880
1668556059.986220,s2-eth2,57420.00,5235154.00,5292574.00,5235154,57420,870.00,953.00,1823.00,953,870,0.00,0.00,0,0,459360.00,41881232.00,42340592.00,41881232,459360
1668556059.986245,s2-eth3,44616.00,2081828.00,2126444.00,2081828,44616,676.00,718.00,1394.00,718,676,0.00,0.00,0,0,356928.00,16654624.00,17011552.00,16654624,356928
1668556059.986272,s1-eth3,12051676.00,173580.00,12225256.00,173580,12051676,2742.00,2630.00,5372.00,2630,2742,0.00,0.00,0,0,96413408.00,1388640.00,97802048.00,1388640,96413408
1668556059.986286,s1-eth2,101970.00,7311124.00,7413094.00,7311124,101970,1545.00,1670.00,3215.00,1670,1545,0.00,0.00,0,0,815760.00,58488992.00,59304752.00,58488992,815760
1668556059.986300,s2-eth1,7311124.00,101970.00,7413094.00,101970,7311124,1670.00,1545.00,3215.00,1545,1670,0.00,0.00,0,0,58488992.00,815760.00,59304752.00,815760,58488992
1668556059.986322,total,19638588.00,19719680.00,39358268.00,19719680,19638588,8591.00,8613.00,17204.00,8613,8591,0.00,0.00,0,0,157108704.00,157757440.00,314866144.00,157757440,157108704
1668556060.986558,lo,448.00,448.00,896.00,448,448,8.00,8.00,16.00,8,8,0.00,0.00,0,0,3584.00,3584.00,7168.00,3584,3584
1668556060.986600,eth0,304.00,248.00,552.00,248,304,4.00,4.00,8.00,4,4,0.00,0.00,0,0,2432.00,1984.00,4416.00,1984,2432
1668556060.986613,docker0,0.00,0.00,0.00,0,0,0.00,0.00,0.00,0,0,0.00,0.00,0,0,0.00,0.00,0.00,0,0
1668556060.986624,s1-eth1,70488.00,4736340.00,4806828.00,4736340,70488,1068.00,1074.00,2142.00,1074,1068,0.00,0.00,0,0,563904.00,37890720.00,38454624.00,37890720,563904
1668556060.986638,s2-eth2,56166.00,5107594.00,5163760.00,5107594,56166,851.00,929.00,1780.00,929,851,0.00,0.00,0,0,449328.00,40860752.00,41310080.00,40860752,449328
1668556060.986651,s2-eth3,49368.00,2292262.00,2341630.00,2292262,49368,748.00,791.00,1539.00,791,748,0.00,0.00,0,0,394944.00,18338096.00,18733040.00,18338096,394944
1668556060.986678,s1-eth3,12053788.00,176022.00,12229810.00,176022,12053788,2774.00,2667.00,5441.00,2667,2774,0.00,0.00,0,0,96430304.00,1408176.00,97838480.00,1408176,96430304
1668556060.986692,s1-eth2,105468.00,7405714.00,7511182.00,7405714,105468,1598.00,1721.00,3319.00,1721,1598,0.00,0.00,0,0,843744.00,59245712.00,60089456.00,59245712,843744
1668556060.986706,s2-eth1,7405714.00,105468.00,7511182.00,105468,7405714,1721.00,1598.00,3319.00,1598,1721,0.00,0.00,0,0,59245712.00,843744.00,60089456.00,843744,59245712
1668556060.986728,total,19741744.00,19824096.00,39565840.00,19824096,19741744,8772.00,8792.00,17564.00,8792,8772,0.00,0.00,0,0,157933952.00,158592768.00,316526720.00,158592768,157933952
1668556061.986970,lo,0.00,0.00,0.00,0,0,0.00,0.00,0.00,0,0,0.00,0.00,0,0,0.00,0.00,0.00,0,0
1668556061.987005,eth0,0.00,0.00,0.00,0,0,0.00,0.00,0.00,0,0,0.00,0.00,0,0,0.00,0.00,0.00,0,0
1668556061.987016,docker0,0.00,0.00,0.00,0,0,0.00,0.00,0.00,0,0,0.00,0.00,0,0,0.00,0.00,0.00,0,0
1668556061.987026,s1-eth1,69564.00,4674732.00,4744296.00,4674732,69564,1054.00,1062.00,2116.00,1062,1054,0.00,0.00,0,0,556512.00,37397856.00,37954368.00,37397856,556512
1668556061.987041,s2-eth2,60126.00,4976164.00,5036290.00,4976164,60126,911.00,978.00,1889.00,978,911,0.00,0.00,0,0,481008.00,39809312.00,40290320.00,39809312,481008
1668556061.987055,s2-eth3,53394.00,2475972.00,2529366.00,2475972,53394,809.00,854.00,1663.00,854,809,0.00,0.00,0,0,427152.00,19807776.00,20234928.00,19807776,427152
1668556061.987081,s1-eth3,12061176.00,183216.00,12244392.00,183216,12061176,2864.00,2776.00,5640.00,2776,2864,0.00,0.00,0,0,96489408.00,1465728.00,97955136.00,1465728,96489408
1668556061.987095,s1-eth2,113652.00,7449174.00,7562826.00,7449174,113652,1722.00,1831.00,3553.00,1831,1722,0.00,0.00,0,0,909216.00,59593392.00,60502608.00,59593392,909216
1668556061.987108,s2-eth1,7449174.00,113652.00,7562826.00,113652,7449174,1831.00,1722.00,3553.00,1722,1831,0.00,0.00,0,0,59593392.00,909216.00,60502608.00,909216,59593392
1668556061.987131,total,19807086.00,19872910.00,39679996.00,19872910,19807086,9191.00,9223.00,18414.00,9223,9191,0.00,0.00,0,0,158456688.00,158983280.00,317439968.00,158983280,158456688
1668556062.987352,lo,0.00,0.00,0.00,0,0,0.00,0.00,0.00,0,0,0.00,0.00,0,0,0.00,0.00,0.00,0,0
1668556062.987388,eth0,0.00,0.00,0.00,0,0,0.00,0.00,0.00,0,0,0.00,0.00,0,0,0.00,0.00,0.00,0,0
1668556062.987410,docker0,0.00,0.00,0.00,0,0,0.00,0.00,0.00,0,0,0.00,0.00,0,0,0.00,0.00,0.00,0,0
1668556062.987421,s1-eth1,67434.00,4157396.00,4224830.00,4157396,67434,1009.00,1034.00,2043.00,1034,1009,0.00,0.00,0,0,539472.00,33259168.00,33798640.00,33259168,539472
1668556062.987436,s2-eth2,73788.00,5119936.00,5193724.00,5119936,73788,1118.00,1116.00,2234.00,1116,1118,0.00,0.00,0,0,590304.00,40959488.00,41549792.00,40959488,590304
1668556062.987449,s2-eth3,58014.00,2687854.00,2745868.00,2687854,58014,879.00,927.00,1806.00,927,879,0.00,0.00,0,0,464112.00,21502832.00,21966944.00,21502832,464112
1668556062.987475,s1-eth3,12052858.00,199170.00,12252028.00,199170,12052858,3089.00,3005.00,6094.00,3005,3089,0.00,0.00,0,0,96422864.00,1593360.00,98016224.00,1593360,96422864
1668556062.987489,s1-eth2,131736.00,7807790.00,7939526.00,7807790,131736,1996.00,2043.00,4039.00,2043,1996,0.00,0.00,0,0,1053888.00,62462320.00,63516208.00,62462320,1053888
1668556062.987502,s2-eth1,7807790.00,131736.00,7939526.00,131736,7807790,2043.00,1996.00,4039.00,1996,2043,0.00,0.00,0,0,62462320.00,1053888.00,63516208.00,1053888,62462320
1668556062.987524,total,20191620.00,20103882.00,40295504.00,20103882,20191620,10134.00,10121.00,20255.00,10121,10134,0.00,0.00,0,0,161532960.00,160831056.00,322364032.00,160831056,161532960
1668556063.987731,lo,172.00,172.00,344.00,172,172,3.00,3.00,6.00,3,3,0.00,0.00,0,0,1376.00,1376.00,2752.00,1376,1376
1668556063.988785,eth0,0.00,0.00,0.00,0,0,0.00,0.00,0.00,0,0,0.00,0.00,0,0,0.00,0.00,0.00,0,0
1668556063.988805,docker0,0.00,0.00,0.00,0,0,0.00,0.00,0.00,0,0,0.00,0.00,0,0,0.00,0.00,0.00,0,0
1668556063.988816,s1-eth1,63494.51,2938331.75,3001826.25,2941270,63558,962.04,1013.99,1976.02,1015,963,0.00,0.00,0,0,507956.06,23506654.00,24014610.00,23530160,508464
1668556063.988832,s2-eth2,64747.25,5912194.00,5976941.00,5918106,64812,981.02,1075.92,2056.94,1077,982,0.00,0.00,0,0,517978.03,47297552.00,47815528.00,47344848,518496
1668556063.988846,s2-eth3,71406.59,3290589.50,3361996.00,3293880,71478,1081.92,1134.87,2216.78,1136,1083,0.00,0.00,0,0,571252.75,26324716.00,26895968.00,26351040,571824
1668556063.988915,s1-eth3,12069113.00,199714.30,12268828.00,199914,12081182,3207.79,3025.97,6233.77,3029,3211,0.00,0.00,0,0,96552904.00,1597714.38,98150624.00,1599312,96649456
1668556063.988933,s1-eth2,136285.72,9211595.00,9347880.00,9220806,136422,2064.94,2212.79,4277.72,2215,2067,0.00,0.00,0,0,1090285.75,73692760.00,74783040.00,73766448,1091376
1668556063.988948,s2-eth1,9211595.00,136285.72,9347880.00,136422,9220806,2212.79,2064.94,4277.72,2067,2215,0.00,0.00,0,0,73692760.00,1090285.75,74783040.00,1091376,73766448
1668556063.988971,total,21616814.00,21688882.00,43305696.00,21710570,21638430,10513.49,10531.47,21044.96,10542,10524,0.00,0.00,0,0,172934512.00,173511056.00,346445568.00,173684560,173107440
1668556064.989209,lo,171.83,171.83,343.66,172,172,3.00,3.00,5.99,3,3,0.00,0.00,0,0,1374.63,1374.63,2749.25,1376,1376
1668556064.989247,eth0,0.00,0.00,0.00,0,0,0.00,0.00,0.00,0,0,0.00,0.00,0,0,0.00,0.00,0.00,0,0
1668556064.989258,docker0,0.00,0.00,0.00,0,0,0.00,0.00,0.00,0,0,0.00,0.00,0,0,0.00,0.00,0.00,0,0
1668556064.989268,s1-eth1,50448.00,2231446.00,2281894.00,2231446,50448,754.00,791.00,1545.00,791,754,0.00,0.00,0,0,403584.00,17851568.00,18255152.00,17851568,403584
1668556064.989283,s2-eth2,61710.00,6184584.00,6246294.00,6184584,61710,935.00,968.00,1903.00,968,935,0.00,0.00,0,0,493680.00,49476672.00,49970352.00,49476672,493680
1668556064.989296,s2-eth3,66132.00,3626438.00,3692570.00,3626438,66132,1002.00,1019.00,2021.00,1019,1002,0.00,0.00,0,0,529056.00,29011504.00,29540560.00,29011504,529056
1668556064.989323,s1-eth3,12072096.00,178158.00,12250254.00,178158,12072096,2832.00,2689.00,5521.00,2689,2832,0.00,0.00,0,0,96576768.00,1425264.00,98002032.00,1425264,96576768
1668556064.989337,s1-eth2,127644.00,9803716.00,9931360.00,9803716,127644,1934.00,1986.00,3920.00,1986,1934,0.00,0.00,0,0,1021152.00,78429728.00,79450880.00,78429728,1021152
1668556064.989351,s2-eth1,9803716.00,127644.00,9931360.00,127644,9803716,1986.00,1934.00,3920.00,1934,1986,0.00,0.00,0,0,78429728.00,1021152.00,79450880.00,1021152,78429728
1668556064.989386,total,22181918.00,22152158.00,44334076.00,22152158,22181918,9446.00,9390.00,18836.00,9390,9446,0.00,0.00,0,0,177455344.00,177217264.00,354672608.00,177217264,177455344
1668556065.989582,lo,448.00,448.00,896.00,448,448,8.00,8.00,16.00,8,8,0.00,0.00,0,0,3584.00,3584.00,7168.00,3584,3584
1668556065.989642,eth0,304.00,248.00,552.00,248,304,4.00,4.00,8.00,4,4,0.00,0.00,0,0,2432.00,1984.00,4416.00,1984,2432
1668556065.989655,docker0,0.00,0.00,0.00,0,0,0.00,0.00,0.00,0,0,0.00,0.00,0,0,0.00,0.00,0.00,0,0
1668556065.989665,s1-eth1,42372.00,1969206.00,2011578.00,1969206,42372,642.00,679.00,1321.00,679,642,0.00,0.00,0,0,338976.00,15753648.00,16092624.00,15753648,338976
1668556065.989679,s2-eth2,56958.00,6290338.00,6347296.00,6290338,56958,863.00,881.00,1744.00,881,863,0.00,0.00,0,0,455664.00,50322704.00,50778368.00,50322704,455664
1668556065.989692,s2-eth3,56826.00,3823470.00,3880296.00,3823470,56826,861.00,867.00,1728.00,867,861,0.00,0.00,0,0,454608.00,30587760.00,31042368.00,30587760,454608
1668556065.989720,s1-eth3,12017388.00,156156.00,12173544.00,156156,12017388,2398.00,2366.00,4764.00,2366,2398,0.00,0.00,0,0,96139104.00,1249248.00,97388352.00,1249248,96139104
1668556065.989734,s1-eth2,113850.00,10113808.00,10227658.00,10113808,113850,1725.00,1748.00,3473.00,1748,1725,0.00,0.00,0,0,910800.00,80910464.00,81821264.00,80910464,910800
1668556065.989770,s2-eth1,10113808.00,113850.00,10227658.00,113850,10113808,1748.00,1725.00,3473.00,1725,1748,0.00,0.00,0,0,80910464.00,910800.00,81821264.00,910800,80910464
1668556065.989797,total,22401954.00,22467524.00,44869480.00,22467524,22401954,8249.00,8278.00,16527.00,8278,8249,0.00,0.00,0,0,179215632.00,179740192.00,358955840.00,179740192,179215632
1668556066.990014,lo,0.00,0.00,0.00,0,0,0.00,0.00,0.00,0,0,0.00,0.00,0,0,0.00,0.00,0.00,0,0
1668556066.990067,eth0,0.00,0.00,0.00,0,0,0.00,0.00,0.00,0,0,0.00,0.00,0,0,0.00,0.00,0.00,0,0
1668556066.990080,docker0,0.00,0.00,0.00,0,0,0.00,0.00,0.00,0,0,0.00,0.00,0,0,0.00,0.00,0.00,0,0
1668556066.990090,s1-eth1,46464.00,2155944.00,2202408.00,2155944,46464,704.00,744.00,1448.00,744,704,0.00,0.00,0,0,371712.00,17247552.00,17619264.00,17247552,371712
1668556066.990105,s2-eth2,66858.00,6149068.00,6215926.00,6149068,66858,1013.00,1110.00,2123.00,1110,1013,0.00,0.00,0,0,534864.00,49192544.00,49727408.00,49192544,534864
1668556066.990119,s2-eth3,57024.00,3819060.00,3876084.00,3819060,57024,864.00,866.00,1730.00,866,864,0.00,0.00,0,0,456192.00,30552480.00,31008672.00,30552480,456192
1668556066.990146,s1-eth3,12062002.00,170412.00,12232414.00,170412,12062002,2701.00,2582.00,5283.00,2582,2701,0.00,0.00,0,0,96496016.00,1363296.00,97859312.00,1363296,96496016
1668556066.990160,s1-eth2,123882.00,9966614.00,10090496.00,9966614,123882,1877.00,1975.00,3852.00,1975,1877,0.00,0.00,0,0,991056.00,79732912.00,80723968.00,79732912,991056
1668556066.990174,s2-eth1,9966614.00,123882.00,10090496.00,123882,9966614,1975.00,1877.00,3852.00,1877,1975,0.00,0.00,0,0,79732912.00,991056.00,80723968.00,991056,79732912
1668556066.990197,total,22322844.00,22384980.00,44707824.00,22384980,22322844,9134.00,9154.00,18288.00,9154,9134,0.00,0.00,0,0,178582752.00,179079840.00,357662592.00,179079840,178582752
1668556067.990447,lo,0.00,0.00,0.00,0,0,0.00,0.00,0.00,0,0,0.00,0.00,0,0,0.00,0.00,0.00,0,0
1668556067.990481,eth0,0.00,0.00,0.00,0,0,0.00,0.00,0.00,0,0,0.00,0.00,0,0,0.00,0.00,0.00,0,0
1668556067.990493,docker0,0.00,0.00,0.00,0,0,0.00,0.00,0.00,0,0,0.00,0.00,0,0,0.00,0.00,0.00,0,0
1668556067.990503,s1-eth1,49344.00,2284866.00,2334210.00,2284866,49344,748.00,789.00,1537.00,789,748,0.00,0.00,0,0,394752.00,18278928.00,18673680.00,18278928,394752
1668556067.990517,s2-eth2,65580.00,5941580.00,6007160.00,5941580,65580,994.00,1082.00,2076.00,1082,994,0.00,0.00,0,0,524640.00,47532640.00,48057280.00,47532640,524640
1668556067.990531,s2-eth3,57660.00,3880908.00,3938568.00,3880908,57660,874.00,882.00,1756.00,882,874,0.00,0.00,0,0,461280.00,31047264.00,31508544.00,31047264,461280
1668556067.990557,s1-eth3,12043968.00,172584.00,12216552.00,172584,12043968,2736.00,2616.00,5352.00,2616,2736,0.00,0.00,0,0,96351744.00,1380672.00,97732416.00,1380672,96351744
1668556067.990585,s1-eth2,123240.00,9823936.00,9947176.00,9823936,123240,1868.00,1964.00,3832.00,1964,1868,0.00,0.00,0,0,985920.00,78591488.00,79577408.00,78591488,985920
1668556067.990599,s2-eth1,9823936.00,123240.00,9947176.00,123240,9823936,1964.00,1868.00,3832.00,1868,1964,0.00,0.00,0,0,78591488.00,985920.00,79577408.00,985920,78591488
1668556067.990621,total,22163728.00,22227114.00,44390840.00,22227114,22163728,9184.00,9201.00,18385.00,9201,9184,0.00,0.00,0,0,177309824.00,177816912.00,355126720.00,177816912,177309824
1668556068.990884,lo,172.00,172.00,344.00,172,172,3.00,3.00,6.00,3,3,0.00,0.00,0,0,1376.00,1376.00,2752.00,1376,1376
1668556068.990930,eth0,0.00,0.00,0.00,0,0,0.00,0.00,0.00,0,0,0.00,0.00,0,0,0.00,0.00,0.00,0,0
1668556068.990947,docker0,0.00,0.00,0.00,0,0,0.00,0.00,0.00,0,0,0.00,0.00,0,0,0.00,0.00,0.00,0,0
1668556068.990958,s1-eth1,41898.00,1853626.00,1895524.00,1853626,41898,625.00,661.00,1286.00,661,625,0.00,0.00,0,0,335184.00,14829008.00,15164192.00,14829008,335184
1668556068.990972,s2-eth2,68286.00,4577250.00,4645536.00,4577250,68286,1023.00,1033.00,2056.00,1033,1023,0.00,0.00,0,0,546288.00,36618000.00,37164288.00,36618000,546288
1668556068.990986,s2-eth3,64002.00,5381546.00,5445548.00,5381546,64002,969.00,1021.00,1990.00,1021,969,0.00,0.00,0,0,512016.00,43052368.00,43564384.00,43052368,512016
1668556068.991014,s1-eth3,12049180.00,174252.00,12223432.00,174252,12049180,2770.00,2618.00,5388.00,2618,2770,0.00,0.00,0,0,96393440.00,1394016.00,97787456.00,1394016,96393440
1668556068.991028,s1-eth2,132354.00,9951490.00,10083844.00,9951490,132354,1993.00,2053.00,4046.00,2053,1993,0.00,0.00,0,0,1058832.00,79611920.00,80670752.00,79611920,1058832
1668556068.991042,s2-eth1,9951490.00,132354.00,10083844.00,132354,9951490,2053.00,1993.00,4046.00,1993,2053,0.00,0.00,0,0,79611920.00,1058832.00,80670752.00,1058832,79611920
1668556068.991064,total,22307382.00,22070690.00,44378072.00,22070690,22307382,9436.00,9382.00,18818.00,9382,9436,0.00,0.00,0,0,178459056.00,176565520.00,355024576.00,176565520,178459056
1668556069.991299,lo,172.00,172.00,344.00,172,172,3.00,3.00,6.00,3,3,0.00,0.00,0,0,1376.00,1376.00,2752.00,1376,1376
1668556069.991336,eth0,0.00,0.00,0.00,0,0,0.00,0.00,0.00,0,0,0.00,0.00,0,0,0.00,0.00,0.00,0,0
1668556069.991347,docker0,0.00,0.00,0.00,0,0,0.00,0.00,0.00,0,0,0.00,0.00,0,0,0.00,0.00,0.00,0,0
1668556069.991358,s1-eth1,46332.00,2151468.00,2197800.00,2151468,46332,702.00,742.00,1444.00,742,702,0.00,0.00,0,0,370656.00,17211744.00,17582400.00,17211744,370656
1668556069.991372,s2-eth2,65406.00,4405590.00,4470996.00,4405590,65406,991.00,999.00,1990.00,999,991,0.00,0.00,0,0,523248.00,35244720.00,35767968.00,35244720,523248
1668556069.991385,s2-eth3,61182.00,5569258.00,5630440.00,5569258,61182,927.00,1013.00,1940.00,1013,927,0.00,0.00,0,0,489456.00,44554064.00,45043520.00,44554064,489456
1668556069.991412,s1-eth3,12058586.00,172854.00,12231440.00,172854,12058586,2737.00,2619.00,5356.00,2619,2737,0.00,0.00,0,0,96468688.00,1382832.00,97851520.00,1382832,96468688
1668556069.991426,s1-eth2,126522.00,9977810.00,10104332.00,9977810,126522,1917.00,2013.00,3930.00,2013,1917,0.00,0.00,0,0,1012176.00,79822480.00,80834656.00,79822480,1012176
1668556069.991440,s2-eth1,9977810.00,126522.00,10104332.00,126522,9977810,2013.00,1917.00,3930.00,1917,2013,0.00,0.00,0,0,79822480.00,1012176.00,80834656.00,1012176,79822480
1668556069.991462,total,22336010.00,22403674.00,44739684.00,22403674,22336010,9290.00,9306.00,18596.00,9306,9290,0.00,0.00,0,0,178688080.00,179229392.00,357917472.00,179229392,178688080
1668556070.991708,lo,448.00,448.00,896.00,448,448,8.00,8.00,16.00,8,8,0.00,0.00,0,0,3584.00,3584.00,7168.00,3584,3584
1668556070.991746,eth0,304.00,248.00,552.00,248,304,4.00,4.00,8.00,4,4,0.00,0.00,0,0,2432.00,1984.00,4416.00,1984,2432
1668556070.991774,docker0,0.00,0.00,0.00,0,0,0.00,0.00,0.00,0,0,0.00,0.00,0,0,0.00,0.00,0.00,0,0
1668556070.991786,s1-eth1,51084.00,2367826.00,2418910.00,2367826,51084,774.00,817.00,1591.00,817,774,0.00,0.00,0,0,408672.00,18942608.00,19351280.00,18942608,408672
1668556070.991812,s2-eth2,64746.00,4348326.00,4413072.00,4348326,64746,981.00,987.00,1968.00,987,981,0.00,0.00,0,0,517968.00,34786608.00,35304576.00,34786608,517968
1668556070.991825,s2-eth3,59268.00,5413922.00,5473190.00,5413922,59268,898.00,985.00,1883.00,985,898,0.00,0.00,0,0,474144.00,43311376.00,43785520.00,43311376,474144
1668556070.991853,s1-eth3,12052142.00,175164.00,12227306.00,175164,12052142,2771.00,2654.00,5425.00,2654,2771,0.00,0.00,0,0,96417136.00,1401312.00,97818448.00,1401312,96417136
1668556070.991867,s1-eth2,124014.00,9765144.00,9889158.00,9765144,124014,1879.00,1972.00,3851.00,1972,1879,0.00,0.00,0,0,992112.00,78121152.00,79113264.00,78121152,992112
1668556070.991880,s2-eth1,9765144.00,124014.00,9889158.00,124014,9765144,1972.00,1879.00,3851.00,1879,1972,0.00,0.00,0,0,78121152.00,992112.00,79113264.00,992112,78121152
1668556070.991902,total,22117150.00,22195092.00,44312240.00,22195092,22117150,9287.00,9306.00,18593.00,9306,9287,0.00,0.00,0,0,176937200.00,177560736.00,354497920.00,177560736,176937200
1668556071.992160,lo,0.00,0.00,0.00,0,0,0.00,0.00,0.00,0,0,0.00,0.00,0,0,0.00,0.00,0.00,0,0
1668556071.992240,eth0,0.00,0.00,0.00,0,0,0.00,0.00,0.00,0,0,0.00,0.00,0,0,0.00,0.00,0.00,0,0
1668556071.992256,docker0,0.00,0.00,0.00,0,0,0.00,0.00,0.00,0,0,0.00,0.00,0,0,0.00,0.00,0.00,0,0
1668556071.992267,s1-eth1,52866.00,2450762.00,2503628.00,2450762,52866,801.00,845.00,1646.00,845,801,0.00,0.00,0,0,422928.00,19606096.00,20029024.00,19606096,422928
1668556071.992281,s2-eth2,65472.00,4383540.00,4449012.00,4383540,65472,992.00,994.00,1986.00,994,992,0.00,0.00,0,0,523776.00,35068320.00,35592096.00,35068320,523776
1668556071.992295,s2-eth3,57816.00,5280570.00,5338386.00,5280570,57816,876.00,961.00,1837.00,961,876,0.00,0.00,0,0,462528.00,42244560.00,42707088.00,42244560,462528
1668556071.992323,s1-eth3,12057410.00,176088.00,12233498.00,176088,12057410,2785.00,2668.00,5453.00,2668,2785,0.00,0.00,0,0,96459280.00,1408704.00,97867984.00,1408704,96459280
1668556071.992337,s1-eth2,123288.00,9664110.00,9787398.00,9664110,123288,1868.00,1955.00,3823.00,1955,1868,0.00,0.00,0,0,986304.00,77312880.00,78299184.00,77312880,986304
1668556071.992388,s2-eth1,9664110.00,123288.00,9787398.00,123288,9664110,1955.00,1868.00,3823.00,1868,1955,0.00,0.00,0,0,77312880.00,986304.00,78299184.00,986304,77312880
1668556071.992411,total,22020962.00,22078358.00,44099320.00,22078358,22020962,9277.00,9291.00,18568.00,9291,9277,0.00,0.00,0,0,176167696.00,176626864.00,352794560.00,176626864,176167696
1668556072.992555,lo,0.00,0.00,0.00,0,0,0.00,0.00,0.00,0,0,0.00,0.00,0,0,0.00,0.00,0.00,0,0
1668556072.992607,eth0,0.00,0.00,0.00,0,0,0.00,0.00,0.00,0,0,0.00,0.00,0,0,0.00,0.00,0.00,0,0
1668556072.992621,docker0,0.00,0.00,0.00,0,0,0.00,0.00,0.00,0,0,0.00,0.00,0,0,0.00,0.00,0.00,0,0
1668556072.992632,s1-eth1,63888.00,2950156.00,3014044.00,2950156,63888,968.00,1018.00,1986.00,1018,968,0.00,0.00,0,0,511104.00,23601248.00,24112352.00,23601248,511104
1668556072.992646,s2-eth2,64416.00,4881850.00,4946266.00,4881850,64416,976.00,997.00,1973.00,997,976,0.00,0.00,0,0,515328.00,39054800.00,39570128.00,39054800,515328
1668556072.992660,s2-eth3,64482.00,4121988.00,4186470.00,4121988,64482,967.00,1046.00,2013.00,1046,967,0.00,0.00,0,0,515856.00,32975904.00,33491760.00,32975904,515856
1668556072.992688,s1-eth3,12079970.00,192720.00,12272690.00,192720,12079970,3061.00,2910.00,5971.00,2910,3061,0.00,0.00,0,0,96639760.00,1541760.00,98181520.00,1541760,96639760
1668556072.992702,s1-eth2,128832.00,9003838.00,9132670.00,9003838,128832,1942.00,2043.00,3985.00,2043,1942,0.00,0.00,0,0,1030656.00,72030704.00,73061360.00,72030704,1030656
1668556072.992716,s2-eth1,9003838.00,128832.00,9132670.00,128832,9003838,2043.00,1942.00,3985.00,1942,2043,0.00,0.00,0,0,72030704.00,1030656.00,73061360.00,1030656,72030704
1668556072.992738,total,21405426.00,21279384.00,42684808.00,21279384,21405426,9957.00,9956.00,19913.00,9956,9957,0.00,0.00,0,0,171243408.00,170235072.00,341478464.00,170235072,171243408
1668556073.993056,lo,172.00,172.00,344.00,172,172,3.00,3.00,6.00,3,3,0.00,0.00,0,0,1376.00,1376.00,2752.00,1376,1376
1668556073.993128,eth0,90.00,76.00,166.00,76,90,1.00,1.00,2.00,1,1,0.00,0.00,0,0,720.00,608.00,1328.00,608,720
1668556073.993148,docker0,0.00,0.00,0.00,0,0,0.00,0.00,0.00,0,0,0.00,0.00,0,0,0.00,0.00,0.00,0,0
1668556073.993159,s1-eth1,66204.00,2973790.00,3039994.00,2973790,66204,992.00,1047.00,2039.00,1047,992,0.00,0.00,0,0,529632.00,23790320.00,24319952.00,23790320,529632
1668556073.993173,s2-eth2,62982.00,4593892.00,4656874.00,4593892,62982,945.00,978.00,1923.00,978,945,0.00,0.00,0,0,503856.00,36751136.00,37254992.00,36751136,503856
1668556073.993187,s2-eth3,67848.00,4312468.00,4380316.00,4312468,67848,1028.00,1058.00,2086.00,1058,1028,0.00,0.00,0,0,542784.00,34499744.00,35042528.00,34499744,542784
1668556073.993215,s1-eth3,12077552.00,197166.00,12274718.00,197166,12077552,3156.00,2967.00,6123.00,2967,3156,0.00,0.00,0,0,96620416.00,1577328.00,98197744.00,1577328,96620416
1668556073.993230,s1-eth2,130896.00,8901950.00,9032846.00,8901950,130896,1974.00,2035.00,4009.00,2035,1974,0.00,0.00,0,0,1047168.00,71215600.00,72262768.00,71215600,1047168
1668556073.993294,s2-eth1,8901950.00,130896.00,9032846.00,130896,8901950,2035.00,1974.00,4009.00,1974,2035,0.00,0.00,0,0,71215600.00,1047168.00,72262768.00,1047168,71215600
1668556073.993318,total,21307694.00,21110410.00,42418104.00,21110410,21307694,10134.00,10063.00,20197.00,10063,10134,0.00,0.00,0,0,170461552.00,168883280.00,339344832.00,168883280,170461552
1668556074.993554,lo,172.00,172.00,344.00,172,172,3.00,3.00,6.00,3,3,0.00,0.00,0,0,1376.00,1376.00,2752.00,1376,1376
1668556074.993595,eth0,0.00,0.00,0.00,0,0,0.00,0.00,0.00,0,0,0.00,0.00,0,0,0.00,0.00,0.00,0,0
1668556074.993606,docker0,0.00,0.00,0.00,0,0,0.00,0.00,0.00,0,0,0.00,0.00,0,0,0.00,0.00,0.00,0,0
1668556074.993617,s1-eth1,63558.00,2951604.00,3015162.00,2951604,63558,963.00,1018.00,1981.00,1018,963,0.00,0.00,0,0,508464.00,23612832.00,24121296.00,23612832,508464
1668556074.993632,s2-eth2,61644.00,4150008.00,4211652.00,4150008,61644,934.00,944.00,1878.00,944,934,0.00,0.00,0,0,493152.00,33200064.00,33693216.00,33200064,493152
1668556074.993645,s2-eth3,55836.00,5040986.00,5096822.00,5040986,55836,846.00,929.00,1775.00,929,846,0.00,0.00,0,0,446688.00,40327888.00,40774576.00,40327888,446688
1668556074.993672,s1-eth3,12046564.00,181038.00,12227602.00,181038,12046564,2862.00,2743.00,5605.00,2743,2862,0.00,0.00,0,0,96372512.00,1448304.00,97820816.00,1448304,96372512
1668556074.993722,s1-eth2,117546.00,9190994.00,9308540.00,9190994,117546,1781.00,1873.00,3654.00,1873,1781,0.00,0.00,0,0,940368.00,73527952.00,74468320.00,73527952,940368
1668556074.993738,s2-eth1,9190994.00,117546.00,9308540.00,117546,9190994,1873.00,1781.00,3654.00,1781,1873,0.00,0.00,0,0,73527952.00,940368.00,74468320.00,940368,73527952
1668556074.993760,total,21536314.00,21632348.00,43168664.00,21632348,21536314,9262.00,9291.00,18553.00,9291,9262,0.00,0.00,0,0,172290512.00,173058784.00,345349312.00,173058784,172290512
1668556075.993995,lo,448.00,448.00,896.00,448,448,8.00,8.00,16.00,8,8,0.00,0.00,0,0,3584.00,3584.00,7168.00,3584,3584
1668556075.994032,eth0,304.00,248.00,552.00,248,304,4.00,4.00,8.00,4,4,0.00,0.00,0,0,2432.00,1984.00,4416.00,1984,2432
1668556075.994046,docker0,0.00,0.00,0.00,0,0,0.00,0.00,0.00,0,0,0.00,0.00,0,0,0.00,0.00,0.00,0,0
1668556075.994056,s1-eth1,66396.00,3073112.00,3139508.00,3073112,66396,1006.00,1060.00,2066.00,1060,1006,0.00,0.00,0,0,531168.00,24584896.00,25116064.00,24584896,531168
1668556075.994070,s2-eth2,60984.00,4092612.00,4153596.00,4092612,60984,924.00,930.00,1854.00,930,924,0.00,0.00,0,0,487872.00,32740896.00,33228768.00,32740896,487872
1668556075.994084,s2-eth3,71874.00,4957364.00,5029238.00,4957364,71874,1089.00,1110.00,2199.00,1110,1089,0.00,0.00,0,0,574992.00,39658912.00,40233904.00,39658912,574992
1668556075.994111,s1-eth3,12047590.00,199254.00,12246844.00,199254,12047590,3075.00,3019.00,6094.00,3019,3075,0.00,0.00,0,0,96380720.00,1594032.00,97974752.00,1594032,96380720
1668556075.994138,s1-eth2,132792.00,9054386.00,9187178.00,9054386,132792,2012.00,2041.00,4053.00,2041,2012,0.00,0.00,0,0,1062336.00,72435088.00,73497424.00,72435088,1062336
1668556075.994151,s2-eth1,9054386.00,132792.00,9187178.00,132792,9054386,2041.00,2012.00,4053.00,2012,2041,0.00,0.00,0,0,72435088.00,1062336.00,73497424.00,1062336,72435088
1668556075.994174,total,21434774.00,21510216.00,42944992.00,21510216,21434774,10159.00,10184.00,20343.00,10184,10159,0.00,0.00,0,0,171478192.00,172081728.00,343559936.00,172081728,171478192
1668556076.994474,lo,0.00,0.00,0.00,0,0,0.00,0.00,0.00,0,0,0.00,0.00,0,0,0.00,0.00,0.00,0,0
1668556076.994533,eth0,0.00,0.00,0.00,0,0,0.00,0.00,0.00,0,0,0.00,0.00,0,0,0.00,0.00,0.00,0,0
1668556076.994545,docker0,0.00,0.00,0.00,0,0,0.00,0.00,0.00,0,0,0.00,0.00,0,0,0.00,0.00,0.00,0,0
1668556076.994556,s1-eth1,68640.00,3176848.00,3245488.00,3176848,68640,1040.00,1096.00,2136.00,1096,1040,0.00,0.00,0,0,549120.00,25414784.00,25963904.00,25414784,549120
1668556076.994570,s2-eth2,60852.00,4097220.00,4158072.00,4097220,60852,922.00,934.00,1856.00,934,922,0.00,0.00,0,0,486816.00,32777760.00,33264576.00,32777760,486816
1668556076.994584,s2-eth3,72204.00,4837770.00,4909974.00,4837770,72204,1094.00,1097.00,2191.00,1097,1094,0.00,0.00,0,0,577632.00,38702160.00,39279792.00,38702160,577632
1668556076.994611,s1-eth3,12045424.00,201696.00,12247120.00,201696,12045424,3108.00,3056.00,6164.00,3056,3108,0.00,0.00,0,0,96363392.00,1613568.00,97976960.00,1613568,96363392
1668556076.994625,s1-eth2,133122.00,8934990.00,9068112.00,8934990,133122,2017.00,2031.00,4048.00,2031,2017,0.00,0.00,0,0,1064976.00,71479920.00,72544896.00,71479920,1064976
1668556076.994639,s2-eth1,8934990.00,133122.00,9068112.00,133122,8934990,2031.00,2017.00,4048.00,2017,2031,0.00,0.00,0,0,71479920.00,1064976.00,72544896.00,1064976,71479920
1668556076.994695,total,21315232.00,21381646.00,42696880.00,21381646,21315232,10212.00,10231.00,20443.00,10231,10212,0.00,0.00,0,0,170521856.00,171053168.00,341575040.00,171053168,170521856
1668556077.995006,lo,0.00,0.00,0.00,0,0,0.00,0.00,0.00,0,0,0.00,0.00,0,0,0.00,0.00,0.00,0,0
1668556077.995079,eth0,0.00,0.00,0.00,0,0,0.00,0.00,0.00,0,0,0.00,0.00,0,0,0.00,0.00,0.00,0,0
1668556077.995096,docker0,0.00,0.00,0.00,0,0,0.00,0.00,0.00,0,0,0.00,0.00,0,0,0.00,0.00,0.00,0,0
1668556077.995106,s1-eth1,66390.00,2941736.00,3008126.00,2941736,66390,993.00,1044.00,2037.00,1044,993,0.00,0.00,0,0,531120.00,23533888.00,24065008.00,23533888,531120
1668556077.995121,s2-eth2,64086.00,4497928.00,4562014.00,4497928,64086,971.00,972.00,1943.00,972,971,0.00,0.00,0,0,512688.00,35983424.00,36496112.00,35983424,512688
1668556077.995135,s2-eth3,70014.00,4378160.00,4448174.00,4378160,70014,1051.00,1088.00,2139.00,1088,1051,0.00,0.00,0,0,560112.00,35025280.00,35585392.00,35025280,560112
1668556077.995163,s1-eth3,12018052.00,200424.00,12218476.00,200424,12018052,3154.00,3014.00,6168.00,3014,3154,0.00,0.00,0,0,96144416.00,1603392.00,97747808.00,1603392,96144416
1668556077.995177,s1-eth2,134100.00,8873192.00,9007292.00,8873192,134100,2022.00,2060.00,4082.00,2060,2022,0.00,0.00,0,0,1072800.00,70985536.00,72058336.00,70985536,1072800
1668556077.995190,s2-eth1,8873192.00,134100.00,9007292.00,134100,8873192,2060.00,2022.00,4082.00,2022,2060,0.00,0.00,0,0,70985536.00,1072800.00,72058336.00,1072800,70985536
1668556077.995227,total,21225834.00,21025540.00,42251376.00,21025540,21225834,10251.00,10200.00,20451.00,10200,10251,0.00,0.00,0,0,169806672.00,168204320.00,338011008.00,168204320,169806672
1668556078.995462,lo,172.00,172.00,344.00,172,172,3.00,3.00,6.00,3,3,0.00,0.00,0,0,1376.00,1376.00,2752.00,1376,1376
1668556078.995507,eth0,0.00,0.00,0.00,0,0,0.00,0.00,0.00,0,0,0.00,0.00,0,0,0.00,0.00,0.00,0,0
1668556078.995524,docker0,0.00,0.00,0.00,0,0,0.00,0.00,0.00,0,0,0.00,0.00,0,0,0.00,0.00,0.00,0,0
1668556078.995535,s1-eth1,57288.00,2661196.00,2718484.00,2661196,57288,868.00,918.00,1786.00,918,868,0.00,0.00,0,0,458304.00,21289568.00,21747872.00,21289568,458304
1668556078.995549,s2-eth2,64746.00,5894674.00,5959420.00,5894674,64746,981.00,1073.00,2054.00,1073,981,0.00,0.00,0,0,517968.00,47157392.00,47675360.00,47157392,517968
1668556078.995572,s2-eth3,77880.00,3609498.00,3687378.00,3609498,77880,1180.00,1245.00,2425.00,1245,1180,0.00,0.00,0,0,623040.00,28875984.00,29499024.00,28875984,623040
1668556078.995600,s1-eth3,12081050.00,199914.00,12280964.00,199914,12081050,3209.00,3029.00,6238.00,3029,3209,0.00,0.00,0,0,96648400.00,1599312.00,98247712.00,1599312,96648400
1668556078.995614,s1-eth2,142560.00,9499696.00,9642256.00,9499696,142560,2160.00,2316.00,4476.00,2316,2160,0.00,0.00,0,0,1140480.00,75997568.00,77138048.00,75997568,1140480
1668556078.995628,s2-eth1,9499696.00,142560.00,9642256.00,142560,9499696,2316.00,2160.00,4476.00,2160,2316,0.00,0.00,0,0,75997568.00,1140480.00,77138048.00,1140480,75997568
1668556078.995650,total,21923392.00,22007710.00,43931104.00,22007710,21923392,10717.00,10744.00,21461.00,10744,10717,0.00,0.00,0,0,175387136.00,176061680.00,351448832.00,176061680,175387136
1668556079.995900,lo,172.00,172.00,344.00,172,172,3.00,3.00,6.00,3,3,0.00,0.00,0,0,1376.00,1376.00,2752.00,1376,1376
1668556079.995938,eth0,0.00,0.00,0.00,0,0,0.00,0.00,0.00,0,0,0.00,0.00,0,0,0.00,0.00,0.00,0,0
1668556079.995949,docker0,0.00,0.00,0.00,0,0,0.00,0.00,0.00,0,0,0.00,0.00,0,0,0.00,0.00,0.00,0,0
1668556079.995959,s1-eth1,61644.00,2858268.00,2919912.00,2858268,61644,934.00,986.00,1920.00,986,934,0.00,0.00,0,0,493152.00,22866144.00,23359296.00,22866144,493152
1668556079.995973,s2-eth2,61974.00,5652784.00,5714758.00,5652784,61974,939.00,1028.00,1967.00,1028,939,0.00,0.00,0,0,495792.00,45222272.00,45718064.00,45222272,495792
1668556079.995987,s2-eth3,78738.00,3646556.00,3725294.00,3646556,78738,1193.00,1258.00,2451.00,1258,1193,0.00,0.00,0,0,629904.00,29172448.00,29802352.00,29172448,629904
1668556079.996014,s1-eth3,12083822.00,202422.00,12286244.00,202422,12083822,3251.00,3067.00,6318.00,3067,3251,0.00,0.00,0,0,96670576.00,1619376.00,98289952.00,1619376,96670576
1668556079.996028,s1-eth2,140712.00,9309674.00,9450386.00,9309674,140712,2132.00,2289.00,4421.00,2289,2132,0.00,0.00,0,0,1125696.00,74477392.00,75603088.00,74477392,1125696
1668556079.996042,s2-eth1,9309674.00,140712.00,9450386.00,140712,9309674,2289.00,2132.00,4421.00,2132,2289,0.00,0.00,0,0,74477392.00,1125696.00,75603088.00,1125696,74477392
1668556079.996064,total,21736736.00,21810588.00,43547324.00,21810588,21736736,10741.00,10763.00,21504.00,10763,10741,0.00,0.00,0,0,173893888.00,174484704.00,348378592.00,174484704,173893888
1668556080.996245,lo,1992.00,1992.00,3984.00,1992,1992,20.00,20.00,40.00,20,20,0.00,0.00,0,0,15936.00,15936.00,31872.00,15936,15936
1668556080.996307,eth0,304.00,248.00,552.00,248,304,4.00,4.00,8.00,4,4,0.00,0.00,0,0,2432.00,1984.00,4416.00,1984,2432
1668556080.996322,docker0,0.00,0.00,0.00,0,0,0.00,0.00,0.00,0,0,0.00,0.00,0,0,0.00,0.00,0.00,0,0
1668556080.996332,s1-eth1,60908.00,2698196.00,2759104.00,2698196,60908,906.00,952.00,1858.00,952,906,0.00,0.00,0,0,487264.00,21585568.00,22072832.00,21585568,487264
1668556080.996346,s2-eth2,62804.00,5023820.00,5086624.00,5023820,62804,942.00,998.00,1940.00,998,942,0.00,0.00,0,0,502432.00,40190560.00,40692992.00,40190560,502432
1668556080.996359,s2-eth3,79142.00,4179874.00,4259016.00,4179874,79142,1199.00,1221.00,2420.00,1221,1199,0.00,0.00,0,0,633136.00,33438992.00,34072128.00,33438992,633136
1668556080.996387,s1-eth3,12094948.00,202442.00,12297390.00,202442,12094948,3244.00,3041.00,6285.00,3041,3244,0.00,0.00,0,0,96759584.00,1619536.00,98379120.00,1619536,96759584
1668556080.996401,s1-eth2,141806.00,9200732.00,9342538.00,9200732,141806,2139.00,2218.00,4357.00,2218,2139,0.00,0.00,0,0,1134448.00,73605856.00,74740304.00,73605856,1134448
1668556080.996415,s2-eth1,9200732.00,141806.00,9342538.00,141806,9200732,2218.00,2139.00,4357.00,2139,2218,0.00,0.00,0,0,73605856.00,1134448.00,74740304.00,1134448,73605856
1668556080.996437,total,21642636.00,21449110.00,43091744.00,21449110,21642636,10672.00,10593.00,21265.00,10593,10672,0.00,0.00,0,0,173141088.00,171592880.00,344733952.00,171592880,173141088
1668556081.996755,lo,0.00,0.00,0.00,0,0,0.00,0.00,0.00,0,0,0.00,0.00,0,0,0.00,0.00,0.00,0,0
1668556081.996842,eth0,0.00,0.00,0.00,0,0,0.00,0.00,0.00,0,0,0.00,0.00,0,0,0.00,0.00,0.00,0,0
1668556081.996856,docker0,0.00,0.00,0.00,0,0,0.00,0.00,0.00,0,0,0.00,0.00,0,0,0.00,0.00,0.00,0,0
1668556081.996866,s1-eth1,54978.00,2556012.00,2610990.00,2556012,54978,833.00,882.00,1715.00,882,833,0.00,0.00,0,0,439824.00,20448096.00,20887920.00,20448096,439824
1668556081.996881,s2-eth2,62106.00,4189500.00,4251606.00,4189500,62106,941.00,950.00,1891.00,950,941,0.00,0.00,0,0,496848.00,33516000.00,34012848.00,33516000,496848
1668556081.996894,s2-eth3,59202.00,5402206.00,5461408.00,5402206,59202,897.00,983.00,1880.00,983,897,0.00,0.00,0,0,473616.00,43217648.00,43691264.00,43217648,473616
1668556081.996922,s1-eth3,12056424.00,176418.00,12232842.00,176418,12056424,2792.00,2673.00,5465.00,2673,2792,0.00,0.00,0,0,96451392.00,1411344.00,97862736.00,1411344,96451392
1668556081.996969,s1-eth2,121308.00,9594668.00,9715976.00,9594668,121308,1838.00,1934.00,3772.00,1934,1838,0.00,0.00,0,0,970464.00,76757344.00,77727808.00,76757344,970464
1668556081.996983,s2-eth1,9594668.00,121308.00,9715976.00,121308,9594668,1934.00,1838.00,3772.00,1838,1934,0.00,0.00,0,0,76757344.00,970464.00,77727808.00,970464,76757344
1668556081.997005,total,21948686.00,22040112.00,43988800.00,22040112,21948686,9235.00,9260.00,18495.00,9260,9235,0.00,0.00,0,0,175589488.00,176320896.00,351910400.00,176320896,175589488
1668556082.997262,lo,772.00,772.00,1544.00,772,772,6.00,6.00,12.00,6,6,0.00,0.00,0,0,6176.00,6176.00,12352.00,6176,6176
1668556082.997299,eth0,0.00,0.00,0.00,0,0,0.00,0.00,0.00,0,0,0.00,0.00,0,0,0.00,0.00,0.00,0,0
1668556082.997336,docker0,0.00,0.00,0.00,0,0,0.00,0.00,0.00,0,0,0.00,0.00,0,0,0.00,0.00,0.00,0,0
1668556082.997351,s1-eth1,59272.00,2745646.00,2804918.00,2745646,59272,898.00,947.00,1845.00,947,898,0.00,0.00,0,0,474176.00,21965168.00,22439344.00,21965168,474176
1668556082.997365,s2-eth2,62110.00,4176336.00,4238446.00,4176336,62110,941.00,948.00,1889.00,948,941,0.00,0.00,0,0,496880.00,33410688.00,33907568.00,33410688,496880
1668556082.997379,s2-eth3,57354.00,5216136.00,5273490.00,5216136,57354,869.00,950.00,1819.00,950,869,0.00,0.00,0,0,458832.00,41729088.00,42187920.00,41729088,458832
1668556082.997407,s1-eth3,12055644.00,178530.00,12234174.00,178530,12055644,2824.00,2705.00,5529.00,2705,2824,0.00,0.00,0,0,96445152.00,1428240.00,97873392.00,1428240,96445152
1668556082.997421,s1-eth2,119394.00,9393920.00,9513314.00,9393920,119394,1809.00,1898.00,3707.00,1898,1809,0.00,0.00,0,0,955152.00,75151360.00,76106512.00,75151360,955152
1668556082.997435,s2-eth1,9393920.00,119394.00,9513314.00,119394,9393920,1898.00,1809.00,3707.00,1809,1898,0.00,0.00,0,0,75151360.00,955152.00,76106512.00,955152,75151360
1668556082.997457,total,21748466.00,21830734.00,43579200.00,21830734,21748466,9245.00,9263.00,18508.00,9263,9245,0.00,0.00,0,0,173987728.00,174645872.00,348633600.00,174645872,173987728
1668556083.997638,lo,0.00,0.00,0.00,0,0,0.00,0.00,0.00,0,0,0.00,0.00,0,0,0.00,0.00,0.00,0,0
1668556083.998569,eth0,0.00,0.00,0.00,0,0,0.00,0.00,0.00,0,0,0.00,0.00,0,0,0.00,0.00,0.00,0,0
1668556083.998610,docker0,0.00,0.00,0.00,0,0,0.00,0.00,0.00,0,0,0.00,0.00,0,0,0.00,0.00,0.00,0,0
1668556083.998622,s1-eth1,63032.97,2919065.00,2982098.00,2921984,63096,955.04,1006.99,1962.04,1008,956,0.00,0.00,0,0,504263.75,23352520.00,23856784.00,23375872,504768
1668556083.998637,s2-eth2,61516.48,4132513.50,4194030.00,4136646,61578,932.07,938.06,1870.13,939,933,0.00,0.00,0,0,492131.88,33060108.00,33552240.00,33093168,492624
1668556083.998652,s2-eth3,55516.48,5073231.00,5128747.50,5078304,55572,841.16,923.08,1764.24,924,842,0.00,0.00,0,0,444131.88,40585848.00,41029980.00,40626432,444576
1668556083.998681,s1-eth3,12055569.00,180065.94,12235635.00,180246,12067624,2849.15,2728.27,5577.42,2731,2852,0.00,0.00,0,0,96444552.00,1440527.50,97885080.00,1441968,96540992
1668556083.998696,s1-eth2,117164.84,9205745.00,9322909.00,9214950,117282,1775.22,1861.14,3636.36,1863,1777,0.00,0.00,0,0,937318.69,73645960.00,74583272.00,73719600,938256
1668556083.998710,s2-eth1,9205745.00,117164.84,9322909.00,117282,9214950,1861.14,1775.22,3636.36,1777,1863,0.00,0.00,0,0,73645960.00,937318.69,74583272.00,938256,73719600
1668556083.998770,total,21558544.00,21627784.00,43186328.00,21649412,21580102,9213.79,9232.77,18446.55,9242,9223,0.00,0.00,0,0,172468352.00,173022272.00,345490624.00,173195296,172640816
1668556084.998936,lo,385.61,385.61,771.23,386,386,3.00,3.00,5.99,3,3,0.00,0.00,0,0,3084.92,3084.92,6169.83,3088,3088
1668556084.998977,eth0,0.00,0.00,0.00,0,0,0.00,0.00,0.00,0,0,0.00,0.00,0,0,0.00,0.00,0.00,0,0
1668556084.998990,docker0,0.00,0.00,0.00,0,0,0.00,0.00,0.00,0,0,0.00,0.00,0,0,0.00,0.00,0.00,0,0
1668556084.999001,s1-eth1,65236.00,2845570.00,2910806.00,2845570,65236,968.00,1013.00,1981.00,1013,968,0.00,0.00,0,0,521888.00,22764560.00,23286448.00,22764560,521888
1668556084.999015,s2-eth2,61516.00,4123482.00,4184998.00,4123482,61516,932.00,937.00,1869.00,937,932,0.00,0.00,0,0,492128.00,32987856.00,33479984.00,32987856,492128
1668556084.999028,s2-eth3,60988.00,5051922.00,5112910.00,5051922,60988,924.00,985.00,1909.00,985,924,0.00,0.00,0,0,487904.00,40415376.00,40903280.00,40415376,487904
1668556084.999056,s1-eth3,12055990.00,187596.00,12243586.00,187596,12055990,2939.00,2822.00,5761.00,2822,2939,0.00,0.00,0,0,96447920.00,1500768.00,97948688.00,1500768,96447920
1668556084.999070,s1-eth2,122302.00,9169546.00,9291848.00,9169546,122302,1853.00,1921.00,3774.00,1921,1853,0.00,0.00,0,0,978416.00,73356368.00,74334784.00,73356368,978416
1668556084.999084,s2-eth1,9169546.00,122302.00,9291848.00,122302,9169546,1921.00,1853.00,3774.00,1853,1921,0.00,0.00,0,0,73356368.00,978416.00,74334784.00,978416,73356368
1668556084.999106,total,21535964.00,21500804.00,43036768.00,21500804,21535964,9540.00,9534.00,19074.00,9534,9540,0.00,0.00,0,0,172287712.00,172006432.00,344294144.00,172006432,172287712
1668556085.999356,lo,448.00,448.00,896.00,448,448,8.00,8.00,16.00,8,8,0.00,0.00,0,0,3584.00,3584.00,7168.00,3584,3584
1668556085.999394,eth0,304.00,248.00,552.00,248,304,4.00,4.00,8.00,4,4,0.00,0.00,0,0,2432.00,1984.00,4416.00,1984,2432
1668556085.999407,docker0,0.00,0.00,0.00,0,0,0.00,0.00,0.00,0,0,0.00,0.00,0,0,0.00,0.00,0.00,0,0
1668556085.999417,s1-eth1,63558.00,4272172.00,4335730.00,4272172,63558,963.00,974.00,1937.00,974,963,0.00,0.00,0,0,508464.00,34177376.00,34685840.00,34177376,508464
1668556085.999431,s2-eth2,60126.00,5455758.00,5515884.00,5455758,60126,911.00,851.00,1762.00,851,911,0.00,0.00,0,0,481008.00,43646064.00,44127072.00,43646064,481008
1668556085.999445,s2-eth3,23298.00,1722190.00,1745488.00,1722190,23298,353.00,315.00,668.00,315,353,0.00,0.00,0,0,186384.00,13777520.00,13963904.00,13777520,186384
1668556085.999473,s1-eth3,12047186.00,146652.00,12193838.00,146652,12047186,2301.00,2222.00,4523.00,2222,2301,0.00,0.00,0,0,96377488.00,1173216.00,97550704.00,1173216,96377488
1668556085.999487,s1-eth2,83292.00,7188216.00,7271508.00,7188216,83292,1262.00,1168.00,2430.00,1168,1262,0.00,0.00,0,0,666336.00,57505728.00,58172064.00,57505728,666336
1668556085.999501,s2-eth1,7188216.00,83292.00,7271508.00,83292,7188216,1168.00,1262.00,2430.00,1262,1168,0.00,0.00,0,0,57505728.00,666336.00,58172064.00,666336,57505728
1668556085.999523,total,19466428.00,18868976.00,38335404.00,18868976,19466428,6970.00,6804.00,13774.00,6804,6970,0.00,0.00,0,0,155731424.00,150951808.00,306683232.00,150951808,155731424
