1669089406.267767,lo,0.00,0.00,0.00,0,0,0.00,0.00,0.00,0,0,0.00,0.00,0,0,0.00,0.00,0.00,0,0
1669089406.267818,eth0,0.00,0.00,0.00,0,0,0.00,0.00,0.00,0,0,0.00,0.00,0,0,0.00,0.00,0.00,0,0
1669089406.267831,docker0,0.00,0.00,0.00,0,0,0.00,0.00,0.00,0,0,0.00,0.00,0,0,0.00,0.00,0.00,0,0
1669089406.267845,s1-eth1,0.00,0.00,0.00,0,0,0.00,0.00,0.00,0,0,0.00,0.00,0,0,0.00,0.00,0.00,0,0
1669089406.267855,s2-eth2,0.00,0.00,0.00,0,0,0.00,0.00,0.00,0,0,0.00,0.00,0,0,0.00,0.00,0.00,0,0
1669089406.267864,s2-eth3,0.00,0.00,0.00,0,0,0.00,0.00,0.00,0,0,0.00,0.00,0,0,0.00,0.00,0.00,0,0
1669089406.267891,s1-eth3,0.00,0.00,0.00,0,0,0.00,0.00,0.00,0,0,0.00,0.00,0,0,0.00,0.00,0.00,0,0
1669089406.267901,s1-eth2,0.00,0.00,0.00,0,0,0.00,0.00,0.00,0,0,0.00,0.00,0,0,0.00,0.00,0.00,0,0
1669089406.267910,s2-eth1,0.00,0.00,0.00,0,0,0.00,0.00,0.00,0,0,0.00,0.00,0,0,0.00,0.00,0.00,0,0
1669089406.267936,total,0.00,0.00,0.00,0,0,0.00,0.00,0.00,0,0,0.00,0.00,0,0,0.00,0.00,0.00,0,0
1669089407.268102,lo,7840.00,7840.00,15680.00,7840,7840,56.00,56.00,112.00,56,56,0.00,0.00,0,0,62720.00,62720.00,125440.00,62720,62720
1669089407.268198,eth0,144.00,132.00,276.00,132,144,2.00,2.00,4.00,2,2,0.00,0.00,0,0,1152.00,1056.00,2208.00,1056,1152
1669089407.268213,docker0,0.00,0.00,0.00,0,0,0.00,0.00,0.00,0,0,0.00,0.00,0,0,0.00,0.00,0.00,0,0
1669089407.268224,s1-eth1,76040.00,5745788.00,5821828.00,5745788,76040,964.00,1120.00,2084.00,1120,964,0.00,0.00,0,0,608320.00,45966304.00,46574624.00,45966304,608320
1669089407.268239,s2-eth2,61026.00,3303084.00,3364110.00,3303084,61026,791.00,924.00,1715.00,924,791,0.00,0.00,0,0,488208.00,26424672.00,26912880.00,26424672,488208
1669089407.268252,s2-eth3,56972.00,3007746.00,3064718.00,3007746,56972,740.00,881.00,1621.00,881,740,0.00,0.00,0,0,455776.00,24061968.00,24517744.00,24061968,455776
1669089407.268316,s1-eth3,11994186.00,191902.00,12186088.00,191902,11994186,2877.00,2471.00,5348.00,2471,2877,0.00,0.00,0,0,95953488.00,1535216.00,97488704.00,1535216,95953488
1669089407.268334,s1-eth2,117102.00,6418038.00,6535140.00,6418038,117102,1521.00,1827.00,3348.00,1827,1521,0.00,0.00,0,0,936816.00,51344304.00,52281120.00,51344304,936816
1669089407.268348,s2-eth1,6418038.00,117102.00,6535140.00,117102,6418038,1827.00,1521.00,3348.00,1521,1827,0.00,0.00,0,0,51344304.00,936816.00,52281120.00,936816,51344304
1669089407.268372,total,18731348.00,18791632.00,37522980.00,18791632,18731348,8778.00,8802.00,17580.00,8802,8778,0.00,0.00,0,0,149850784.00,150333056.00,300183840.00,150333056,149850784
1669089408.268601,lo,1745.00,1745.00,3490.00,1745,1745,17.00,17.00,34.00,17,17,0.00,0.00,0,0,13960.00,13960.00,27920.00,13960,13960
1669089408.268649,eth0,260.00,316.00,576.00,316,260,4.00,4.00,8.00,4,4,0.00,0.00,0,0,2080.00,2528.00,4608.00,2528,2080
1669089408.268663,docker0,0.00,0.00,0.00,0,0,0.00,0.00,0.00,0,0,0.00,0.00,0,0,0.00,0.00,0.00,0,0
1669089408.268674,s1-eth1,63582.00,5792060.00,5855642.00,5792060,63582,963.00,1054.00,2017.00,1054,963,0.00,0.00,0,0,508656.00,46336480.00,46845136.00,46336480,508656
1669089408.268688,s2-eth2,71856.00,3319180.00,3391036.00,3319180,71856,1088.00,1146.00,2234.00,1146,1088,0.00,0.00,0,0,574848.00,26553440.00,27128288.00,26553440,574848
1669089408.268702,s2-eth3,66378.00,3084960.00,3151338.00,3084960,66378,1005.00,1064.00,2069.00,1064,1005,0.00,0.00,0,0,531024.00,24679680.00,25210704.00,24679680,531024
1669089408.268732,s1-eth3,12083974.00,201300.00,12285274.00,201300,12083974,3231.00,3050.00,6281.00,3050,3231,0.00,0.00,0,0,96671792.00,1610400.00,98282192.00,1610400,96671792
1669089408.268769,s1-eth2,137898.00,6399664.00,6537562.00,6399664,137898,2089.00,2208.00,4297.00,2208,2089,0.00,0.00,0,0,1103184.00,51197312.00,52300496.00,51197312,1103184
1669089408.268784,s2-eth1,6399664.00,137898.00,6537562.00,137898,6399664,2208.00,2089.00,4297.00,2089,2208,0.00,0.00,0,0,51197312.00,1103184.00,52300496.00,1103184,51197312
1669089408.268808,total,18825356.00,18937124.00,37762480.00,18937123,18825357,10605.00,10632.00,21237.00,10632,10605,0.00,0.00,0,0,150602848.00,151496992.00,302099840.00,151496984,150602856
1669089409.269059,lo,110.00,110.00,220.00,110,110,2.00,2.00,4.00,2,2,0.00,0.00,0,0,880.00,880.00,1760.00,880,880
1669089409.269155,eth0,98.00,40.00,138.00,40,98,1.00,1.00,2.00,1,1,0.00,0.00,0,0,784.00,320.00,1104.00,320,784
1669089409.269173,docker0,0.00,0.00,0.00,0,0,0.00,0.00,0.00,0,0,0.00,0.00,0,0,0.00,0.00,0.00,0,0
1669089409.269184,s1-eth1,60192.00,5522394.00,5582586.00,5522394,60192,912.00,1005.00,1917.00,1005,912,0.00,0.00,0,0,481536.00,44179152.00,44660688.00,44179152,481536
1669089409.269199,s2-eth2,73194.00,3427236.00,3500430.00,3427236,73194,1109.00,1182.00,2291.00,1182,1109,0.00,0.00,0,0,585552.00,27417888.00,28003440.00,27417888,585552
1669089409.269212,s2-eth3,69300.00,3215354.00,3284654.00,3215354,69300,1050.00,1109.00,2159.00,1109,1050,0.00,0.00,0,0,554400.00,25722832.00,26277232.00,25722832,554400
1669089409.269243,s1-eth3,12080798.00,202554.00,12283352.00,202554,12080798,3271.00,3069.00,6340.00,3069,3271,0.00,0.00,0,0,96646384.00,1620432.00,98266816.00,1620432,96646384
1669089409.269257,s1-eth2,142362.00,6641142.00,6783504.00,6641142,142362,2157.00,2291.00,4448.00,2291,2157,0.00,0.00,0,0,1138896.00,53129136.00,54268032.00,53129136,1138896
1669089409.269271,s2-eth1,6641142.00,142362.00,6783504.00,142362,6641142,2291.00,2157.00,4448.00,2157,2291,0.00,0.00,0,0,53129136.00,1138896.00,54268032.00,1138896,53129136
1669089409.269341,total,19067196.00,19151192.00,38218388.00,19151192,19067196,10793.00,10816.00,21609.00,10816,10793,0.00,0.00,0,0,152537568.00,153209536.00,305747104.00,153209536,152537568
1669089410.269627,lo,3752.00,3752.00,7504.00,3752,3752,30.00,30.00,60.00,30,30,0.00,0.00,0,0,30016.00,30016.00,60032.00,30016,30016
1669089410.269675,eth0,0.00,0.00,0.00,0,0,0.00,0.00,0.00,0,0,0.00,0.00,0,0,0.00,0.00,0.00,0,0
1669089410.269687,docker0,0.00,0.00,0.00,0,0,0.00,0.00,0.00,0,0,0.00,0.00,0,0,0.00,0.00,0.00,0,0
1669089410.269698,s1-eth1,58658.00,5342154.00,5400812.00,5342154,58658,889.00,973.00,1862.00,973,889,0.00,0.00,0,0,469264.00,42737232.00,43206496.00,42737232,469264
1669089410.269713,s2-eth2,74960.00,3458412.00,3533372.00,3458412,74960,1136.00,1194.00,2330.00,1194,1136,0.00,0.00,0,0,599680.00,27667296.00,28266976.00,27667296,599680
1669089410.269727,s2-eth3,72604.00,3365104.00,3437708.00,3365104,72604,1100.00,1162.00,2262.00,1162,1100,0.00,0.00,0,0,580832.00,26920832.00,27501664.00,26920832,580832
1669089410.269799,s1-eth3,12085942.00,206056.00,12291998.00,206056,12085942,3305.00,3122.00,6427.00,3122,3305,0.00,0.00,0,0,96687536.00,1648448.00,98335984.00,1648448,96687536
1669089410.269817,s1-eth2,147556.00,6823516.00,6971072.00,6823516,147556,2236.00,2356.00,4592.00,2356,2236,0.00,0.00,0,0,1180448.00,54588128.00,55768576.00,54588128,1180448
1669089410.269831,s2-eth1,6823516.00,147556.00,6971072.00,147556,6823516,2356.00,2236.00,4592.00,2236,2356,0.00,0.00,0,0,54588128.00,1180448.00,55768576.00,1180448,54588128
1669089410.269856,total,19266988.00,19346550.00,38613536.00,19346550,19266988,11052.00,11073.00,22125.00,11073,11052,0.00,0.00,0,0,154135904.00,154772400.00,308908288.00,154772400,154135904
1669089411.270090,lo,10420.00,10420.00,20840.00,10420,10420,76.00,76.00,152.00,76,76,0.00,0.00,0,0,83360.00,83360.00,166720.00,83360,83360
1669089411.270180,eth0,0.00,0.00,0.00,0,0,0.00,0.00,0.00,0,0,0.00,0.00,0,0,0.00,0.00,0.00,0,0
1669089411.270195,docker0,0.00,0.00,0.00,0,0,0.00,0.00,0.00,0,0,0.00,0.00,0,0,0.00,0.00,0.00,0,0
1669089411.270206,s1-eth1,60456.00,4949066.00,5009522.00,4949066,60456,906.00,963.00,1869.00,963,906,0.00,0.00,0,0,483648.00,39592528.00,40076176.00,39592528,483648
1669089411.270220,s2-eth2,79956.00,3724700.00,3804656.00,3724700,79956,1212.00,1236.00,2448.00,1236,1212,0.00,0.00,0,0,639648.00,29797600.00,30437248.00,29797600,639648
1669089411.270234,s2-eth3,69826.00,3195142.00,3264968.00,3195142,69826,1051.00,1111.00,2162.00,1111,1051,0.00,0.00,0,0,558608.00,25561136.00,26119744.00,25561136,558608
1669089411.270272,s1-eth3,12073060.00,209238.00,12282298.00,209238,12073060,3374.00,3153.00,6527.00,3153,3374,0.00,0.00,0,0,96584480.00,1673904.00,98258384.00,1673904,96584480
1669089411.270328,s1-eth2,149348.00,6916998.00,7066346.00,6916998,149348,2256.00,2347.00,4603.00,2347,2256,0.00,0.00,0,0,1194784.00,55335984.00,56530768.00,55335984,1194784
1669089411.270357,s2-eth1,6916998.00,149348.00,7066346.00,149348,6916998,2347.00,2256.00,4603.00,2256,2347,0.00,0.00,0,0,55335984.00,1194784.00,56530768.00,1194784,55335984
1669089411.270382,total,19360064.00,19154912.00,38514976.00,19154912,19360064,11222.00,11142.00,22364.00,11142,11222,0.00,0.00,0,0,154880512.00,153239296.00,308119808.00,153239296,154880512
1669089412.270708,lo,0.00,0.00,0.00,0,0,0.00,0.00,0.00,0,0,0.00,0.00,0,0,0.00,0.00,0.00,0,0
1669089412.270756,eth0,0.00,0.00,0.00,0,0,0.00,0.00,0.00,0,0,0.00,0.00,0,0,0.00,0.00,0.00,0,0
1669089412.270768,docker0,0.00,0.00,0.00,0,0,0.00,0.00,0.00,0,0,0.00,0.00,0,0,0.00,0.00,0.00,0,0
1669089412.270779,s1-eth1,60786.00,4078198.00,4138984.00,4078198,60786,921.00,931.00,1852.00,931,921,0.00,0.00,0,0,486288.00,32625584.00,33111872.00,32625584,486288
1669089412.270794,s2-eth2,58344.00,5287942.00,5346286.00,5287942,58344,884.00,963.00,1847.00,963,884,0.00,0.00,0,0,466752.00,42303536.00,42770288.00,42303536,466752
1669089412.270809,s2-eth3,60192.00,2797514.00,2857706.00,2797514,60192,912.00,965.00,1877.00,965,912,0.00,0.00,0,0,481536.00,22380112.00,22861648.00,22380112,481536
1669089412.270862,s1-eth3,12064068.00,179256.00,12243324.00,179256,12064068,2842.00,2716.00,5558.00,2716,2842,0.00,0.00,0,0,96512544.00,1434048.00,97946592.00,1434048,96512544
1669089412.270877,s1-eth2,118404.00,8094210.00,8212614.00,8094210,118404,1794.00,1929.00,3723.00,1929,1794,0.00,0.00,0,0,947232.00,64753680.00,65700912.00,64753680,947232
1669089412.270891,s2-eth1,8094210.00,118404.00,8212614.00,118404,8094210,1929.00,1794.00,3723.00,1794,1929,0.00,0.00,0,0,64753680.00,947232.00,65700912.00,947232,64753680
1669089412.270914,total,20456004.00,20555524.00,41011528.00,20555524,20456004,9282.00,9298.00,18580.00,9298,9282,0.00,0.00,0,0,163648032.00,164444192.00,328092224.00,164444192,163648032
1669089413.271159,lo,338.00,338.00,676.00,338,338,6.00,6.00,12.00,6,6,0.00,0.00,0,0,2704.00,2704.00,5408.00,2704,2704
1669089413.271208,eth0,206.00,168.00,374.00,168,206,3.00,2.00,5.00,2,3,0.00,0.00,0,0,1648.00,1344.00,2992.00,1344,1648
1669089413.271277,docker0,0.00,0.00,0.00,0,0,0.00,0.00,0.00,0,0,0.00,0.00,0,0,0.00,0.00,0.00,0,0
1669089413.271293,s1-eth1,60786.00,4092810.00,4153596.00,4092810,60786,921.00,933.00,1854.00,933,921,0.00,0.00,0,0,486288.00,32742480.00,33228768.00,32742480,486288
1669089413.271313,s2-eth2,56694.00,5167688.00,5224382.00,5167688,56694,859.00,940.00,1799.00,940,859,0.00,0.00,0,0,453552.00,41341504.00,41795056.00,41341504,453552
1669089413.271328,s2-eth3,61842.00,2884926.00,2946768.00,2884926,61842,937.00,995.00,1932.00,995,937,0.00,0.00,0,0,494736.00,23079408.00,23574144.00,23079408,494736
1669089413.271359,s1-eth3,12060120.00,179388.00,12239508.00,179388,12060120,2848.00,2718.00,5566.00,2718,2848,0.00,0.00,0,0,96480960.00,1435104.00,97916064.00,1435104,96480960
1669089413.271374,s1-eth2,118602.00,8049718.00,8168320.00,8049718,118602,1797.00,1935.00,3732.00,1935,1797,0.00,0.00,0,0,948816.00,64397744.00,65346560.00,64397744,948816
1669089413.271388,s2-eth1,8049718.00,118602.00,8168320.00,118602,8049718,1935.00,1797.00,3732.00,1797,1935,0.00,0.00,0,0,64397744.00,948816.00,65346560.00,948816,64397744
1669089413.271442,total,20408306.00,20493638.00,40901944.00,20493638,20408306,9306.00,9326.00,18632.00,9326,9306,0.00,0.00,0,0,163266448.00,163949104.00,327215552.00,163949104,163266448
1669089414.271786,lo,110.00,110.00,220.00,110,110,2.00,2.00,4.00,2,2,0.00,0.00,0,0,880.00,880.00,1760.00,880,880
1669089414.271841,eth0,98.00,80.00,178.00,80,98,1.00,2.00,3.00,2,1,0.00,0.00,0,0,784.00,640.00,1424.00,640,784
1669089414.271855,docker0,0.00,0.00,0.00,0,0,0.00,0.00,0.00,0,0,0.00,0.00,0,0,0.00,0.00,0.00,0,0
1669089414.271866,s1-eth1,60786.00,4083924.00,4144710.00,4083924,60786,921.00,930.00,1851.00,930,921,0.00,0.00,0,0,486288.00,32671392.00,33157680.00,32671392,486288
1669089414.271897,s2-eth2,56892.00,4968128.00,5025020.00,4968128,56892,862.00,944.00,1806.00,944,862,0.00,0.00,0,0,455136.00,39745024.00,40200160.00,39745024,455136
1669089414.271929,s2-eth3,66990.00,3093846.00,3160836.00,3093846,66990,1015.00,1067.00,2082.00,1067,1015,0.00,0.00,0,0,535920.00,24750768.00,25286688.00,24750768,535920
1669089414.271961,s1-eth3,12075928.00,184668.00,12260596.00,184668,12075928,2912.00,2798.00,5710.00,2798,2912,0.00,0.00,0,0,96607424.00,1477344.00,98084768.00,1477344,96607424
1669089414.271976,s1-eth2,123948.00,8061908.00,8185856.00,8061908,123948,1878.00,2010.00,3888.00,2010,1878,0.00,0.00,0,0,991584.00,64495264.00,65486848.00,64495264,991584
1669089414.271990,s2-eth1,8061908.00,123948.00,8185856.00,123948,8061908,2010.00,1878.00,3888.00,1878,2010,0.00,0.00,0,0,64495264.00,991584.00,65486848.00,991584,64495264
1669089414.272061,total,20446660.00,20516612.00,40963272.00,20516612,20446660,9601.00,9631.00,19232.00,9631,9601,0.00,0.00,0,0,163573280.00,164132896.00,327706176.00,164132896,163573280
1669089415.272336,lo,0.00,0.00,0.00,0,0,0.00,0.00,0.00,0,0,0.00,0.00,0,0,0.00,0.00,0.00,0,0
1669089415.272391,eth0,0.00,0.00,0.00,0,0,0.00,0.00,0.00,0,0,0.00,0.00,0,0,0.00,0.00,0.00,0,0
1669089415.272404,docker0,0.00,0.00,0.00,0,0,0.00,0.00,0.00,0,0,0.00,0.00,0,0,0.00,0.00,0.00,0,0
1669089415.272415,s1-eth1,60588.00,4070496.00,4131084.00,4070496,60588,918.00,924.00,1842.00,924,918,0.00,0.00,0,0,484704.00,32563968.00,33048672.00,32563968,484704
1669089415.272430,s2-eth2,73062.00,4921428.00,4994490.00,4921428,73062,1107.00,1114.00,2221.00,1114,1107,0.00,0.00,0,0,584496.00,39371424.00,39955920.00,39371424,584496
1669089415.272444,s2-eth3,67716.00,3127942.00,3195658.00,3127942,67716,1026.00,1079.00,2105.00,1079,1026,0.00,0.00,0,0,541728.00,25023536.00,25565264.00,25023536,541728
1669089415.272509,s1-eth3,12060824.00,201432.00,12262256.00,201432,12060824,3100.00,3052.00,6152.00,3052,3100,0.00,0.00,0,0,96486592.00,1611456.00,98098048.00,1611456,96486592
1669089415.272527,s1-eth2,140778.00,8049370.00,8190148.00,8049370,140778,2133.00,2193.00,4326.00,2193,2133,0.00,0.00,0,0,1126224.00,64394960.00,65521184.00,64394960,1126224
1669089415.272541,s2-eth1,8049370.00,140778.00,8190148.00,140778,8049370,2193.00,2133.00,4326.00,2133,2193,0.00,0.00,0,0,64394960.00,1126224.00,65521184.00,1126224,64394960
1669089415.272565,total,20452338.00,20511446.00,40963784.00,20511446,20452338,10477.00,10495.00,20972.00,10495,10477,0.00,0.00,0,0,163618704.00,164091568.00,327710272.00,164091568,163618704
1669089416.272880,lo,344.00,344.00,688.00,344,344,6.00,6.00,12.00,6,6,0.00,0.00,0,0,2752.00,2752.00,5504.00,2752,2752
1669089416.272939,eth0,0.00,0.00,0.00,0,0,0.00,0.00,0.00,0,0,0.00,0.00,0,0,0.00,0.00,0.00,0,0
1669089416.272952,docker0,0.00,0.00,0.00,0,0,0.00,0.00,0.00,0,0,0.00,0.00,0,0,0.00,0.00,0.00,0,0
1669089416.272963,s1-eth1,64224.00,3009854.00,3074078.00,3009854,64224,962.00,1023.00,1985.00,1023,962,0.00,0.00,0,0,513792.00,24078832.00,24592624.00,24078832,513792
1669089416.272976,s2-eth2,66000.00,6583642.00,6649642.00,6583642,66000,1000.00,981.00,1981.00,981,1000,0.00,0.00,0,0,528000.00,52669136.00,53197136.00,52669136,528000
1669089416.272990,s2-eth3,50394.00,2307798.00,2358192.00,2307798,50394,755.00,807.00,1562.00,807,755,0.00,0.00,0,0,403152.00,18462384.00,18865536.00,18462384,403152
1669089416.273020,s1-eth3,12055714.00,180750.00,12236464.00,180750,12055714,2869.00,2719.00,5588.00,2719,2869,0.00,0.00,0,0,96445712.00,1446000.00,97891712.00,1446000,96445712
1669089416.273035,s1-eth2,116394.00,8890058.00,9006452.00,8890058,116394,1755.00,1789.00,3544.00,1789,1755,0.00,0.00,0,0,931152.00,71120464.00,72051616.00,71120464,931152
1669089416.273064,s2-eth1,8890058.00,116394.00,9006452.00,116394,8890058,1789.00,1755.00,3544.00,1755,1789,0.00,0.00,0,0,71120464.00,931152.00,72051616.00,931152,71120464
1669089416.273097,total,21243128.00,21088840.00,42331968.00,21088840,21243128,9136.00,9080.00,18216.00,9080,9136,0.00,0.00,0,0,169945024.00,168710720.00,338655744.00,168710720,169945024
1669089417.273379,lo,0.00,0.00,0.00,0,0,0.00,0.00,0.00,0,0,0.00,0.00,0,0,0.00,0.00,0.00,0,0
1669089417.273425,eth0,0.00,0.00,0.00,0,0,0.00,0.00,0.00,0,0,0.00,0.00,0,0,0.00,0.00,0.00,0,0
1669089417.273459,docker0,0.00,0.00,0.00,0,0,0.00,0.00,0.00,0,0,0.00,0.00,0,0,0.00,0.00,0.00,0,0
1669089417.273471,s1-eth1,68310.00,3162038.00,3230348.00,3162038,68310,1035.00,1091.00,2126.00,1091,1035,0.00,0.00,0,0,546480.00,25296304.00,25842784.00,25296304,546480
1669089417.273486,s2-eth2,57552.00,6400122.00,6457674.00,6400122,57552,872.00,877.00,1749.00,877,872,0.00,0.00,0,0,460416.00,51200976.00,51661392.00,51200976,460416
1669089417.273500,s2-eth3,55518.00,2563384.00,2618902.00,2563384,55518,841.00,884.00,1725.00,884,841,0.00,0.00,0,0,444144.00,20507072.00,20951216.00,20507072,444144
1669089417.273529,s1-eth3,12054522.00,181182.00,12235704.00,181182,12054522,2829.00,2745.00,5574.00,2745,2829,0.00,0.00,0,0,96436176.00,1449456.00,97885632.00,1449456,96436176
1669089417.273544,s1-eth2,113004.00,8961926.00,9074930.00,8961926,113004,1712.00,1759.00,3471.00,1759,1712,0.00,0.00,0,0,904032.00,71695408.00,72599440.00,71695408,904032
1669089417.273557,s2-eth1,8961926.00,113004.00,9074930.00,113004,8961926,1759.00,1712.00,3471.00,1712,1759,0.00,0.00,0,0,71695408.00,904032.00,72599440.00,904032,71695408
1669089417.273581,total,21310832.00,21381656.00,42692488.00,21381656,21310832,9048.00,9068.00,18116.00,9068,9048,0.00,0.00,0,0,170486656.00,171053248.00,341539904.00,171053248,170486656
1669089418.273866,lo,1882.00,1882.00,3764.00,1882,1882,18.00,18.00,36.00,18,18,0.00,0.00,0,0,15056.00,15056.00,30112.00,15056,15056
1669089418.273919,eth0,296.00,284.00,580.00,284,296,4.00,4.00,8.00,4,4,0.00,0.00,0,0,2368.00,2272.00,4640.00,2272,2368
1669089418.273935,docker0,0.00,0.00,0.00,0,0,0.00,0.00,0.00,0,0,0.00,0.00,0,0,0.00,0.00,0.00,0,0
1669089418.273946,s1-eth1,70430.00,3244974.00,3315404.00,3244974,70430,1067.00,1119.00,2186.00,1119,1067,0.00,0.00,0,0,563440.00,25959792.00,26523232.00,25959792,563440
1669089418.273961,s2-eth2,60600.00,6279954.00,6340554.00,6279954,60600,918.00,965.00,1883.00,965,918,0.00,0.00,0,0,484800.00,50239632.00,50724432.00,50239632,484800
1669089418.273974,s2-eth3,56038.00,2603474.00,2659512.00,2603474,56038,849.00,899.00,1748.00,899,849,0.00,0.00,0,0,448304.00,20827792.00,21276096.00,20827792,448304
1669089418.274005,s1-eth3,12053824.00,186784.00,12240608.00,186784,12053824,2950.00,2830.00,5780.00,2830,2950,0.00,0.00,0,0,96430592.00,1494272.00,97924864.00,1494272,96430592
1669089418.274020,s1-eth2,116494.00,8883494.00,8999988.00,8883494,116494,1765.00,1865.00,3630.00,1865,1765,0.00,0.00,0,0,931952.00,71067952.00,71999904.00,71067952,931952
1669089418.274034,s2-eth1,8883494.00,116494.00,8999988.00,116494,8883494,1865.00,1765.00,3630.00,1765,1865,0.00,0.00,0,0,71067952.00,931952.00,71999904.00,931952,71067952
1669089418.274071,total,21243058.00,21317340.00,42560400.00,21317340,21243058,9436.00,9465.00,18901.00,9465,9436,0.00,0.00,0,0,169944464.00,170538720.00,340483200.00,170538720,169944464
1669089419.274375,lo,1654.00,1654.00,3308.00,1654,1654,14.00,14.00,28.00,14,14,0.00,0.00,0,0,13232.00,13232.00,26464.00,13232,13232
1669089419.274429,eth0,98.00,40.00,138.00,40,98,1.00,1.00,2.00,1,1,0.00,0.00,0,0,784.00,320.00,1104.00,320,784
1669089419.274443,docker0,0.00,0.00,0.00,0,0,0.00,0.00,0.00,0,0,0.00,0.00,0,0,0.00,0.00,0.00,0,0
1669089419.274460,s1-eth1,63658.00,2841820.00,2905478.00,2841820,63658,947.00,1000.00,1947.00,1000,947,0.00,0.00,0,0,509264.00,22734560.00,23243824.00,22734560,509264
1669089419.274490,s2-eth2,72396.00,4898586.00,4970982.00,4898586,72396,1078.00,1097.00,2175.00,1097,1078,0.00,0.00,0,0,579168.00,39188688.00,39767856.00,39188688,579168
1669089419.274505,s2-eth3,67860.00,4122182.00,4190042.00,4122182,67860,1028.00,1027.00,2055.00,1027,1028,0.00,0.00,0,0,542880.00,32977456.00,33520336.00,32977456,542880
1669089419.274537,s1-eth3,12073554.00,203424.00,12276978.00,203424,12073554,3183.00,3046.00,6229.00,3046,3183,0.00,0.00,0,0,96588432.00,1627392.00,98215824.00,1627392,96588432
1669089419.274552,s1-eth2,140046.00,9025248.00,9165294.00,9025248,140046,2103.00,2126.00,4229.00,2126,2103,0.00,0.00,0,0,1120368.00,72201984.00,73322352.00,72201984,1120368
1669089419.274566,s2-eth1,9025248.00,140046.00,9165294.00,140046,9025248,2126.00,2103.00,4229.00,2103,2126,0.00,0.00,0,0,72201984.00,1120368.00,73322352.00,1120368,72201984
1669089419.274608,total,21444514.00,21233000.00,42677512.00,21233000,21444514,10480.00,10414.00,20894.00,10414,10480,0.00,0.00,0,0,171556112.00,169864000.00,341420096.00,169864000,171556112
1669089420.274949,lo,772.00,772.00,1544.00,772,772,6.00,6.00,12.00,6,6,0.00,0.00,0,0,6176.00,6176.00,12352.00,6176,6176
1669089420.275025,eth0,0.00,0.00,0.00,0,0,0.00,0.00,0.00,0,0,0.00,0.00,0,0,0.00,0.00,0.00,0,0
1669089420.275038,docker0,0.00,0.00,0.00,0,0,0.00,0.00,0.00,0,0,0.00,0.00,0,0,0.00,0.00,0.00,0,0
1669089420.275048,s1-eth1,65344.00,3030130.00,3095474.00,3030130,65344,990.00,1045.00,2035.00,1045,990,0.00,0.00,0,0,522752.00,24241040.00,24763792.00,24241040,522752
1669089420.275063,s2-eth2,70158.00,4727788.00,4797946.00,4727788,70158,1063.00,1076.00,2139.00,1076,1063,0.00,0.00,0,0,561264.00,37822304.00,38383568.00,37822304,561264
1669089420.275077,s2-eth3,65608.00,4401246.00,4466854.00,4401246,65608,994.00,999.00,1993.00,999,994,0.00,0.00,0,0,524864.00,35209968.00,35734832.00,35209968,524864
1669089420.275160,s1-eth3,12072214.00,200970.00,12273184.00,200970,12072214,3097.00,3045.00,6142.00,3045,3097,0.00,0.00,0,0,96577712.00,1607760.00,98185472.00,1607760,96577712
1669089420.275180,s1-eth2,135630.00,9129034.00,9264664.00,9129034,135630,2055.00,2075.00,4130.00,2075,2055,0.00,0.00,0,0,1085040.00,73032272.00,74117312.00,73032272,1085040
1669089420.275194,s2-eth1,9129034.00,135630.00,9264664.00,135630,9129034,2075.00,2055.00,4130.00,2055,2075,0.00,0.00,0,0,73032272.00,1085040.00,74117312.00,1085040,73032272
1669089420.275218,total,21538760.00,21625570.00,43164328.00,21625570,21538760,10280.00,10301.00,20581.00,10301,10280,0.00,0.00,0,0,172310080.00,173004560.00,345314624.00,173004560,172310080
1669089421.275505,lo,0.00,0.00,0.00,0,0,0.00,0.00,0.00,0,0,0.00,0.00,0,0,0.00,0.00,0.00,0,0
1669089421.275555,eth0,0.00,0.00,0.00,0,0,0.00,0.00,0.00,0,0,0.00,0.00,0,0,0.00,0.00,0.00,0,0
1669089421.275567,docker0,0.00,0.00,0.00,0,0,0.00,0.00,0.00,0,0,0.00,0.00,0,0,0.00,0.00,0.00,0,0
1669089421.275578,s1-eth1,67452.00,3122018.00,3189470.00,3122018,67452,1022.00,1077.00,2099.00,1077,1022,0.00,0.00,0,0,539616.00,24976144.00,25515760.00,24976144,539616
1669089421.275593,s2-eth2,70092.00,4692504.00,4762596.00,4692504,70092,1062.00,1068.00,2130.00,1068,1062,0.00,0.00,0,0,560736.00,37540032.00,38100768.00,37540032,560736
1669089421.275607,s2-eth3,64086.00,4317456.00,4381542.00,4317456,64086,971.00,980.00,1951.00,980,971,0.00,0.00,0,0,512688.00,34539648.00,35052336.00,34539648,512688
1669089421.275638,s1-eth3,12061154.00,201630.00,12262784.00,201630,12061154,3105.00,3055.00,6160.00,3055,3105,0.00,0.00,0,0,96489232.00,1613040.00,98102272.00,1613040,96489232
1669089421.275653,s1-eth2,134244.00,9005550.00,9139794.00,9005550,134244,2034.00,2047.00,4081.00,2047,2034,0.00,0.00,0,0,1073952.00,72044400.00,73118352.00,72044400,1073952
1669089421.275668,s2-eth1,9005550.00,134244.00,9139794.00,134244,9005550,2047.00,2034.00,4081.00,2034,2047,0.00,0.00,0,0,72044400.00,1073952.00,73118352.00,1073952,72044400
1669089421.275691,total,21402578.00,21473402.00,42875980.00,21473402,21402578,10241.00,10261.00,20502.00,10261,10241,0.00,0.00,0,0,171220624.00,171787216.00,343007840.00,171787216,171220624
1669089422.276100,lo,272.00,272.00,544.00,272,272,4.00,4.00,8.00,4,4,0.00,0.00,0,0,2176.00,2176.00,4352.00,2176,2176
1669089422.276152,eth0,266.00,224.00,490.00,224,266,3.00,3.00,6.00,3,3,0.00,0.00,0,0,2128.00,1792.00,3920.00,1792,2128
1669089422.276166,docker0,0.00,0.00,0.00,0,0,0.00,0.00,0.00,0,0,0.00,0.00,0,0,0.00,0.00,0.00,0,0
1669089422.276191,s1-eth1,70092.00,3243526.00,3313618.00,3243526,70092,1062.00,1119.00,2181.00,1119,1062,0.00,0.00,0,0,560736.00,25948208.00,26508944.00,25948208,560736
1669089422.276207,s2-eth2,68838.00,4639320.00,4708158.00,4639320,68838,1043.00,1052.00,2095.00,1052,1043,0.00,0.00,0,0,550704.00,37114560.00,37665264.00,37114560,550704
1669089422.276245,s2-eth3,63492.00,4255650.00,4319142.00,4255650,63492,962.00,965.00,1927.00,965,962,0.00,0.00,0,0,507936.00,34045200.00,34553136.00,34045200,507936
1669089422.276291,s1-eth3,12061880.00,202422.00,12264302.00,202422,12061880,3116.00,3067.00,6183.00,3067,3116,0.00,0.00,0,0,96495040.00,1619376.00,98114416.00,1619376,96495040
1669089422.276306,s1-eth2,132330.00,8894970.00,9027300.00,8894970,132330,2005.00,2017.00,4022.00,2017,2005,0.00,0.00,0,0,1058640.00,71159760.00,72218400.00,71159760,1058640
1669089422.276320,s2-eth1,8894970.00,132330.00,9027300.00,132330,8894970,2017.00,2005.00,4022.00,2005,2017,0.00,0.00,0,0,71159760.00,1058640.00,72218400.00,1058640,71159760
1669089422.276343,total,21292140.00,21368714.00,42660856.00,21368714,21292140,10212.00,10232.00,20444.00,10232,10212,0.00,0.00,0,0,170337120.00,170949712.00,341286848.00,170949712,170337120
1669089423.276596,lo,339.00,339.00,678.00,339,339,6.00,6.00,12.00,6,6,0.00,0.00,0,0,2712.00,2712.00,5424.00,2712,2712
1669089423.276646,eth0,296.00,256.00,552.00,256,296,4.00,4.00,8.00,4,4,0.00,0.00,0,0,2368.00,2048.00,4416.00,2048,2368
1669089423.276660,docker0,0.00,0.00,0.00,0,0,0.00,0.00,0.00,0,0,0.00,0.00,0,0,0.00,0.00,0.00,0,0
1669089423.276671,s1-eth1,53196.00,2353284.00,2406480.00,2353284,53196,794.00,838.00,1632.00,838,794,0.00,0.00,0,0,425568.00,18826272.00,19251840.00,18826272,425568
1669089423.276685,s2-eth2,64218.00,5013816.00,5078034.00,5013816,64218,973.00,1000.00,1973.00,1000,973,0.00,0.00,0,0,513744.00,40110528.00,40624272.00,40110528,513744
1669089423.276699,s2-eth3,69168.00,4652550.00,4721718.00,4652550,69168,1048.00,1055.00,2103.00,1055,1048,0.00,0.00,0,0,553344.00,37220400.00,37773744.00,37220400,553344
1669089423.276760,s1-eth3,12062306.00,186582.00,12248888.00,186582,12062306,2925.00,2815.00,5740.00,2815,2925,0.00,0.00,0,0,96498448.00,1492656.00,97991104.00,1492656,96498448
1669089423.276777,s1-eth2,133386.00,9659060.00,9792446.00,9659060,133386,2021.00,2054.00,4075.00,2054,2021,0.00,0.00,0,0,1067088.00,77272480.00,78339568.00,77272480,1067088
1669089423.276791,s2-eth1,9659060.00,133386.00,9792446.00,133386,9659060,2054.00,2021.00,4075.00,2021,2054,0.00,0.00,0,0,77272480.00,1067088.00,78339568.00,1067088,77272480
1669089423.276815,total,22041968.00,21999272.00,44041240.00,21999273,22041969,9825.00,9793.00,19618.00,9793,9825,0.00,0.00,0,0,176335744.00,175994176.00,352329920.00,175994184,176335752
1669089424.277121,lo,227.00,227.00,454.00,227,227,4.00,4.00,8.00,4,4,0.00,0.00,0,0,1816.00,1816.00,3632.00,1816,1816
1669089424.277169,eth0,152.00,132.00,284.00,132,152,2.00,2.00,4.00,2,2,0.00,0.00,0,0,1216.00,1056.00,2272.00,1056,1216
1669089424.277183,docker0,0.00,0.00,0.00,0,0,0.00,0.00,0.00,0,0,0.00,0.00,0,0,0.00,0.00,0.00,0,0
1669089424.277194,s1-eth1,46332.00,2148506.00,2194838.00,2148506,46332,702.00,741.00,1443.00,741,702,0.00,0.00,0,0,370656.00,17188048.00,17558704.00,17188048,370656
1669089424.277208,s2-eth2,56562.00,5132540.00,5189102.00,5132540,56562,857.00,934.00,1791.00,934,857,0.00,0.00,0,0,452496.00,41060320.00,41512816.00,41060320,452496
1669089424.277222,s2-eth3,72072.00,4837770.00,4909842.00,4837770,72072,1092.00,1097.00,2189.00,1097,1092,0.00,0.00,0,0,576576.00,38702160.00,39278736.00,38702160,576576
1669089424.277253,s1-eth3,12058524.00,174966.00,12233490.00,174966,12058524,2758.00,2651.00,5409.00,2651,2758,0.00,0.00,0,0,96468192.00,1399728.00,97867920.00,1399728,96468192
1669089424.277268,s1-eth2,128634.00,9982026.00,10110660.00,9982026,128634,1949.00,2033.00,3982.00,2033,1949,0.00,0.00,0,0,1029072.00,79856208.00,80885280.00,79856208,1029072
1669089424.277281,s2-eth1,9982026.00,128634.00,10110660.00,128634,9982026,2033.00,1949.00,3982.00,1949,2033,0.00,0.00,0,0,79856208.00,1029072.00,80885280.00,1029072,79856208
1669089424.277304,total,22344528.00,22404800.00,44749328.00,22404801,22344529,9397.00,9411.00,18808.00,9411,9397,0.00,0.00,0,0,178756224.00,179238400.00,357994624.00,179238408,178756232
1669089425.277646,lo,616.00,616.00,1232.00,616,616,10.00,10.00,20.00,10,10,0.00,0.00,0,0,4928.00,4928.00,9856.00,4928,4928
1669089425.277750,eth0,176.00,148.00,324.00,148,176,2.00,2.00,4.00,2,2,0.00,0.00,0,0,1408.00,1184.00,2592.00,1184,1408
1669089425.277783,docker0,0.00,0.00,0.00,0,0,0.00,0.00,0.00,0,0,0.00,0.00,0,0,0.00,0.00,0.00,0,0
1669089425.277795,s1-eth1,48840.00,2267052.00,2315892.00,2267052,48840,740.00,782.00,1522.00,782,740,0.00,0.00,0,0,390720.00,18136416.00,18527136.00,18136416,390720
1669089425.277809,s2-eth2,55440.00,5055004.00,5110444.00,5055004,55440,840.00,922.00,1762.00,922,840,0.00,0.00,0,0,443520.00,40440032.00,40883552.00,40440032,443520
1669089425.277822,s2-eth3,71742.00,4806966.00,4878708.00,4806966,71742,1087.00,1091.00,2178.00,1091,1087,0.00,0.00,0,0,573936.00,38455728.00,39029664.00,38455728,573936
1669089425.277880,s1-eth3,12056816.00,176022.00,12232838.00,176022,12056816,2776.00,2667.00,5443.00,2667,2776,0.00,0.00,0,0,96454528.00,1408176.00,97862704.00,1408176,96454528
1669089425.277895,s1-eth2,127248.00,9857560.00,9984808.00,9857560,127248,1928.00,2012.00,3940.00,2012,1928,0.00,0.00,0,0,1017984.00,78860480.00,79878464.00,78860480,1017984
1669089425.277909,s2-eth1,9857560.00,127248.00,9984808.00,127248,9857560,2012.00,1928.00,3940.00,1928,2012,0.00,0.00,0,0,78860480.00,1017984.00,79878464.00,1017984,78860480
1669089425.277943,total,22218438.00,22290616.00,44509056.00,22290616,22218438,9395.00,9414.00,18809.00,9414,9395,0.00,0.00,0,0,177747504.00,178324928.00,356072448.00,178324928,177747504
1669089426.278217,lo,0.00,0.00,0.00,0,0,0.00,0.00,0.00,0,0,0.00,0.00,0,0,0.00,0.00,0.00,0,0
1669089426.278260,eth0,90.00,76.00,166.00,76,90,1.00,1.00,2.00,1,1,0.00,0.00,0,0,720.00,608.00,1328.00,608,720
1669089426.278275,docker0,0.00,0.00,0.00,0,0,0.00,0.00,0.00,0,0,0.00,0.00,0,0,0.00,0.00,0.00,0,0
1669089426.278286,s1-eth1,44730.00,1947160.00,1991890.00,1947160,44730,661.00,696.00,1357.00,696,661,0.00,0.00,0,0,357840.00,15577280.00,15935120.00,15577280,357840
1669089426.278300,s2-eth2,67974.00,3989242.00,4057216.00,3989242,67974,1021.00,1097.00,2118.00,1097,1021,0.00,0.00,0,0,543792.00,31913936.00,32457728.00,31913936,543792
1669089426.278315,s2-eth3,68112.00,5917830.00,5985942.00,5917830,68112,1032.00,1007.00,2039.00,1007,1032,0.00,0.00,0,0,544896.00,47342640.00,47887536.00,47342640,544896
1669089426.278345,s1-eth3,12059988.00,180684.00,12240672.00,180684,12059988,2846.00,2712.00,5558.00,2712,2846,0.00,0.00,0,0,96479904.00,1445472.00,97925376.00,1445472,96479904
1669089426.278360,s1-eth2,135954.00,9908586.00,10044540.00,9908586,135954,2051.00,2105.00,4156.00,2105,2051,0.00,0.00,0,0,1087632.00,79268688.00,80356320.00,79268688,1087632
1669089426.278375,s2-eth1,9908586.00,135954.00,10044540.00,135954,9908586,2105.00,2051.00,4156.00,2051,2105,0.00,0.00,0,0,79268688.00,1087632.00,80356320.00,1087632,79268688
1669089426.278399,total,22285434.00,22079532.00,44364968.00,22079532,22285434,9717.00,9669.00,19386.00,9669,9717,0.00,0.00,0,0,178283472.00,176636256.00,354919744.00,176636256,178283472
1669089427.278728,lo,117.00,117.00,234.00,117,117,2.00,2.00,4.00,2,2,0.00,0.00,0,0,936.00,936.00,1872.00,936,936
1669089427.278776,eth0,54.00,92.00,146.00,92,54,1.00,1.00,2.00,1,1,0.00,0.00,0,0,432.00,736.00,1168.00,736,432
1669089427.278790,docker0,0.00,0.00,0.00,0,0,0.00,0.00,0.00,0,0,0.00,0.00,0,0,0.00,0.00,0.00,0,0
1669089427.278801,s1-eth1,43494.00,2019626.00,2063120.00,2019626,43494,659.00,697.00,1356.00,697,659,0.00,0.00,0,0,347952.00,16157008.00,16504960.00,16157008,347952
1669089427.278815,s2-eth2,79398.00,3673214.00,3752612.00,3673214,79398,1203.00,1267.00,2470.00,1267,1203,0.00,0.00,0,0,635184.00,29385712.00,30020896.00,29385712,635184
1669089427.278832,s2-eth3,57816.00,6421974.00,6479790.00,6421974,57816,876.00,879.00,1755.00,879,876,0.00,0.00,0,0,462528.00,51375792.00,51838320.00,51375792,462528
1669089427.278863,s1-eth3,12047018.00,180774.00,12227792.00,180774,12047018,2825.00,2739.00,5564.00,2739,2825,0.00,0.00,0,0,96376144.00,1446192.00,97822336.00,1446192,96376144
1669089427.278900,s1-eth2,137214.00,10099532.00,10236746.00,10099532,137214,2079.00,2146.00,4225.00,2146,2079,0.00,0.00,0,0,1097712.00,80796256.00,81893968.00,80796256,1097712
1669089427.278929,s2-eth1,10099532.00,137214.00,10236746.00,137214,10099532,2146.00,2079.00,4225.00,2079,2146,0.00,0.00,0,0,80796256.00,1097712.00,81893968.00,1097712,80796256
1669089427.278974,total,22464644.00,22532544.00,44997184.00,22532543,22464643,9791.00,9810.00,19601.00,9810,9791,0.00,0.00,0,0,179717152.00,180260352.00,359977472.00,180260344,179717144
1669089428.279254,lo,339.00,339.00,678.00,339,339,6.00,6.00,12.00,6,6,0.00,0.00,0,0,2712.00,2712.00,5424.00,2712,2712
1669089428.279350,eth0,248.00,244.00,492.00,244,248,4.00,4.00,8.00,4,4,0.00,0.00,0,0,1984.00,1952.00,3936.00,1952,1984
1669089428.279364,docker0,0.00,0.00,0.00,0,0,0.00,0.00,0.00,0,0,0.00,0.00,0,0,0.00,0.00,0.00,0,0
1669089428.279375,s1-eth1,49104.00,2281862.00,2330966.00,2281862,49104,744.00,787.00,1531.00,787,744,0.00,0.00,0,0,392832.00,18254896.00,18647728.00,18254896,392832
1669089428.279389,s2-eth2,81642.00,3841446.00,3923088.00,3841446,81642,1237.00,1271.00,2508.00,1271,1237,0.00,0.00,0,0,653136.00,30731568.00,31384704.00,30731568,653136
1669089428.279403,s2-eth3,59496.00,5796644.00,5856140.00,5796644,59496,892.00,926.00,1818.00,926,892,0.00,0.00,0,0,475968.00,46373152.00,46849120.00,46373152,475968
1669089428.279462,s1-eth3,12045470.00,190308.00,12235778.00,190308,12045470,2999.00,2874.00,5873.00,2874,2999,0.00,0.00,0,0,96363760.00,1522464.00,97886224.00,1522464,96363760
1669089428.279480,s1-eth2,141204.00,9627822.00,9769026.00,9627822,141204,2130.00,2195.00,4325.00,2195,2130,0.00,0.00,0,0,1129632.00,77022576.00,78152208.00,77022576,1129632
1669089428.279494,s2-eth1,9627822.00,141204.00,9769026.00,141204,9627822,2195.00,2130.00,4325.00,2130,2195,0.00,0.00,0,0,77022576.00,1129632.00,78152208.00,1129632,77022576
1669089428.279518,total,22005324.00,21879868.00,43885192.00,21879869,22005325,10207.00,10193.00,20400.00,10193,10207,0.00,0.00,0,0,176042592.00,175038944.00,351081536.00,175038952,176042600
1669089429.279780,lo,110.00,110.00,220.00,110,110,2.00,2.00,4.00,2,2,0.00,0.00,0,0,880.00,880.00,1760.00,880,880
1669089429.279892,eth0,98.00,40.00,138.00,40,98,1.00,1.00,2.00,1,1,0.00,0.00,0,0,784.00,320.00,1104.00,320,784
1669089429.279906,docker0,0.00,0.00,0.00,0,0,0.00,0.00,0.00,0,0,0.00,0.00,0,0,0.00,0.00,0.00,0,0
1669089429.279917,s1-eth1,68706.00,3185734.00,3254440.00,3185734,68706,1041.00,1099.00,2140.00,1099,1041,0.00,0.00,0,0,549648.00,25485872.00,26035520.00,25485872,549648
1669089429.279932,s2-eth2,71940.00,4842246.00,4914186.00,4842246,71940,1090.00,1099.00,2189.00,1099,1090,0.00,0.00,0,0,575520.00,38737968.00,39313488.00,38737968,575520
1669089429.279958,s2-eth3,61314.00,4123680.00,4184994.00,4123680,61314,929.00,940.00,1869.00,940,929,0.00,0.00,0,0,490512.00,32989440.00,33479952.00,32989440,490512
1669089429.280021,s1-eth3,12067804.00,202026.00,12269830.00,202026,12067804,3118.00,3061.00,6179.00,3061,3118,0.00,0.00,0,0,96542432.00,1616208.00,98158640.00,1616208,96542432
1669089429.280036,s1-eth2,133320.00,8974746.00,9108066.00,8974746,133320,2020.00,2041.00,4061.00,2041,2020,0.00,0.00,0,0,1066560.00,71797968.00,72864528.00,71797968,1066560
1669089429.280049,s2-eth1,8974746.00,133320.00,9108066.00,133320,8974746,2041.00,2020.00,4061.00,2020,2041,0.00,0.00,0,0,71797968.00,1066560.00,72864528.00,1066560,71797968
1669089429.280072,total,21378038.00,21461902.00,42839940.00,21461902,21378038,10242.00,10263.00,20505.00,10263,10242,0.00,0.00,0,0,171024304.00,171695216.00,342719520.00,171695216,171024304
1669089430.280402,lo,840.00,840.00,1680.00,840,840,13.00,13.00,26.00,13,13,0.00,0.00,0,0,6720.00,6720.00,13440.00,6720,6720
1669089430.280467,eth0,298.00,312.00,610.00,312,298,3.00,4.00,7.00,4,3,0.00,0.00,0,0,2384.00,2496.00,4880.00,2496,2384
1669089430.280481,docker0,0.00,0.00,0.00,0,0,0.00,0.00,0.00,0,0,0.00,0.00,0,0,0.00,0.00,0.00,0,0
1669089430.280492,s1-eth1,70488.00,3256822.00,3327310.00,3256822,70488,1068.00,1123.00,2191.00,1123,1068,0.00,0.00,0,0,563904.00,26054576.00,26618480.00,26054576,563904
1669089430.280507,s2-eth2,71412.00,4784850.00,4856262.00,4784850,71412,1082.00,1085.00,2167.00,1085,1082,0.00,0.00,0,0,571296.00,38278800.00,38850096.00,38278800,571296
1669089430.280521,s2-eth3,60720.00,4083726.00,4144446.00,4083726,60720,920.00,927.00,1847.00,927,920,0.00,0.00,0,0,485760.00,32669808.00,33155568.00,32669808,485760
1669089430.280610,s1-eth3,12057734.00,202488.00,12260222.00,202488,12057734,3119.00,3068.00,6187.00,3068,3119,0.00,0.00,0,0,96461872.00,1619904.00,98081776.00,1619904,96461872
1669089430.280629,s1-eth2,132000.00,8864166.00,8996166.00,8864166,132000,2000.00,2011.00,4011.00,2011,2000,0.00,0.00,0,0,1056000.00,70913328.00,71969328.00,70913328,1056000
1669089430.280642,s2-eth1,8864166.00,132000.00,8996166.00,132000,8864166,2011.00,2000.00,4011.00,2000,2011,0.00,0.00,0,0,70913328.00,1056000.00,71969328.00,1056000,70913328
1669089430.280666,total,21257658.00,21325204.00,42582864.00,21325204,21257658,10216.00,10231.00,20447.00,10231,10216,0.00,0.00,0,0,170061264.00,170601632.00,340662912.00,170601632,170061264
1669089431.280876,lo,0.00,0.00,0.00,0,0,0.00,0.00,0.00,0,0,0.00,0.00,0,0,0.00,0.00,0.00,0,0
1669089431.280921,eth0,0.00,0.00,0.00,0,0,0.00,0.00,0.00,0,0,0.00,0.00,0,0,0.00,0.00,0.00,0,0
1669089431.280940,docker0,0.00,0.00,0.00,0,0,0.00,0.00,0.00,0,0,0.00,0.00,0,0,0.00,0.00,0.00,0,0
1669089431.280951,s1-eth1,73008.00,3238266.00,3311274.00,3238266,73008,1092.00,1149.00,2241.00,1149,1092,0.00,0.00,0,0,584064.00,25906128.00,26490192.00,25906128,584064
1669089431.280967,s2-eth2,70092.00,4705470.00,4775562.00,4705470,70092,1062.00,1067.00,2129.00,1067,1062,0.00,0.00,0,0,560736.00,37643760.00,38204496.00,37643760,560736
1669089431.280981,s2-eth3,60786.00,4083792.00,4144578.00,4083792,60786,921.00,928.00,1849.00,928,921,0.00,0.00,0,0,486288.00,32670336.00,33156624.00,32670336,486288
1669089431.281011,s1-eth3,12073600.00,204030.00,12277630.00,204030,12073600,3140.00,3077.00,6217.00,3077,3140,0.00,0.00,0,0,96588800.00,1632240.00,98221040.00,1632240,96588800
1669089431.281026,s1-eth2,130944.00,8789262.00,8920206.00,8789262,130944,1984.00,1995.00,3979.00,1995,1984,0.00,0.00,0,0,1047552.00,70314096.00,71361648.00,70314096,1047552
1669089431.281040,s2-eth1,8789262.00,130944.00,8920206.00,130944,8789262,1995.00,1984.00,3979.00,1984,1995,0.00,0.00,0,0,70314096.00,1047552.00,71361648.00,1047552,70314096
1669089431.281063,total,21197692.00,21151764.00,42349456.00,21151764,21197692,10194.00,10200.00,20394.00,10200,10194,0.00,0.00,0,0,169581536.00,169214112.00,338795648.00,169214112,169581536
1669089432.281348,lo,889.00,889.00,1778.00,889,889,8.00,8.00,16.00,8,8,0.00,0.00,0,0,7112.00,7112.00,14224.00,7112,7112
1669089432.281397,eth0,54.00,92.00,146.00,92,54,1.00,1.00,2.00,1,1,0.00,0.00,0,0,432.00,736.00,1168.00,736,432
1669089432.281411,docker0,0.00,0.00,0.00,0,0,0.00,0.00,0.00,0,0,0.00,0.00,0,0,0.00,0.00,0.00,0,0
1669089432.281421,s1-eth1,45148.00,2023578.00,2068726.00,2023578,45148,676.00,713.00,1389.00,713,676,0.00,0.00,0,0,361184.00,16188624.00,16549808.00,16188624,361184
1669089432.281435,s2-eth2,61322.00,5383646.00,5444968.00,5383646,61322,929.00,987.00,1916.00,987,929,0.00,0.00,0,0,490576.00,43069168.00,43559744.00,43069168,490576
1669089432.281449,s2-eth3,70360.00,4717252.00,4787612.00,4717252,70360,1066.00,1070.00,2136.00,1070,1066,0.00,0.00,0,0,562880.00,37738016.00,38300896.00,37738016,562880
1669089432.281479,s1-eth3,12059188.00,176410.00,12235598.00,176410,12059188,2790.00,2665.00,5455.00,2665,2790,0.00,0.00,0,0,96473504.00,1411280.00,97884784.00,1411280,96473504
1669089432.281498,s1-eth2,131410.00,10103860.00,10235270.00,10103860,131410,1991.00,2058.00,4049.00,2058,1991,0.00,0.00,0,0,1051280.00,80830880.00,81882160.00,80830880,1051280
1669089432.281512,s2-eth1,10103860.00,131410.00,10235270.00,131410,10103860,2058.00,1991.00,4049.00,1991,2058,0.00,0.00,0,0,80830880.00,1051280.00,81882160.00,1051280,80830880
1669089432.281535,total,22472232.00,22537136.00,45009368.00,22537137,22472231,9519.00,9493.00,19012.00,9493,9519,0.00,0.00,0,0,179777856.00,180297088.00,360074944.00,180297096,179777848
1669089433.281812,lo,339.00,339.00,678.00,339,339,6.00,6.00,12.00,6,6,0.00,0.00,0,0,2712.00,2712.00,5424.00,2712,2712
1669089433.281861,eth0,206.00,216.00,422.00,216,206,3.00,3.00,6.00,3,3,0.00,0.00,0,0,1648.00,1728.00,3376.00,1728,1648
1669089433.281889,docker0,0.00,0.00,0.00,0,0,0.00,0.00,0.00,0,0,0.00,0.00,0,0,0.00,0.00,0.00,0,0
1669089433.281900,s1-eth1,47520.00,2209260.00,2256780.00,2209260,47520,720.00,762.00,1482.00,762,720,0.00,0.00,0,0,380160.00,17674080.00,18054240.00,17674080,380160
1669089433.281914,s2-eth2,56760.00,5185262.00,5242022.00,5185262,56760,860.00,943.00,1803.00,943,860,0.00,0.00,0,0,454080.00,41482096.00,41936176.00,41482096,454080
1669089433.281928,s2-eth3,70488.00,4729100.00,4799588.00,4729100,70488,1068.00,1074.00,2142.00,1074,1068,0.00,0.00,0,0,563904.00,37832800.00,38396704.00,37832800,563904
1669089433.281958,s1-eth3,12055958.00,174900.00,12230858.00,174900,12055958,2763.00,2650.00,5413.00,2650,2763,0.00,0.00,0,0,96447664.00,1399200.00,97846864.00,1399200,96447664
1669089433.281973,s1-eth2,127380.00,9911400.00,10038780.00,9911400,127380,1930.00,2016.00,3946.00,2016,1930,0.00,0.00,0,0,1019040.00,79291200.00,80310240.00,79291200,1019040
1669089433.281986,s2-eth1,9911400.00,127380.00,10038780.00,127380,9911400,2016.00,1930.00,3946.00,1930,2016,0.00,0.00,0,0,79291200.00,1019040.00,80310240.00,1019040,79291200
1669089433.282009,total,22270052.00,22337856.00,44607908.00,22337857,22270051,9366.00,9384.00,18750.00,9384,9366,0.00,0.00,0,0,178160416.00,178702848.00,356863264.00,178702856,178160408
1669089434.282346,lo,1268.00,1268.00,2536.00,1268,1268,11.00,11.00,22.00,11,11,0.00,0.00,0,0,10144.00,10144.00,20288.00,10144,10144
1669089434.282435,eth0,98.00,40.00,138.00,40,98,1.00,1.00,2.00,1,1,0.00,0.00,0,0,784.00,320.00,1104.00,320,784
1669089434.282450,docker0,0.00,0.00,0.00,0,0,0.00,0.00,0.00,0,0,0.00,0.00,0,0,0.00,0.00,0.00,0,0
1669089434.282461,s1-eth1,51158.00,2361902.00,2413060.00,2361902,51158,775.00,815.00,1590.00,815,775,0.00,0.00,0,0,409264.00,18895216.00,19304480.00,18895216,409264
1669089434.282475,s2-eth2,57226.00,5204350.00,5261576.00,5204350,57226,867.00,947.00,1814.00,947,867,0.00,0.00,0,0,457808.00,41634800.00,42092608.00,41634800,457808
1669089434.282488,s2-eth3,67918.00,4560142.00,4628060.00,4560142,67918,1029.00,1037.00,2066.00,1037,1029,0.00,0.00,0,0,543344.00,36481136.00,37024480.00,36481136,543344
1669089434.282519,s1-eth3,12066106.00,176088.00,12242194.00,176088,12066106,2785.00,2668.00,5453.00,2668,2785,0.00,0.00,0,0,96528848.00,1408704.00,97937552.00,1408704,96528848
1669089434.282534,s1-eth2,125004.00,9767524.00,9892528.00,9767524,125004,1894.00,1986.00,3880.00,1986,1894,0.00,0.00,0,0,1000032.00,78140192.00,79140224.00,78140192,1000032
1669089434.282551,s2-eth1,9767524.00,125004.00,9892528.00,125004,9767524,1986.00,1894.00,3880.00,1894,1986,0.00,0.00,0,0,78140192.00,1000032.00,79140224.00,1000032,78140192
1669089434.282591,total,22136302.00,22196318.00,44332620.00,22196318,22136302,9348.00,9359.00,18707.00,9359,9348,0.00,0.00,0,0,177090416.00,177570544.00,354660960.00,177570544,177090416
1669089435.282954,lo,772.00,772.00,1544.00,772,772,6.00,6.00,12.00,6,6,0.00,0.00,0,0,6176.00,6176.00,12352.00,6176,6176
1669089435.283007,eth0,90.00,76.00,166.00,76,90,1.00,1.00,2.00,1,1,0.00,0.00,0,0,720.00,608.00,1328.00,608,720
1669089435.283021,docker0,0.00,0.00,0.00,0,0,0.00,0.00,0.00,0,0,0.00,0.00,0,0,0.00,0.00,0.00,0,0
1669089435.283032,s1-eth1,62770.00,3811774.00,3874544.00,3811774,62770,951.00,953.00,1904.00,953,951,0.00,0.00,0,0,502160.00,30494192.00,30996352.00,30494192,502160
1669089435.283046,s2-eth2,61790.00,4173242.00,4235032.00,4173242,61790,919.00,945.00,1864.00,945,919,0.00,0.00,0,0,494320.00,33385936.00,33880256.00,33385936,494320
1669089435.283060,s2-eth3,60010.00,3809196.00,3869206.00,3809196,60010,899.00,914.00,1813.00,914,899,0.00,0.00,0,0,480080.00,30473568.00,30953648.00,30473568,480080
1669089435.283123,s1-eth3,12067966.00,184228.00,12252194.00,184228,12067966,2879.00,2764.00,5643.00,2764,2879,0.00,0.00,0,0,96543728.00,1473824.00,98017552.00,1473824,96543728
1669089435.283142,s1-eth2,121664.00,7979476.00,8101140.00,7979476,121664,1816.00,1858.00,3674.00,1858,1816,0.00,0.00,0,0,973312.00,63835808.00,64809120.00,63835808,973312
1669089435.283156,s2-eth1,7979476.00,121664.00,8101140.00,121664,7979476,1858.00,1816.00,3674.00,1816,1858,0.00,0.00,0,0,63835808.00,973312.00,64809120.00,973312,63835808
1669089435.283198,total,20354538.00,20080428.00,40434968.00,20080428,20354538,9329.00,9257.00,18586.00,9257,9329,0.00,0.00,0,0,162836304.00,160643424.00,323479744.00,160643424,162836304
1669089436.283500,lo,0.00,0.00,0.00,0,0,0.00,0.00,0.00,0,0,0.00,0.00,0,0,0.00,0.00,0.00,0,0
1669089436.283547,eth0,0.00,0.00,0.00,0,0,0.00,0.00,0.00,0,0,0.00,0.00,0,0,0.00,0.00,0.00,0,0
1669089436.283559,docker0,0.00,0.00,0.00,0,0,0.00,0.00,0.00,0,0,0.00,0.00,0,0,0.00,0.00,0.00,0,0
1669089436.283570,s1-eth1,60984.00,4101366.00,4162350.00,4101366,60984,924.00,931.00,1855.00,931,924,0.00,0.00,0,0,487872.00,32810928.00,33298800.00,32810928,487872
1669089436.283620,s2-eth2,62040.00,4180878.00,4242918.00,4180878,62040,940.00,951.00,1891.00,951,940,0.00,0.00,0,0,496320.00,33447024.00,33943344.00,33447024,496320
1669089436.283639,s2-eth3,57354.00,3854604.00,3911958.00,3854604,57354,869.00,878.00,1747.00,878,869,0.00,0.00,0,0,458832.00,30836832.00,31295664.00,30836832,458832
1669089436.283670,s1-eth3,12057468.00,180378.00,12237846.00,180378,12057468,2742.00,2733.00,5475.00,2733,2742,0.00,0.00,0,0,96459744.00,1443024.00,97902768.00,1443024,96459744
1669089436.283685,s1-eth2,119460.00,8035482.00,8154942.00,8035482,119460,1810.00,1829.00,3639.00,1829,1810,0.00,0.00,0,0,955680.00,64283856.00,65239536.00,64283856,955680
1669089436.283699,s2-eth1,8035482.00,119460.00,8154942.00,119460,8035482,1829.00,1810.00,3639.00,1810,1829,0.00,0.00,0,0,64283856.00,955680.00,65239536.00,955680,64283856
1669089436.283723,total,20392788.00,20472168.00,40864956.00,20472168,20392788,9114.00,9132.00,18246.00,9132,9114,0.00,0.00,0,0,163142304.00,163777344.00,326919648.00,163777344,163142304
1669089437.284002,lo,1158.00,1158.00,2316.00,1158,1158,9.00,9.00,18.00,9,9,0.00,0.00,0,0,9264.00,9264.00,18528.00,9264,9264
1669089437.284052,eth0,0.00,0.00,0.00,0,0,0.00,0.00,0.00,0,0,0.00,0.00,0,0,0.00,0.00,0.00,0,0
1669089437.284065,docker0,0.00,0.00,0.00,0,0,0.00,0.00,0.00,0,0,0.00,0.00,0,0,0.00,0.00,0.00,0,0
1669089437.284076,s1-eth1,61582.00,4136712.00,4198294.00,4136712,61582,933.00,940.00,1873.00,940,933,0.00,0.00,0,0,492656.00,33093696.00,33586352.00,33093696,492656
1669089437.284092,s2-eth2,62572.00,4189636.00,4252208.00,4189636,62572,948.00,952.00,1900.00,952,948,0.00,0.00,0,0,500576.00,33517088.00,34017664.00,33517088,500576
1669089437.284107,s2-eth3,56702.00,3810306.00,3867008.00,3810306,56702,859.00,865.00,1724.00,865,859,0.00,0.00,0,0,453616.00,30482448.00,30936064.00,30482448,453616
1669089437.284139,s1-eth3,12066024.00,180576.00,12246600.00,180576,12066024,2740.00,2736.00,5476.00,2736,2740,0.00,0.00,0,0,96528192.00,1444608.00,97972800.00,1444608,96528192
1669089437.284202,s1-eth2,119068.00,7999942.00,8119010.00,7999942,119068,1804.00,1817.00,3621.00,1817,1804,0.00,0.00,0,0,952544.00,63999536.00,64952080.00,63999536,952544
1669089437.284217,s2-eth1,7999942.00,119068.00,8119010.00,119068,7999942,1817.00,1804.00,3621.00,1804,1817,0.00,0.00,0,0,63999536.00,952544.00,64952080.00,952544,63999536
1669089437.284242,total,20367048.00,20437398.00,40804448.00,20437398,20367048,9110.00,9123.00,18233.00,9123,9110,0.00,0.00,0,0,162936384.00,163499184.00,326435584.00,163499184,162936384
1669089438.284523,lo,1086.00,1086.00,2172.00,1086,1086,16.00,16.00,32.00,16,16,0.00,0.00,0,0,8688.00,8688.00,17376.00,8688,8688
1669089438.284571,eth0,720.00,508.00,1228.00,508,720,8.00,5.00,13.00,5,8,0.00,0.00,0,0,5760.00,4064.00,9824.00,4064,5760
1669089438.284589,docker0,0.00,0.00,0.00,0,0,0.00,0.00,0.00,0,0,0.00,0.00,0,0,0.00,0.00,0.00,0,0
1669089438.284606,s1-eth1,61116.00,4105776.00,4166892.00,4105776,61116,926.00,932.00,1858.00,932,926,0.00,0.00,0,0,488928.00,32846208.00,33335136.00,32846208,488928
1669089438.284621,s2-eth2,61578.00,4132368.00,4193946.00,4132368,61578,933.00,940.00,1873.00,940,933,0.00,0.00,0,0,492624.00,33058944.00,33551568.00,33058944,492624
1669089438.284635,s2-eth3,57618.00,3880866.00,3938484.00,3880866,57618,873.00,881.00,1754.00,881,873,0.00,0.00,0,0,460944.00,31046928.00,31507872.00,31046928,460944
1669089438.284686,s1-eth3,12057340.00,180312.00,12237652.00,180312,12057340,2740.00,2732.00,5472.00,2732,2740,0.00,0.00,0,0,96458720.00,1442496.00,97901216.00,1442496,96458720
1669089438.284701,s1-eth2,119196.00,8017644.00,8136840.00,8017644,119196,1806.00,1822.00,3628.00,1822,1806,0.00,0.00,0,0,953568.00,64141152.00,65094720.00,64141152,953568
1669089438.284714,s2-eth1,8017644.00,119196.00,8136840.00,119196,8017644,1822.00,1806.00,3628.00,1806,1822,0.00,0.00,0,0,64141152.00,953568.00,65094720.00,953568,64141152
1669089438.284738,total,20376298.00,20437756.00,40814056.00,20437756,20376298,9124.00,9134.00,18258.00,9134,9124,0.00,0.00,0,0,163010384.00,163502048.00,326512448.00,163502048,163010384
1669089439.284972,lo,2316.00,2316.00,4632.00,2316,2316,21.00,21.00,42.00,21,21,0.00,0.00,0,0,18528.00,18528.00,37056.00,18528,18528
1669089439.285022,eth0,1550.00,920.00,2470.00,920,1550,7.00,9.00,16.00,9,7,0.00,0.00,0,0,12400.00,7360.00,19760.00,7360,12400
1669089439.285037,docker0,0.00,0.00,0.00,0,0,0.00,0.00,0.00,0,0,0.00,0.00,0,0,0.00,0.00,0.00,0,0
1669089439.285048,s1-eth1,61380.00,4123482.00,4184862.00,4123482,61380,930.00,937.00,1867.00,937,930,0.00,0.00,0,0,491040.00,32987856.00,33478896.00,32987856,491040
1669089439.285062,s2-eth2,61182.00,4123482.00,4184664.00,4123482,61182,927.00,937.00,1864.00,937,927,0.00,0.00,0,0,489456.00,32987856.00,33477312.00,32987856,489456
1669089439.285077,s2-eth3,58080.00,3894096.00,3952176.00,3894096,58080,880.00,884.00,1764.00,884,880,0.00,0.00,0,0,464640.00,31152768.00,31617408.00,31152768,464640
1669089439.285107,s1-eth3,12070500.00,180576.00,12251076.00,180576,12070500,2742.00,2736.00,5478.00,2736,2742,0.00,0.00,0,0,96564000.00,1444608.00,98008608.00,1444608,96564000
1669089439.285123,s1-eth2,119262.00,8013168.00,8132430.00,8013168,119262,1807.00,1820.00,3627.00,1820,1807,0.00,0.00,0,0,954096.00,64105344.00,65059440.00,64105344,954096
1669089439.285138,s2-eth1,8013168.00,119262.00,8132430.00,119262,8013168,1820.00,1807.00,3627.00,1807,1820,0.00,0.00,0,0,64105344.00,954096.00,65059440.00,954096,64105344
1669089439.285161,total,20387438.00,20457302.00,40844740.00,20457302,20387438,9134.00,9151.00,18285.00,9151,9134,0.00,0.00,0,0,163099504.00,163658416.00,326757920.00,163658416,163099504
1669089440.285447,lo,199.00,199.00,398.00,199,199,3.00,3.00,6.00,3,3,0.00,0.00,0,0,1592.00,1592.00,3184.00,1592,1592
1669089440.285499,eth0,114.00,180.00,294.00,180,114,1.00,3.00,4.00,3,1,0.00,0.00,0,0,912.00,1440.00,2352.00,1440,912
1669089440.285513,docker0,0.00,0.00,0.00,0,0,0.00,0.00,0.00,0,0,0.00,0.00,0,0,0.00,0.00,0.00,0,0
1669089440.285524,s1-eth1,59160.00,3570078.00,3629238.00,3570078,59160,884.00,911.00,1795.00,911,884,0.00,0.00,0,0,473280.00,28560624.00,29033904.00,28560624,473280
1669089440.285538,s2-eth2,65802.00,4401378.00,4467180.00,4401378,65802,997.00,1001.00,1998.00,1001,997,0.00,0.00,0,0,526416.00,35211024.00,35737440.00,35211024,526416
1669089440.285552,s2-eth3,59268.00,3986772.00,4046040.00,3986772,59268,898.00,906.00,1804.00,906,898,0.00,0.00,0,0,474144.00,31894176.00,32368320.00,31894176,474144
1669089440.285583,s1-eth3,12055508.00,184230.00,12239738.00,184230,12055508,2822.00,2779.00,5601.00,2779,2822,0.00,0.00,0,0,96444064.00,1473840.00,97917904.00,1473840,96444064
1669089440.285598,s1-eth2,125070.00,8388150.00,8513220.00,8388150,125070,1895.00,1907.00,3802.00,1907,1895,0.00,0.00,0,0,1000560.00,67105200.00,68105760.00,67105200,1000560
1669089440.285611,s2-eth1,8388150.00,125070.00,8513220.00,125070,8388150,1907.00,1895.00,3802.00,1895,1907,0.00,0.00,0,0,67105200.00,1000560.00,68105760.00,1000560,67105200
1669089440.285635,total,20753272.00,20656056.00,41409328.00,20656057,20753271,9407.00,9405.00,18812.00,9405,9407,0.00,0.00,0,0,166026176.00,165248448.00,331274624.00,165248456,166026168
1669089441.285899,lo,118.00,118.00,236.00,118,118,2.00,2.00,4.00,2,2,0.00,0.00,0,0,944.00,944.00,1888.00,944,944
1669089441.285947,eth0,54.00,92.00,146.00,92,54,1.00,1.00,2.00,1,1,0.00,0.00,0,0,432.00,736.00,1168.00,736,432
1669089441.285961,docker0,0.00,0.00,0.00,0,0,0.00,0.00,0.00,0,0,0.00,0.00,0,0,0.00,0.00,0.00,0,0
1669089441.286024,s1-eth1,55308.00,2468538.00,2523846.00,2468538,55308,828.00,873.00,1701.00,873,828,0.00,0.00,0,0,442464.00,19748304.00,20190768.00,19748304,442464
1669089441.286041,s2-eth2,73788.00,5171008.00,5244796.00,5171008,73788,1118.00,1100.00,2218.00,1100,1118,0.00,0.00,0,0,590304.00,41368064.00,41958368.00,41368064,590304
1669089441.286055,s2-eth3,67742.00,4245200.00,4312942.00,4245200,67742,1011.00,1048.00,2059.00,1048,1011,0.00,0.00,0,0,541936.00,33961600.00,34503536.00,33961600,541936
1669089441.286085,s1-eth3,12063914.00,196970.00,12260884.00,196970,12063914,3081.00,2959.00,6040.00,2959,3081,0.00,0.00,0,0,96511312.00,1575760.00,98087072.00,1575760,96511312
1669089441.286099,s1-eth2,141596.00,9413180.00,9554776.00,9413180,141596,2130.00,2146.00,4276.00,2146,2130,0.00,0.00,0,0,1132768.00,75305440.00,76438208.00,75305440,1132768
1669089441.286113,s2-eth1,9413180.00,141596.00,9554776.00,141596,9413180,2146.00,2130.00,4276.00,2130,2146,0.00,0.00,0,0,75305440.00,1132768.00,76438208.00,1132768,75305440
1669089441.286176,total,21815700.00,21636702.00,43452400.00,21636702,21815700,10317.00,10259.00,20576.00,10259,10317,0.00,0.00,0,0,174525600.00,173093616.00,347619200.00,173093616,174525600
1669089442.286470,lo,461.00,461.00,922.00,461,461,8.00,8.00,16.00,8,8,0.00,0.00,0,0,3688.00,3688.00,7376.00,3688,3688
1669089442.286520,eth0,144.00,168.00,312.00,168,144,2.00,2.00,4.00,2,2,0.00,0.00,0,0,1152.00,1344.00,2496.00,1344,1152
1669089442.286534,docker0,0.00,0.00,0.00,0,0,0.00,0.00,0.00,0,0,0.00,0.00,0,0,0.00,0.00,0.00,0,0
1669089442.286545,s1-eth1,44286.00,2061094.00,2105380.00,2061094,44286,671.00,711.00,1382.00,711,671,0.00,0.00,0,0,354288.00,16488752.00,16843040.00,16488752,354288
1669089442.286599,s2-eth2,60522.00,6715860.00,6776382.00,6715860,60522,917.00,922.00,1839.00,922,917,0.00,0.00,0,0,484176.00,53726880.00,54211056.00,53726880,484176
1669089442.286614,s2-eth3,72270.00,3348710.00,3420980.00,3348710,72270,1095.00,1155.00,2250.00,1155,1095,0.00,0.00,0,0,578160.00,26789680.00,27367840.00,26789680,578160
1669089442.286644,s1-eth3,12044308.00,177012.00,12221320.00,177012,12044308,2762.00,2682.00,5444.00,2682,2762,0.00,0.00,0,0,96354464.00,1416096.00,97770560.00,1416096,96354464
1669089442.286660,s1-eth2,132726.00,10063188.00,10195914.00,10063188,132726,2011.00,2078.00,4089.00,2078,2011,0.00,0.00,0,0,1061808.00,80505504.00,81567312.00,80505504,1061808
1669089442.286673,s2-eth1,10063188.00,132726.00,10195914.00,132726,10063188,2078.00,2011.00,4089.00,2011,2078,0.00,0.00,0,0,80505504.00,1061808.00,81567312.00,1061808,80505504
1669089442.286697,total,22417904.00,22499220.00,44917124.00,22499219,22417905,9544.00,9569.00,19113.00,9569,9544,0.00,0.00,0,0,179343232.00,179993760.00,359336992.00,179993752,179343240
1669089443.286977,lo,340.00,340.00,680.00,340,340,6.00,6.00,12.00,6,6,0.00,0.00,0,0,2720.00,2720.00,5440.00,2720,2720
1669089443.287048,eth0,206.00,216.00,422.00,216,206,3.00,3.00,6.00,3,3,0.00,0.00,0,0,1648.00,1728.00,3376.00,1728,1648
1669089443.287063,docker0,0.00,0.00,0.00,0,0,0.00,0.00,0.00,0,0,0.00,0.00,0,0,0.00,0.00,0.00,0,0
1669089443.287075,s1-eth1,49368.00,2290748.00,2340116.00,2290748,49368,748.00,790.00,1538.00,790,748,0.00,0.00,0,0,394944.00,18325984.00,18720928.00,18325984,394944
1669089443.287089,s2-eth2,57156.00,6341674.00,6398830.00,6341674,57156,866.00,869.00,1735.00,869,866,0.00,0.00,0,0,457248.00,50733392.00,51190640.00,50733392,457248
1669089443.287103,s2-eth3,75042.00,3470218.00,3545260.00,3470218,75042,1137.00,1197.00,2334.00,1197,1137,0.00,0.00,0,0,600336.00,27761744.00,28362080.00,27761744,600336
1669089443.287135,s1-eth3,12036490.00,181698.00,12218188.00,181698,12036490,2841.00,2753.00,5594.00,2753,2841,0.00,0.00,0,0,96291920.00,1453584.00,97745504.00,1453584,96291920
1669089443.287150,s1-eth2,132264.00,9822160.00,9954424.00,9822160,132264,2004.00,2068.00,4072.00,2068,2004,0.00,0.00,0,0,1058112.00,78577280.00,79635392.00,78577280,1058112
1669089443.287164,s2-eth1,9822160.00,132264.00,9954424.00,132264,9822160,2068.00,2004.00,4072.00,2004,2068,0.00,0.00,0,0,78577280.00,1058112.00,79635392.00,1058112,78577280
1669089443.287245,total,22173026.00,22239318.00,44412344.00,22239318,22173026,9673.00,9690.00,19363.00,9690,9673,0.00,0.00,0,0,177384208.00,177914544.00,355298752.00,177914544,177384208
1669089444.287510,lo,110.00,110.00,220.00,110,110,2.00,2.00,4.00,2,2,0.00,0.00,0,0,880.00,880.00,1760.00,880,880
1669089444.287578,eth0,98.00,40.00,138.00,40,98,1.00,1.00,2.00,1,1,0.00,0.00,0,0,784.00,320.00,1104.00,320,784
1669089444.287592,docker0,0.00,0.00,0.00,0,0,0.00,0.00,0.00,0,0,0.00,0.00,0,0,0.00,0.00,0.00,0,0
1669089444.287602,s1-eth1,50640.00,2208542.00,2259182.00,2208542,50640,752.00,795.00,1547.00,795,752,0.00,0.00,0,0,405120.00,17668336.00,18073456.00,17668336,405120
1669089444.287616,s2-eth2,64674.00,5883738.00,5948412.00,5883738,64674,969.00,1017.00,1986.00,1017,969,0.00,0.00,0,0,517392.00,47069904.00,47587296.00,47069904,517392
1669089444.287630,s2-eth3,76296.00,3759814.00,3836110.00,3759814,76296,1156.00,1175.00,2331.00,1175,1156,0.00,0.00,0,0,610368.00,30078512.00,30688880.00,30078512,610368
1669089444.287660,s1-eth3,12062656.00,191478.00,12254134.00,191478,12062656,3040.00,2875.00,5915.00,2875,3040,0.00,0.00,0,0,96501248.00,1531824.00,98033072.00,1531824,96501248
1669089444.287701,s1-eth2,140970.00,9637694.00,9778664.00,9637694,140970,2125.00,2191.00,4316.00,2191,2125,0.00,0.00,0,0,1127760.00,77101552.00,78229312.00,77101552,1127760
1669089444.287716,s2-eth1,9637694.00,140970.00,9778664.00,140970,9637694,2191.00,2125.00,4316.00,2125,2191,0.00,0.00,0,0,77101552.00,1127760.00,78229312.00,1127760,77101552
1669089444.287741,total,22033138.00,21822386.00,43855524.00,21822386,22033138,10236.00,10181.00,20417.00,10181,10236,0.00,0.00,0,0,176265104.00,174579088.00,350844192.00,174579088,176265104
1669089445.288011,lo,0.00,0.00,0.00,0,0,0.00,0.00,0.00,0,0,0.00,0.00,0,0,0.00,0.00,0.00,0,0
1669089445.288061,eth0,0.00,0.00,0.00,0,0,0.00,0.00,0.00,0,0,0.00,0.00,0,0,0.00,0.00,0.00,0,0
1669089445.288074,docker0,0.00,0.00,0.00,0,0,0.00,0.00,0.00,0,0,0.00,0.00,0,0,0.00,0.00,0.00,0,0
1669089445.288084,s1-eth1,46662.00,2173716.00,2220378.00,2173716,46662,707.00,750.00,1457.00,750,707,0.00,0.00,0,0,373296.00,17389728.00,17763024.00,17389728,373296
1669089445.288099,s2-eth2,69762.00,4696782.00,4766544.00,4696782,69762,1057.00,1067.00,2124.00,1067,1057,0.00,0.00,0,0,558096.00,37574256.00,38132352.00,37574256,558096
1669089445.288113,s2-eth3,58212.00,5282018.00,5340230.00,5282018,58212,882.00,961.00,1843.00,961,882,0.00,0.00,0,0,465696.00,42256144.00,42721840.00,42256144,465696
1669089445.288186,s1-eth3,12059708.00,174636.00,12234344.00,174636,12059708,2754.00,2646.00,5400.00,2646,2754,0.00,0.00,0,0,96477664.00,1397088.00,97874752.00,1397088,96477664
1669089445.288205,s1-eth2,127908.00,9975838.00,10103746.00,9975838,127908,1938.00,2027.00,3965.00,2027,1938,0.00,0.00,0,0,1023264.00,79806704.00,80829968.00,79806704,1023264
1669089445.288220,s2-eth1,9975838.00,127908.00,10103746.00,127908,9975838,2027.00,1938.00,3965.00,1938,2027,0.00,0.00,0,0,79806704.00,1023264.00,80829968.00,1023264,79806704
1669089445.288248,total,22338090.00,22430898.00,44768988.00,22430898,22338090,9365.00,9389.00,18754.00,9389,9365,0.00,0.00,0,0,178704720.00,179447184.00,358151904.00,179447184,178704720
1669089446.288635,lo,0.00,0.00,0.00,0,0,0.00,0.00,0.00,0,0,0.00,0.00,0,0,0.00,0.00,0.00,0,0
1669089446.288706,eth0,0.00,0.00,0.00,0,0,0.00,0.00,0.00,0,0,0.00,0.00,0,0,0.00,0.00,0.00,0,0
1669089446.288725,docker0,0.00,0.00,0.00,0,0,0.00,0.00,0.00,0,0,0.00,0.00,0,0,0.00,0.00,0.00,0,0
1669089446.288736,s1-eth1,52074.00,2418180.00,2470254.00,2418180,52074,789.00,834.00,1623.00,834,789,0.00,0.00,0,0,416592.00,19345440.00,19762032.00,19345440,416592
1669089446.288751,s2-eth2,68706.00,4621878.00,4690584.00,4621878,68706,1041.00,1051.00,2092.00,1051,1041,0.00,0.00,0,0,549648.00,36975024.00,37524672.00,36975024,549648
1669089446.288766,s2-eth3,56100.00,5107660.00,5163760.00,5107660,56100,850.00,930.00,1780.00,930,850,0.00,0.00,0,0,448800.00,40861280.00,41310080.00,40861280,448800
1669089446.288849,s1-eth3,12068272.00,176880.00,12245152.00,176880,12068272,2796.00,2680.00,5476.00,2680,2796,0.00,0.00,0,0,96546176.00,1415040.00,97961216.00,1415040,96546176
1669089446.288869,s1-eth2,124872.00,9735462.00,9860334.00,9735462,124872,1892.00,1983.00,3875.00,1983,1892,0.00,0.00,0,0,998976.00,77883696.00,78882672.00,77883696,998976
1669089446.288884,s2-eth1,9735462.00,124872.00,9860334.00,124872,9735462,1983.00,1892.00,3875.00,1892,1983,0.00,0.00,0,0,77883696.00,998976.00,78882672.00,998976,77883696
1669089446.288908,total,22105486.00,22184932.00,44290416.00,22184932,22105486,9351.00,9370.00,18721.00,9370,9351,0.00,0.00,0,0,176843888.00,177479456.00,354323328.00,177479456,176843888
1669089447.289189,lo,344.00,344.00,688.00,344,344,6.00,6.00,12.00,6,6,0.00,0.00,0,0,2752.00,2752.00,5504.00,2752,2752
1669089447.289242,eth0,0.00,0.00,0.00,0,0,0.00,0.00,0.00,0,0,0.00,0.00,0,0,0.00,0.00,0.00,0,0
1669089447.289255,docker0,0.00,0.00,0.00,0,0,0.00,0.00,0.00,0,0,0.00,0.00,0,0,0.00,0.00,0.00,0,0
1669089447.289266,s1-eth1,56496.00,2621176.00,2677672.00,2621176,56496,856.00,904.00,1760.00,904,856,0.00,0.00,0,0,451968.00,20969408.00,21421376.00,20969408,451968
1669089447.289281,s2-eth2,67254.00,4515840.00,4583094.00,4515840,67254,1019.00,1024.00,2043.00,1024,1019,0.00,0.00,0,0,538032.00,36126720.00,36664752.00,36126720,538032
1669089447.289295,s2-eth3,63228.00,5001576.00,5064804.00,5001576,63228,958.00,1012.00,1970.00,1012,958,0.00,0.00,0,0,505824.00,40012608.00,40518432.00,40012608,505824
1669089447.289325,s1-eth3,12062632.00,187044.00,12249676.00,187044,12062632,2908.00,2834.00,5742.00,2834,2908,0.00,0.00,0,0,96501056.00,1496352.00,97997408.00,1496352,96501056
1669089447.289340,s1-eth2,130482.00,9510044.00,9640526.00,9510044,130482,1977.00,2034.00,4011.00,2034,1977,0.00,0.00,0,0,1043856.00,76080352.00,77124208.00,76080352,1043856
1669089447.289354,s2-eth1,9510044.00,130482.00,9640526.00,130482,9510044,2034.00,1977.00,4011.00,1977,2034,0.00,0.00,0,0,76080352.00,1043856.00,77124208.00,1043856,76080352
1669089447.289378,total,21890480.00,21966506.00,43856984.00,21966506,21890480,9758.00,9791.00,19549.00,9791,9758,0.00,0.00,0,0,175123840.00,175732048.00,350855872.00,175732048,175123840
1669089448.289753,lo,338.00,338.00,676.00,338,338,6.00,6.00,12.00,6,6,0.00,0.00,0,0,2704.00,2704.00,5408.00,2704,2704
1669089448.289804,eth0,206.00,168.00,374.00,168,206,3.00,2.00,5.00,2,3,0.00,0.00,0,0,1648.00,1344.00,2992.00,1344,1648
1669089448.289818,docker0,0.00,0.00,0.00,0,0,0.00,0.00,0.00,0,0,0.00,0.00,0,0,0.00,0.00,0.00,0,0
1669089448.289829,s1-eth1,59094.00,2714908.00,2774002.00,2714908,59094,893.00,942.00,1835.00,942,893,0.00,0.00,0,0,472752.00,21719264.00,22192016.00,21719264,472752
1669089448.289843,s2-eth2,67584.00,4542366.00,4609950.00,4542366,67584,1024.00,1031.00,2055.00,1031,1024,0.00,0.00,0,0,540672.00,36338928.00,36879600.00,36338928,540672
1669089448.289857,s2-eth3,72402.00,4855542.00,4927944.00,4855542,72402,1097.00,1103.00,2200.00,1103,1097,0.00,0.00,0,0,579216.00,38844336.00,39423552.00,38844336,579216
1669089448.289907,s1-eth3,12060948.00,199026.00,12259974.00,199026,12060948,3058.00,3013.00,6071.00,3013,3058,0.00,0.00,0,0,96487584.00,1592208.00,98079792.00,1592208,96487584
1669089448.289925,s1-eth2,139920.00,9402318.00,9542238.00,9402318,139920,2120.00,2135.00,4255.00,2135,2120,0.00,0.00,0,0,1119360.00,75218544.00,76337904.00,75218544,1119360
1669089448.289939,s2-eth1,9402318.00,139920.00,9542238.00,139920,9402318,2135.00,2120.00,4255.00,2120,2135,0.00,0.00,0,0,75218544.00,1119360.00,76337904.00,1119360,75218544
1669089448.289963,total,21802810.00,21854586.00,43657396.00,21854586,21802810,10336.00,10352.00,20688.00,10352,10336,0.00,0.00,0,0,174422480.00,174836688.00,349259168.00,174836688,174422480
1669089449.290263,lo,110.00,110.00,220.00,110,110,2.00,2.00,4.00,2,2,0.00,0.00,0,0,880.00,880.00,1760.00,880,880
1669089449.290330,eth0,98.00,80.00,178.00,80,98,1.00,2.00,3.00,2,1,0.00,0.00,0,0,784.00,640.00,1424.00,640,784
1669089449.290344,docker0,0.00,0.00,0.00,0,0,0.00,0.00,0.00,0,0,0.00,0.00,0,0,0.00,0.00,0.00,0,0
1669089449.290354,s1-eth1,39686.00,1656228.00,1695914.00,1656228,39686,583.00,610.00,1193.00,610,583,0.00,0.00,0,0,317488.00,13249824.00,13567312.00,13249824,317488
1669089449.290391,s2-eth2,58938.00,4952922.00,5011860.00,4952922,58938,893.00,933.00,1826.00,933,893,0.00,0.00,0,0,471504.00,39623376.00,40094880.00,39623376,471504
1669089449.290406,s2-eth3,62568.00,5437160.00,5499728.00,5437160,62568,948.00,1008.00,1956.00,1008,948,0.00,0.00,0,0,500544.00,43497280.00,43997824.00,43497280,500544
1669089449.290465,s1-eth3,12067906.00,161114.00,12229020.00,161114,12067906,2593.00,2423.00,5016.00,2423,2593,0.00,0.00,0,0,96543248.00,1288912.00,97832160.00,1288912,96543248
1669089449.290484,s1-eth2,121506.00,10385672.00,10507178.00,10385672,121506,1841.00,1940.00,3781.00,1940,1841,0.00,0.00,0,0,972048.00,83085376.00,84057424.00,83085376,972048
1669089449.290497,s2-eth1,10385672.00,121506.00,10507178.00,121506,10385672,1940.00,1841.00,3781.00,1841,1940,0.00,0.00,0,0,83085376.00,972048.00,84057424.00,972048,83085376
1669089449.290522,total,22736484.00,22714792.00,45451276.00,22714792,22736484,8801.00,8759.00,17560.00,8759,8801,0.00,0.00,0,0,181891872.00,181718336.00,363610208.00,181718336,181891872
1669089450.290800,lo,0.00,0.00,0.00,0,0,0.00,0.00,0.00,0,0,0.00,0.00,0,0,0.00,0.00,0.00,0,0
1669089450.290846,eth0,0.00,0.00,0.00,0,0,0.00,0.00,0.00,0,0,0.00,0.00,0,0,0.00,0.00,0.00,0,0
1669089450.290857,docker0,0.00,0.00,0.00,0,0,0.00,0.00,0.00,0,0,0.00,0.00,0,0,0.00,0.00,0.00,0,0
1669089450.290869,s1-eth1,39270.00,1824002.00,1863272.00,1824002,39270,595.00,629.00,1224.00,629,595,0.00,0.00,0,0,314160.00,14592016.00,14906176.00,14592016,314160
1669089450.290884,s2-eth2,72138.00,5021802.00,5093940.00,5021802,72138,1093.00,1121.00,2214.00,1121,1093,0.00,0.00,0,0,577104.00,40174416.00,40751520.00,40174416,577104
1669089450.290898,s2-eth3,58014.00,5293734.00,5351748.00,5293734,58014,879.00,963.00,1842.00,963,879,0.00,0.00,0,0,464112.00,42349872.00,42813984.00,42349872,464112
1669089450.290929,s1-eth3,12069766.00,169488.00,12239254.00,169488,12069766,2687.00,2568.00,5255.00,2568,2687,0.00,0.00,0,0,96558128.00,1355904.00,97914032.00,1355904,96558128
1669089450.290944,s1-eth2,130152.00,10322908.00,10453060.00,10322908,130152,1972.00,2086.00,4058.00,2086,1972,0.00,0.00,0,0,1041216.00,82583264.00,83624480.00,82583264,1041216
1669089450.290958,s2-eth1,10322908.00,130152.00,10453060.00,130152,10322908,2086.00,1972.00,4058.00,1972,2086,0.00,0.00,0,0,82583264.00,1041216.00,83624480.00,1041216,82583264
1669089450.290982,total,22692248.00,22762086.00,45454336.00,22762086,22692248,9312.00,9339.00,18651.00,9339,9312,0.00,0.00,0,0,181537984.00,182096688.00,363634688.00,182096688,181537984
1669089451.291298,lo,0.00,0.00,0.00,0,0,0.00,0.00,0.00,0,0,0.00,0.00,0,0,0.00,0.00,0.00,0,0
1669089451.291376,eth0,90.00,76.00,166.00,76,90,1.00,1.00,2.00,1,1,0.00,0.00,0,0,720.00,608.00,1328.00,608,720
1669089451.291391,docker0,0.00,0.00,0.00,0,0,0.00,0.00,0.00,0,0,0.00,0.00,0,0,0.00,0.00,0.00,0,0
1669089451.291402,s1-eth1,43638.00,2021182.00,2064820.00,2021182,43638,661.00,699.00,1360.00,699,661,0.00,0.00,0,0,349104.00,16169456.00,16518560.00,16169456,349104
1669089451.291417,s2-eth2,72312.00,4854070.00,4926382.00,4854070,72312,1096.00,1103.00,2199.00,1103,1096,0.00,0.00,0,0,578496.00,38832560.00,39411056.00,38832560,578496
1669089451.291431,s2-eth3,57480.00,5213278.00,5270758.00,5213278,57480,870.00,951.00,1821.00,951,870,0.00,0.00,0,0,459840.00,41706224.00,42166064.00,41706224,459840
1669089451.291461,s1-eth3,12057198.00,173376.00,12230574.00,173376,12057198,2739.00,2626.00,5365.00,2626,2739,0.00,0.00,0,0,96457584.00,1387008.00,97844592.00,1387008,96457584
1669089451.291502,s1-eth2,129858.00,10067348.00,10197206.00,10067348,129858,1967.00,2054.00,4021.00,2054,1967,0.00,0.00,0,0,1038864.00,80538784.00,81577648.00,80538784,1038864
1669089451.291517,s2-eth1,10067348.00,129858.00,10197206.00,129858,10067348,2054.00,1967.00,4021.00,1967,2054,0.00,0.00,0,0,80538784.00,1038864.00,81577648.00,1038864,80538784
1669089451.291541,total,22427924.00,22459188.00,44887112.00,22459188,22427924,9388.00,9401.00,18789.00,9401,9388,0.00,0.00,0,0,179423392.00,179673504.00,359096896.00,179673504,179423392
1669089452.291832,lo,344.00,344.00,688.00,344,344,6.00,6.00,12.00,6,6,0.00,0.00,0,0,2752.00,2752.00,5504.00,2752,2752
1669089452.291930,eth0,0.00,0.00,0.00,0,0,0.00,0.00,0.00,0,0,0.00,0.00,0,0,0.00,0.00,0.00,0,0
1669089452.291947,docker0,0.00,0.00,0.00,0,0,0.00,0.00,0.00,0,0,0.00,0.00,0,0,0.00,0.00,0.00,0,0
1669089452.291958,s1-eth1,35586.00,1573354.00,1608940.00,1573354,35586,531.00,561.00,1092.00,561,531,0.00,0.00,0,0,284688.00,12586832.00,12871520.00,12586832,284688
1669089452.291979,s2-eth2,64482.00,6584888.00,6649370.00,6584888,64482,977.00,956.00,1933.00,956,977,0.00,0.00,0,0,515856.00,52679104.00,53194960.00,52679104,515856
1669089452.291993,s2-eth3,76140.00,3716906.00,3793046.00,3716906,76140,1146.00,1205.00,2351.00,1205,1146,0.00,0.00,0,0,609120.00,29735248.00,30344368.00,29735248,609120
1669089452.292025,s1-eth3,12049312.00,176262.00,12225574.00,176262,12049312,2772.00,2655.00,5427.00,2655,2772,0.00,0.00,0,0,96394496.00,1410096.00,97804592.00,1410096,96394496
1669089452.292040,s1-eth2,140556.00,10295936.00,10436492.00,10295936,140556,2122.00,2160.00,4282.00,2160,2122,0.00,0.00,0,0,1124448.00,82367488.00,83491936.00,82367488,1124448
1669089452.292054,s2-eth1,10295936.00,140556.00,10436492.00,140556,10295936,2160.00,2122.00,4282.00,2122,2160,0.00,0.00,0,0,82367488.00,1124448.00,83491936.00,1124448,82367488
1669089452.292079,total,22662356.00,22488246.00,45150600.00,22488246,22662356,9714.00,9665.00,19379.00,9665,9714,0.00,0.00,0,0,181298848.00,179905968.00,361204800.00,179905968,181298848
1669089453.292331,lo,338.00,338.00,676.00,338,338,6.00,6.00,12.00,6,6,0.00,0.00,0,0,2704.00,2704.00,5408.00,2704,2704
1669089453.292384,eth0,206.00,208.00,414.00,208,206,3.00,3.00,6.00,3,3,0.00,0.00,0,0,1648.00,1664.00,3312.00,1664,1648
1669089453.292399,docker0,0.00,0.00,0.00,0,0,0.00,0.00,0.00,0,0,0.00,0.00,0,0,0.00,0.00,0.00,0,0
1669089453.292410,s1-eth1,39930.00,1856584.00,1896514.00,1856584,39930,605.00,640.00,1245.00,640,605,0.00,0.00,0,0,319440.00,14852672.00,15172112.00,14852672,319440
1669089453.292424,s2-eth2,58806.00,6538936.00,6597742.00,6538936,58806,891.00,896.00,1787.00,896,891,0.00,0.00,0,0,470448.00,52311488.00,52781936.00,52311488,470448
1669089453.292438,s2-eth3,66000.00,3711804.00,3777804.00,3711804,66000,1000.00,1018.00,2018.00,1018,1000,0.00,0.00,0,0,528000.00,29694432.00,30222432.00,29694432,528000
1669089453.292505,s1-eth3,12037622.00,164802.00,12202424.00,164802,12037622,2551.00,2497.00,5048.00,2497,2551,0.00,0.00,0,0,96300976.00,1318416.00,97619392.00,1318416,96300976
1669089453.292522,s1-eth2,124872.00,10255084.00,10379956.00,10255084,124872,1892.00,1914.00,3806.00,1914,1892,0.00,0.00,0,0,998976.00,82040672.00,83039648.00,82040672,998976
1669089453.292536,s2-eth1,10255084.00,124872.00,10379956.00,124872,10255084,1914.00,1892.00,3806.00,1892,1914,0.00,0.00,0,0,82040672.00,998976.00,83039648.00,998976,82040672
1669089453.292560,total,22582858.00,22652628.00,45235488.00,22652628,22582858,8862.00,8866.00,17728.00,8866,8862,0.00,0.00,0,0,180662864.00,181221024.00,361883904.00,181221024,180662864
1669089454.292843,lo,110.00,110.00,220.00,110,110,2.00,2.00,4.00,2,2,0.00,0.00,0,0,880.00,880.00,1760.00,880,880
1669089454.292892,eth0,98.00,40.00,138.00,40,98,1.00,1.00,2.00,1,1,0.00,0.00,0,0,784.00,320.00,1104.00,320,784
1669089454.292906,docker0,0.00,0.00,0.00,0,0,0.00,0.00,0.00,0,0,0.00,0.00,0,0,0.00,0.00,0.00,0,0
1669089454.292934,s1-eth1,44352.00,2058132.00,2102484.00,2058132,44352,672.00,710.00,1382.00,710,672,0.00,0.00,0,0,354816.00,16465056.00,16819872.00,16465056,354816
1669089454.292951,s2-eth2,56298.00,6232216.00,6288514.00,6232216,56298,853.00,856.00,1709.00,856,853,0.00,0.00,0,0,450384.00,49857728.00,50308112.00,49857728,450384
1669089454.292964,s2-eth3,59730.00,3807158.00,3866888.00,3807158,59730,905.00,927.00,1832.00,927,905,0.00,0.00,0,0,477840.00,30457264.00,30935104.00,30457264,477840
1669089454.292995,s1-eth3,12038662.00,160182.00,12198844.00,160182,12038662,2479.00,2427.00,4906.00,2427,2479,0.00,0.00,0,0,96309296.00,1281456.00,97590752.00,1281456,96309296
1669089454.293032,s1-eth2,115962.00,10035030.00,10150992.00,10035030,115962,1757.00,1783.00,3540.00,1783,1757,0.00,0.00,0,0,927696.00,80280240.00,81207936.00,80280240,927696
1669089454.293046,s2-eth1,10035030.00,115962.00,10150992.00,115962,10035030,1783.00,1757.00,3540.00,1757,1783,0.00,0.00,0,0,80280240.00,927696.00,81207936.00,927696,80280240
1669089454.293070,total,22350242.00,22408830.00,44759072.00,22408830,22350242,8452.00,8463.00,16915.00,8463,8452,0.00,0.00,0,0,178801936.00,179270640.00,358072576.00,179270640,178801936
1669089455.293315,lo,0.00,0.00,0.00,0,0,0.00,0.00,0.00,0,0,0.00,0.00,0,0,0.00,0.00,0.00,0,0
1669089455.293379,eth0,0.00,0.00,0.00,0,0,0.00,0.00,0.00,0,0,0.00,0.00,0,0,0.00,0.00,0.00,0,0
1669089455.293392,docker0,0.00,0.00,0.00,0,0,0.00,0.00,0.00,0,0,0.00,0.00,0,0,0.00,0.00,0.00,0,0
1669089455.293403,s1-eth1,47802.00,2112768.00,2160570.00,2112768,47802,715.00,748.00,1463.00,748,715,0.00,0.00,0,0,382416.00,16902144.00,17284560.00,16902144,382416
1669089455.293418,s2-eth2,69210.00,5943188.00,6012398.00,5943188,69210,1037.00,1106.00,2143.00,1106,1037,0.00,0.00,0,0,553680.00,47545504.00,48099184.00,47545504,553680
1669089455.293432,s2-eth3,58500.00,3624376.00,3682876.00,3624376,58500,878.00,900.00,1778.00,900,878,0.00,0.00,0,0,468000.00,28995008.00,29463008.00,28995008,468000
1669089455.293462,s1-eth3,12055376.00,175578.00,12230954.00,175578,12055376,2820.00,2631.00,5451.00,2631,2820,0.00,0.00,0,0,96443008.00,1404624.00,97847632.00,1404624,96443008
1669089455.293477,s1-eth2,127710.00,9567564.00,9695274.00,9567564,127710,1915.00,2006.00,3921.00,2006,1915,0.00,0.00,0,0,1021680.00,76540512.00,77562192.00,76540512,1021680
1669089455.293492,s2-eth1,9567564.00,127710.00,9695274.00,127710,9567564,2006.00,1915.00,3921.00,1915,2006,0.00,0.00,0,0,76540512.00,1021680.00,77562192.00,1021680,76540512
1669089455.293533,total,21926162.00,21551184.00,43477344.00,21551184,21926162,9371.00,9306.00,18677.00,9306,9371,0.00,0.00,0,0,175409296.00,172409472.00,347818752.00,172409472,175409296
1669089456.293808,lo,0.00,0.00,0.00,0,0,0.00,0.00,0.00,0,0,0.00,0.00,0,0,0.00,0.00,0.00,0,0
1669089456.293854,eth0,0.00,0.00,0.00,0,0,0.00,0.00,0.00,0,0,0.00,0.00,0,0,0.00,0.00,0.00,0,0
1669089456.293865,docker0,0.00,0.00,0.00,0,0,0.00,0.00,0.00,0,0,0.00,0.00,0,0,0.00,0.00,0.00,0,0
1669089456.293876,s1-eth1,54780.00,2550088.00,2604868.00,2550088,54780,830.00,880.00,1710.00,880,830,0.00,0.00,0,0,438240.00,20400704.00,20838944.00,20400704,438240
1669089456.293891,s2-eth2,63756.00,5803776.00,5867532.00,5803776,63756,966.00,1056.00,2022.00,1056,966,0.00,0.00,0,0,510048.00,46430208.00,46940256.00,46430208,510048
1669089456.293905,s2-eth3,56628.00,3814716.00,3871344.00,3814716,56628,858.00,866.00,1724.00,866,858,0.00,0.00,0,0,453024.00,30517728.00,30970752.00,30517728,453024
1669089456.293935,s1-eth3,12070112.00,175230.00,12245342.00,175230,12070112,2780.00,2655.00,5435.00,2655,2780,0.00,0.00,0,0,96560896.00,1401840.00,97962736.00,1401840,96560896
1669089456.293950,s1-eth2,120384.00,9621388.00,9741772.00,9621388,120384,1824.00,1922.00,3746.00,1922,1824,0.00,0.00,0,0,963072.00,76971104.00,77934176.00,76971104,963072
1669089456.293964,s2-eth1,9621388.00,120384.00,9741772.00,120384,9621388,1922.00,1824.00,3746.00,1824,1922,0.00,0.00,0,0,76971104.00,963072.00,77934176.00,963072,76971104
1669089456.293988,total,21987048.00,22085582.00,44072632.00,22085582,21987048,9180.00,9203.00,18383.00,9203,9180,0.00,0.00,0,0,175896384.00,176684656.00,352581056.00,176684656,175896384
1669089457.294265,lo,344.00,344.00,688.00,344,344,6.00,6.00,12.00,6,6,0.00,0.00,0,0,2752.00,2752.00,5504.00,2752,2752
1669089457.294314,eth0,0.00,0.00,0.00,0,0,0.00,0.00,0.00,0,0,0.00,0.00,0,0,0.00,0.00,0.00,0,0
1669089457.294327,docker0,0.00,0.00,0.00,0,0,0.00,0.00,0.00,0,0,0.00,0.00,0,0,0.00,0.00,0.00,0,0
1669089457.294338,s1-eth1,60654.00,2818248.00,2878902.00,2818248,60654,919.00,972.00,1891.00,972,919,0.00,0.00,0,0,485232.00,22545984.00,23031216.00,22545984,485232
1669089457.294352,s2-eth2,60786.00,5545826.00,5606612.00,5545826,60786,921.00,1009.00,1930.00,1009,921,0.00,0.00,0,0,486288.00,44366608.00,44852896.00,44366608,486288
1669089457.294384,s2-eth3,56232.00,3788256.00,3844488.00,3788256,56232,852.00,860.00,1712.00,860,852,0.00,0.00,0,0,449856.00,30306048.00,30755904.00,30306048,449856
1669089457.294415,s1-eth3,12062352.00,177672.00,12240024.00,177672,12062352,2816.00,2692.00,5508.00,2692,2816,0.00,0.00,0,0,96498816.00,1421376.00,97920192.00,1421376,96498816
1669089457.294430,s1-eth2,117018.00,9331186.00,9448204.00,9331186,117018,1773.00,1869.00,3642.00,1869,1773,0.00,0.00,0,0,936144.00,74649488.00,75585632.00,74649488,936144
1669089457.294444,s2-eth1,9331186.00,117018.00,9448204.00,117018,9331186,1869.00,1773.00,3642.00,1773,1869,0.00,0.00,0,0,74649488.00,936144.00,75585632.00,936144,74649488
1669089457.294468,total,21688572.00,21778550.00,43467120.00,21778550,21688572,9156.00,9181.00,18337.00,9181,9156,0.00,0.00,0,0,173508576.00,174228400.00,347736960.00,174228400,173508576
1669089458.294746,lo,338.00,338.00,676.00,338,338,6.00,6.00,12.00,6,6,0.00,0.00,0,0,2704.00,2704.00,5408.00,2704,2704
1669089458.294795,eth0,206.00,208.00,414.00,208,206,3.00,3.00,6.00,3,3,0.00,0.00,0,0,1648.00,1664.00,3312.00,1664,1648
1669089458.294809,docker0,0.00,0.00,0.00,0,0,0.00,0.00,0.00,0,0,0.00,0.00,0,0,0.00,0.00,0.00,0,0
1669089458.294820,s1-eth1,63690.00,2954566.00,3018256.00,2954566,63690,965.00,1019.00,1984.00,1019,965,0.00,0.00,0,0,509520.00,23636528.00,24146048.00,23636528,509520
1669089458.294834,s2-eth2,57948.00,5324538.00,5382486.00,5324538,57948,878.00,969.00,1847.00,969,878,0.00,0.00,0,0,463584.00,42596304.00,43059888.00,42596304,463584
1669089458.294848,s2-eth3,57024.00,3854472.00,3911496.00,3854472,57024,864.00,876.00,1740.00,876,864,0.00,0.00,0,0,456192.00,30835776.00,31291968.00,30835776,456192
1669089458.294878,s1-eth3,12055710.00,178728.00,12234438.00,178728,12055710,2847.00,2708.00,5555.00,2708,2847,0.00,0.00,0,0,96445680.00,1429824.00,97875504.00,1429824,96445680
1669089458.294893,s1-eth2,114972.00,9181906.00,9296878.00,9181906,114972,1742.00,1845.00,3587.00,1845,1742,0.00,0.00,0,0,919776.00,73455248.00,74375024.00,73455248,919776
1669089458.294908,s2-eth1,9181906.00,114972.00,9296878.00,114972,9181906,1845.00,1742.00,3587.00,1742,1845,0.00,0.00,0,0,73455248.00,919776.00,74375024.00,919776,73455248
1669089458.294932,total,21531794.00,21609728.00,43141520.00,21609728,21531794,9150.00,9168.00,18318.00,9168,9150,0.00,0.00,0,0,172254352.00,172877824.00,345132160.00,172877824,172254352
1669089459.295289,lo,110.00,110.00,220.00,110,110,2.00,2.00,4.00,2,2,0.00,0.00,0,0,880.00,880.00,1760.00,880,880
1669089459.295338,eth0,682.00,833.00,1515.00,833,682,6.00,6.00,12.00,6,6,0.00,0.00,0,0,5456.00,6664.00,12120.00,6664,5456
1669089459.295353,docker0,0.00,0.00,0.00,0,0,0.00,0.00,0.00,0,0,0.00,0.00,0,0,0.00,0.00,0.00,0,0
1669089459.295364,s1-eth1,66726.00,3086474.00,3153200.00,3086474,66726,1011.00,1065.00,2076.00,1065,1011,0.00,0.00,0,0,533808.00,24691792.00,25225600.00,24691792,533808
1669089459.295378,s2-eth2,57354.00,5221924.00,5279278.00,5221924,57354,869.00,950.00,1819.00,950,869,0.00,0.00,0,0,458832.00,41775392.00,42234224.00,41775392,458832
1669089459.295441,s2-eth3,56826.00,3823668.00,3880494.00,3823668,56826,861.00,870.00,1731.00,870,861,0.00,0.00,0,0,454608.00,30589344.00,31043952.00,30589344,454608
1669089459.295476,s1-eth3,12067232.00,180840.00,12248072.00,180840,12067232,2868.00,2740.00,5608.00,2740,2868,0.00,0.00,0,0,96537856.00,1446720.00,97984576.00,1446720,96537856
1669089459.295491,s1-eth2,114114.00,9048554.00,9162668.00,9048554,114114,1729.00,1821.00,3550.00,1821,1729,0.00,0.00,0,0,912912.00,72388432.00,73301344.00,72388432,912912
1669089459.295506,s2-eth1,9048554.00,114114.00,9162668.00,114114,9048554,1821.00,1729.00,3550.00,1729,1821,0.00,0.00,0,0,72388432.00,912912.00,73301344.00,912912,72388432
1669089459.295530,total,21411598.00,21476516.00,42888116.00,21476517,21411598,9167.00,9183.00,18350.00,9183,9167,0.00,0.00,0,0,171292784.00,171812128.00,343104928.00,171812136,171292784
1669089460.295839,lo,0.00,0.00,0.00,0,0,0.00,0.00,0.00,0,0,0.00,0.00,0,0,0.00,0.00,0.00,0,0
1669089460.295949,eth0,0.00,0.00,0.00,0,0,0.00,0.00,0.00,0,0,0.00,0.00,0,0,0.00,0.00,0.00,0,0
1669089460.295962,docker0,0.00,0.00,0.00,0,0,0.00,0.00,0.00,0,0,0.00,0.00,0,0,0.00,0.00,0.00,0,0
1669089460.295973,s1-eth1,68244.00,3160524.00,3228768.00,3160524,68244,1034.00,1090.00,2124.00,1090,1034,0.00,0.00,0,0,545952.00,25284192.00,25830144.00,25284192,545952
1669089460.295988,s2-eth2,55440.00,5072446.00,5127886.00,5072446,55440,840.00,923.00,1763.00,923,840,0.00,0.00,0,0,443520.00,40579568.00,41023088.00,40579568,443520
1669089460.296002,s2-eth3,58212.00,3902916.00,3961128.00,3902916,58212,882.00,886.00,1768.00,886,882,0.00,0.00,0,0,465696.00,31223328.00,31689024.00,31223328,465696
1669089460.296046,s1-eth3,12065128.00,181896.00,12247024.00,181896,12065128,2880.00,2756.00,5636.00,2756,2880,0.00,0.00,0,0,96521024.00,1455168.00,97976192.00,1455168,96521024
1669089460.296063,s1-eth2,113784.00,8972400.00,9086184.00,8972400,113784,1724.00,1808.00,3532.00,1808,1724,0.00,0.00,0,0,910272.00,71779200.00,72689472.00,71779200,910272
1669089460.296077,s2-eth1,8972400.00,113784.00,9086184.00,113784,8972400,1808.00,1724.00,3532.00,1724,1808,0.00,0.00,0,0,71779200.00,910272.00,72689472.00,910272,71779200
1669089460.296101,total,21333208.00,21403966.00,42737176.00,21403966,21333208,9168.00,9187.00,18355.00,9187,9168,0.00,0.00,0,0,170665664.00,171231728.00,341897408.00,171231728,170665664
1669089461.296288,lo,0.00,0.00,0.00,0,0,0.00,0.00,0.00,0,0,0.00,0.00,0,0,0.00,0.00,0.00,0,0
1669089461.296334,eth0,0.00,0.00,0.00,0,0,0.00,0.00,0.00,0,0,0.00,0.00,0,0,0.00,0.00,0.00,0,0
1669089461.296346,docker0,0.00,0.00,0.00,0,0,0.00,0.00,0.00,0,0,0.00,0.00,0,0,0.00,0.00,0.00,0,0
1669089461.296357,s1-eth1,54690.00,2410812.00,2465502.00,2410812,54690,809.00,854.00,1663.00,854,809,0.00,0.00,0,0,437520.00,19286496.00,19724016.00,19286496,437520
1669089461.296373,s2-eth2,59994.00,5450584.00,5510578.00,5450584,59994,909.00,992.00,1901.00,992,909,0.00,0.00,0,0,479952.00,43604672.00,44084624.00,43604672,479952
1669089461.296387,s2-eth3,61776.00,4154286.00,4216062.00,4154286,61776,936.00,943.00,1879.00,943,936,0.00,0.00,0,0,494208.00,33234288.00,33728496.00,33234288,494208
1669089461.296417,s1-eth3,12064852.00,176394.00,12241246.00,176394,12064852,2810.00,2653.00,5463.00,2653,2810,0.00,0.00,0,0,96518816.00,1411152.00,97929968.00,1411152,96518816
1669089461.296432,s1-eth2,121770.00,9604870.00,9726640.00,9604870,121770,1845.00,1935.00,3780.00,1935,1845,0.00,0.00,0,0,974160.00,76838960.00,77813120.00,76838960,974160
1669089461.296446,s2-eth1,9604870.00,121770.00,9726640.00,121770,9604870,1935.00,1845.00,3780.00,1845,1935,0.00,0.00,0,0,76838960.00,974160.00,77813120.00,974160,76838960
1669089461.296470,total,21967952.00,21918716.00,43886668.00,21918716,21967952,9244.00,9222.00,18466.00,9222,9244,0.00,0.00,0,0,175743616.00,175349728.00,351093344.00,175349728,175743616
1669089462.296782,lo,772.00,772.00,1544.00,772,772,6.00,6.00,12.00,6,6,0.00,0.00,0,0,6176.00,6176.00,12352.00,6176,6176
1669089462.296832,eth0,0.00,0.00,0.00,0,0,0.00,0.00,0.00,0,0,0.00,0.00,0,0,0.00,0.00,0.00,0,0
1669089462.296844,docker0,0.00,0.00,0.00,0,0,0.00,0.00,0.00,0,0,0.00,0.00,0,0,0.00,0.00,0.00,0,0
1669089462.296855,s1-eth1,43960.00,2032922.00,2076882.00,2032922,43960,666.00,701.00,1367.00,701,666,0.00,0.00,0,0,351680.00,16263376.00,16615056.00,16263376,351680
1669089462.296893,s2-eth2,62308.00,5677730.00,5740038.00,5677730,62308,944.00,1033.00,1977.00,1033,944,0.00,0.00,0,0,498464.00,45421840.00,45920304.00,45421840,498464
1669089462.296910,s2-eth3,65674.00,4396770.00,4462444.00,4396770,65674,995.00,997.00,1992.00,997,995,0.00,0.00,0,0,525392.00,35174160.00,35699552.00,35174160,525392
1669089462.296942,s1-eth3,12050158.00,171934.00,12222092.00,171934,12050158,2719.00,2605.00,5324.00,2605,2719,0.00,0.00,0,0,96401264.00,1375472.00,97776736.00,1375472,96401264
1669089462.296958,s1-eth2,127912.00,10077462.00,10205374.00,10077462,127912,1938.00,2031.00,3969.00,2031,1938,0.00,0.00,0,0,1023296.00,80619696.00,81642992.00,80619696,1023296
1669089462.296989,s2-eth1,10077462.00,127912.00,10205374.00,127912,10077462,2031.00,1938.00,3969.00,1938,2031,0.00,0.00,0,0,80619696.00,1023296.00,81642992.00,1023296,80619696
1669089462.297014,total,22428246.00,22485502.00,44913748.00,22485502,22428246,9299.00,9311.00,18610.00,9311,9299,0.00,0.00,0,0,179425968.00,179884016.00,359309984.00,179884016,179425968
1669089463.297330,lo,338.00,338.00,676.00,338,338,6.00,6.00,12.00,6,6,0.00,0.00,0,0,2704.00,2704.00,5408.00,2704,2704
1669089463.297378,eth0,206.00,208.00,414.00,208,206,3.00,3.00,6.00,3,3,0.00,0.00,0,0,1648.00,1664.00,3312.00,1664,1648
1669089463.297392,docker0,0.00,0.00,0.00,0,0,0.00,0.00,0.00,0,0,0.00,0.00,0,0,0.00,0.00,0.00,0,0
1669089463.297404,s1-eth1,46794.00,2167792.00,2214586.00,2167792,46794,709.00,748.00,1457.00,748,709,0.00,0.00,0,0,374352.00,17342336.00,17716688.00,17342336,374352
1669089463.297418,s2-eth2,60258.00,5474016.00,5534274.00,5474016,60258,913.00,996.00,1909.00,996,913,0.00,0.00,0,0,482064.00,43792128.00,44274192.00,43792128,482064
1669089463.297432,s2-eth3,66660.00,4485168.00,4551828.00,4485168,66660,1010.00,1020.00,2030.00,1020,1010,0.00,0.00,0,0,533280.00,35881344.00,36414624.00,35881344,533280
1669089463.297463,s1-eth3,12062142.00,173646.00,12235788.00,173646,12062142,2747.00,2631.00,5378.00,2631,2747,0.00,0.00,0,0,96497136.00,1389168.00,97886304.00,1389168,96497136
1669089463.297478,s1-eth2,126852.00,9953326.00,10080178.00,9953326,126852,1922.00,2015.00,3937.00,2015,1922,0.00,0.00,0,0,1014816.00,79626608.00,80641424.00,79626608,1014816
1669089463.297492,s2-eth1,9953326.00,126852.00,10080178.00,126852,9953326,2015.00,1922.00,3937.00,1922,2015,0.00,0.00,0,0,79626608.00,1014816.00,80641424.00,1014816,79626608
1669089463.297517,total,22316576.00,22381346.00,44697920.00,22381346,22316576,9325.00,9341.00,18666.00,9341,9325,0.00,0.00,0,0,178532608.00,179050768.00,357583360.00,179050768,178532608
1669089464.297796,lo,496.00,496.00,992.00,496,496,5.00,5.00,10.00,5,5,0.00,0.00,0,0,3968.00,3968.00,7936.00,3968,3968
1669089464.297880,eth0,98.00,40.00,138.00,40,98,1.00,1.00,2.00,1,1,0.00,0.00,0,0,784.00,320.00,1104.00,320,784
1669089464.297897,docker0,0.00,0.00,0.00,0,0,0.00,0.00,0.00,0,0,0.00,0.00,0,0,0.00,0.00,0.00,0,0
1669089464.297908,s1-eth1,59668.00,2763418.00,2823086.00,2763418,59668,904.00,953.00,1857.00,953,904,0.00,0.00,0,0,477344.00,22107344.00,22584688.00,22107344,477344
1669089464.297923,s2-eth2,61252.00,6499320.00,6560572.00,6499320,61252,928.00,932.00,1860.00,932,928,0.00,0.00,0,0,490016.00,51994560.00,52484576.00,51994560,490016
1669089464.297937,s2-eth3,56556.00,2686402.00,2742958.00,2686402,56556,848.00,905.00,1753.00,905,848,0.00,0.00,0,0,452448.00,21491216.00,21943664.00,21491216,452448
1669089464.297968,s1-eth3,12046230.00,177600.00,12223830.00,177600,12046230,2813.00,2682.00,5495.00,2682,2813,0.00,0.00,0,0,96369840.00,1420800.00,97790640.00,1420800,96369840
1669089464.297983,s1-eth2,117870.00,9194546.00,9312416.00,9194546,117870,1777.00,1839.00,3616.00,1839,1777,0.00,0.00,0,0,942960.00,73556368.00,74499328.00,73556368,942960
1669089464.297997,s2-eth1,9194546.00,117870.00,9312416.00,117870,9194546,1839.00,1777.00,3616.00,1777,1839,0.00,0.00,0,0,73556368.00,942960.00,74499328.00,942960,73556368
1669089464.298022,total,21536716.00,21439692.00,42976408.00,21439692,21536716,9115.00,9094.00,18209.00,9094,9115,0.00,0.00,0,0,172293728.00,171517536.00,343811264.00,171517536,172293728
1669089465.298317,lo,0.00,0.00,0.00,0,0,0.00,0.00,0.00,0,0,0.00,0.00,0,0,0.00,0.00,0.00,0,0
1669089465.298384,eth0,0.00,0.00,0.00,0,0,0.00,0.00,0.00,0,0,0.00,0.00,0,0,0.00,0.00,0.00,0,0
1669089465.298396,docker0,0.00,0.00,0.00,0,0,0.00,0.00,0.00,0,0,0.00,0.00,0,0,0.00,0.00,0.00,0,0
1669089465.298407,s1-eth1,62964.00,2910136.00,2973100.00,2910136,62964,954.00,1004.00,1958.00,1004,954,0.00,0.00,0,0,503712.00,23281088.00,23784800.00,23281088,503712
1669089465.298422,s2-eth2,57354.00,6378138.00,6435492.00,6378138,57354,869.00,873.00,1742.00,873,869,0.00,0.00,0,0,458832.00,51025104.00,51483936.00,51025104,458832
1669089465.298436,s2-eth3,61380.00,2830096.00,2891476.00,2830096,61380,930.00,976.00,1906.00,976,930,0.00,0.00,0,0,491040.00,22640768.00,23131808.00,22640768,491040
1669089465.298520,s1-eth3,12057946.00,181632.00,12239578.00,181632,12057946,2837.00,2752.00,5589.00,2752,2837,0.00,0.00,0,0,96463568.00,1453056.00,97916624.00,1453056,96463568
1669089465.298539,s1-eth2,118668.00,9205272.00,9323940.00,9205272,118668,1798.00,1848.00,3646.00,1848,1798,0.00,0.00,0,0,949344.00,73642176.00,74591520.00,73642176,949344
1669089465.298555,s2-eth1,9205272.00,118668.00,9323940.00,118668,9205272,1848.00,1798.00,3646.00,1798,1848,0.00,0.00,0,0,73642176.00,949344.00,74591520.00,949344,73642176
1669089465.298579,total,21563584.00,21623942.00,43187528.00,21623942,21563584,9236.00,9251.00,18487.00,9251,9236,0.00,0.00,0,0,172508672.00,172991536.00,345500224.00,172991536,172508672
1669089466.298860,lo,772.00,772.00,1544.00,772,772,6.00,6.00,12.00,6,6,0.00,0.00,0,0,6176.00,6176.00,12352.00,6176,6176
1669089466.298909,eth0,0.00,0.00,0.00,0,0,0.00,0.00,0.00,0,0,0.00,0.00,0,0,0.00,0.00,0.00,0,0
1669089466.298922,docker0,0.00,0.00,0.00,0,0,0.00,0.00,0.00,0,0,0.00,0.00,0,0,0.00,0.00,0.00,0,0
1669089466.298933,s1-eth1,56122.00,2495328.00,2551450.00,2495328,56122,839.00,884.00,1723.00,884,839,0.00,0.00,0,0,448976.00,19962624.00,20411600.00,19962624,448976
1669089466.298947,s2-eth2,62800.00,4994658.00,5057458.00,4994658,62800,940.00,973.00,1913.00,973,940,0.00,0.00,0,0,502400.00,39957264.00,40459664.00,39957264,502400
1669089466.298961,s2-eth3,69370.00,4307468.00,4376838.00,4307468,69370,1051.00,1048.00,2099.00,1048,1051,0.00,0.00,0,0,554960.00,34459744.00,35014704.00,34459744,554960
1669089466.298992,s1-eth3,12052574.00,187884.00,12240458.00,187884,12052574,2953.00,2824.00,5777.00,2824,2953,0.00,0.00,0,0,96420592.00,1503072.00,97923664.00,1503072,96420592
1669089466.299006,s1-eth2,131964.00,9302192.00,9434156.00,9302192,131964,1988.00,2022.00,4010.00,2022,1988,0.00,0.00,0,0,1055712.00,74417536.00,75473248.00,74417536,1055712
1669089466.299020,s2-eth1,9302192.00,131964.00,9434156.00,131964,9302192,2022.00,1988.00,4010.00,1988,2022,0.00,0.00,0,0,74417536.00,1055712.00,75473248.00,1055712,74417536
1669089466.299045,total,21675794.00,21420266.00,43096060.00,21420266,21675794,9799.00,9745.00,19544.00,9745,9799,0.00,0.00,0,0,173406352.00,171362128.00,344768480.00,171362128,173406352
1669089467.299324,lo,0.00,0.00,0.00,0,0,0.00,0.00,0.00,0,0,0.00,0.00,0,0,0.00,0.00,0.00,0,0
1669089467.299369,eth0,90.00,76.00,166.00,76,90,1.00,1.00,2.00,1,1,0.00,0.00,0,0,720.00,608.00,1328.00,608,720
1669089467.299383,docker0,0.00,0.00,0.00,0,0,0.00,0.00,0.00,0,0,0.00,0.00,0,0,0.00,0.00,0.00,0,0
1669089467.299394,s1-eth1,64416.00,4175816.00,4240232.00,4175816,64416,976.00,984.00,1960.00,984,976,0.00,0.00,0,0,515328.00,33406528.00,33921856.00,33406528,515328
1669089467.299411,s2-eth2,56166.00,3513388.00,3569554.00,3513388,56166,851.00,798.00,1649.00,798,851,0.00,0.00,0,0,449328.00,28107104.00,28556432.00,28107104,449328
1669089467.299425,s2-eth3,60258.00,3905676.00,3965934.00,3905676,60258,913.00,862.00,1775.00,862,913,0.00,0.00,0,0,482064.00,31245408.00,31727472.00,31245408,482064
1669089467.299462,s1-eth3,12061292.00,180576.00,12241868.00,180576,12061292,2778.00,2736.00,5514.00,2736,2778,0.00,0.00,0,0,96490336.00,1444608.00,97934944.00,1444608,96490336
1669089467.299478,s1-eth2,116292.00,7424922.00,7541214.00,7424922,116292,1762.00,1661.00,3423.00,1661,1762,0.00,0.00,0,0,930336.00,59399376.00,60329712.00,59399376,930336
1669089467.299493,s2-eth1,7424922.00,116292.00,7541214.00,116292,7424922,1661.00,1762.00,3423.00,1762,1661,0.00,0.00,0,0,59399376.00,930336.00,60329712.00,930336,59399376
1669089467.299516,total,19783436.00,19316746.00,39100184.00,19316746,19783436,8942.00,8804.00,17746.00,8804,8942,0.00,0.00,0,0,158267488.00,154533968.00,312801472.00,154533968,158267488
1669089468.299759,lo,1659.00,1659.00,3318.00,1659,1659,28.00,28.00,56.00,28,28,0.00,0.00,0,0,13272.00,13272.00,26544.00,13272,13272
1669089468.299806,eth0,1110.00,288.00,1398.00,288,1110,11.00,5.00,16.00,5,11,0.00,0.00,0,0,8880.00,2304.00,11184.00,2304,8880
1669089468.299834,docker0,0.00,0.00,0.00,0,0,0.00,0.00,0.00,0,0,0.00,0.00,0,0,0.00,0.00,0.00,0,0
1669089468.299844,total,18446744073709551616.00,18446744073709551616.00,18446744073709551616.00,18446744072375807208,18446744072382131520,18446744073708961792.00,18446744073708961792.00,18446744073708371968.00,18446744073708961747,18446744073708962410,0.00,0.00,0,0,147573952589676412928.00,147573952589676412928.00,147573952589676412928.00,18446744063039596352,18446744063090190848
