1669090025.540008,lo,0.00,0.00,0.00,0,0,0.00,0.00,0.00,0,0,0.00,0.00,0,0,0.00,0.00,0.00,0,0
1669090025.540062,eth0,0.00,0.00,0.00,0,0,0.00,0.00,0.00,0,0,0.00,0.00,0,0,0.00,0.00,0.00,0,0
1669090025.540074,docker0,0.00,0.00,0.00,0,0,0.00,0.00,0.00,0,0,0.00,0.00,0,0,0.00,0.00,0.00,0,0
1669090025.540087,s1-eth1,0.00,0.00,0.00,0,0,0.00,0.00,0.00,0,0,0.00,0.00,0,0,0.00,0.00,0.00,0,0
1669090025.540097,s2-eth2,0.00,0.00,0.00,0,0,0.00,0.00,0.00,0,0,0.00,0.00,0,0,0.00,0.00,0.00,0,0
1669090025.540106,s2-eth3,0.00,0.00,0.00,0,0,0.00,0.00,0.00,0,0,0.00,0.00,0,0,0.00,0.00,0.00,0,0
1669090025.540154,s1-eth3,0.00,0.00,0.00,0,0,0.00,0.00,0.00,0,0,0.00,0.00,0,0,0.00,0.00,0.00,0,0
1669090025.540166,s1-eth2,0.00,0.00,0.00,0,0,0.00,0.00,0.00,0,0,0.00,0.00,0,0,0.00,0.00,0.00,0,0
1669090025.540175,s2-eth1,0.00,0.00,0.00,0,0,0.00,0.00,0.00,0,0,0.00,0.00,0,0,0.00,0.00,0.00,0,0
1669090025.540201,total,0.00,0.00,0.00,0,0,0.00,0.00,0.00,0,0,0.00,0.00,0,0,0.00,0.00,0.00,0,0
1669090026.540470,lo,4192.00,4192.00,8384.00,4192,4192,29.00,29.00,58.00,29,29,0.00,0.00,0,0,33536.00,33536.00,67072.00,33536,33536
1669090026.540520,eth0,0.00,0.00,0.00,0,0,0.00,0.00,0.00,0,0,0.00,0.00,0,0,0.00,0.00,0.00,0,0
1669090026.540532,docker0,0.00,0.00,0.00,0,0,0.00,0.00,0.00,0,0,0.00,0.00,0,0,0.00,0.00,0.00,0,0
1669090026.540545,s1-eth1,83170.00,6721530.00,6804700.00,6721530,83170,985.00,1205.00,2190.00,1205,985,0.00,0.00,0,0,665360.00,53772240.00,54437600.00,53772240,665360
1669090026.540559,s2-eth2,51000.00,3588320.00,3639320.00,3588320,51000,626.00,836.00,1462.00,836,626,0.00,0.00,0,0,408000.00,28706560.00,29114560.00,28706560,408000
1669090026.540573,s2-eth3,42686.00,2704398.00,2747084.00,2704398,42686,515.00,695.00,1210.00,695,515,0.00,0.00,0,0,341488.00,21635184.00,21976672.00,21635184,341488
1669090026.540602,s1-eth3,12045608.00,175466.00,12221074.00,175466,12045608,2560.00,2111.00,4671.00,2111,2560,0.00,0.00,0,0,96364864.00,1403728.00,97768592.00,1403728,96364864
1669090026.540617,s1-eth2,93184.00,6288398.00,6381582.00,6288398,93184,1136.00,1531.00,2667.00,1531,1136,0.00,0.00,0,0,745472.00,50307184.00,51052656.00,50307184,745472
1669090026.540636,s2-eth1,6288398.00,93184.00,6381582.00,93184,6288398,1531.00,1136.00,2667.00,1136,1531,0.00,0.00,0,0,50307184.00,745472.00,51052656.00,745472,50307184
1669090026.540660,total,18608238.00,19575488.00,38183728.00,19575488,18608238,7382.00,7543.00,14925.00,7543,7382,0.00,0.00,0,0,148865904.00,156603904.00,305469824.00,156603904,148865904
1669090027.540934,lo,897.00,897.00,1794.00,897,897,8.00,8.00,16.00,8,8,0.00,0.00,0,0,7176.00,7176.00,14352.00,7176,7176
1669090027.540983,eth0,5344.00,5607.00,10951.00,5607,5344,13.00,11.00,24.00,11,13,0.00,0.00,0,0,42752.00,44856.00,87608.00,44856,42752
1669090027.540997,docker0,0.00,0.00,0.00,0,0,0.00,0.00,0.00,0,0,0.00,0.00,0,0,0.00,0.00,0.00,0,0
1669090027.541008,s1-eth1,58674.00,5301172.00,5359846.00,5301172,58674,889.00,966.00,1855.00,966,889,0.00,0.00,0,0,469392.00,42409376.00,42878768.00,42409376,469392
1669090027.541022,s2-eth2,63558.00,4277898.00,4341456.00,4277898,63558,963.00,973.00,1936.00,973,963,0.00,0.00,0,0,508464.00,34223184.00,34731648.00,34223184,508464
1669090027.541035,s2-eth3,55440.00,2578194.00,2633634.00,2578194,55440,840.00,889.00,1729.00,889,840,0.00,0.00,0,0,443520.00,20625552.00,21069072.00,20625552,443520
1669090027.541096,s1-eth3,12063206.00,177606.00,12240812.00,177606,12063206,2807.00,2691.00,5498.00,2691,2807,0.00,0.00,0,0,96505648.00,1420848.00,97926496.00,1420848,96505648
1669090027.541113,s1-eth2,118866.00,6856092.00,6974958.00,6856092,118866,1801.00,1862.00,3663.00,1862,1801,0.00,0.00,0,0,950928.00,54848736.00,55799664.00,54848736,950928
1669090027.541127,s2-eth1,6856092.00,118866.00,6974958.00,118866,6856092,1862.00,1801.00,3663.00,1801,1862,0.00,0.00,0,0,54848736.00,950928.00,55799664.00,950928,54848736
1669090027.541151,total,19222076.00,19316332.00,38538408.00,19316332,19222077,9183.00,9201.00,18384.00,9201,9183,0.00,0.00,0,0,153776608.00,154530656.00,308307264.00,154530656,153776616
1669090028.541456,lo,341.00,341.00,682.00,341,341,6.00,6.00,12.00,6,6,0.00,0.00,0,0,2728.00,2728.00,5456.00,2728,2728
1669090028.541552,eth0,345.00,815.00,1160.00,815,345,5.00,6.00,11.00,6,5,0.00,0.00,0,0,2760.00,6520.00,9280.00,6520,2760
1669090028.541571,docker0,0.00,0.00,0.00,0,0,0.00,0.00,0.00,0,0,0.00,0.00,0,0,0.00,0.00,0.00,0,0
1669090028.541582,s1-eth1,57090.00,5137544.00,5194634.00,5137544,57090,865.00,944.00,1809.00,944,865,0.00,0.00,0,0,456720.00,41100352.00,41557072.00,41100352,456720
1669090028.541595,s2-eth2,62304.00,4198320.00,4260624.00,4198320,62304,944.00,952.00,1896.00,952,944,0.00,0.00,0,0,498432.00,33586560.00,34084992.00,33586560,498432
1669090028.541608,s2-eth3,59400.00,2782704.00,2842104.00,2782704,59400,900.00,960.00,1860.00,960,900,0.00,0.00,0,0,475200.00,22261632.00,22736832.00,22261632,475200
1669090028.541638,s1-eth3,12039254.00,178926.00,12218180.00,178926,12039254,2839.00,2711.00,5550.00,2711,2839,0.00,0.00,0,0,96314032.00,1431408.00,97745440.00,1431408,96314032
1669090028.541652,s1-eth2,121836.00,6981024.00,7102860.00,6981024,121836,1846.00,1912.00,3758.00,1912,1846,0.00,0.00,0,0,974688.00,55848192.00,56822880.00,55848192,974688
1669090028.541666,s2-eth1,6981024.00,121836.00,7102860.00,121836,6981024,1912.00,1846.00,3758.00,1846,1912,0.00,0.00,0,0,55848192.00,974688.00,56822880.00,974688,55848192
1669090028.541730,total,19321594.00,19401510.00,38723104.00,19401510,19321594,9317.00,9337.00,18654.00,9337,9317,0.00,0.00,0,0,154572752.00,155212080.00,309784832.00,155212080,154572752
1669090029.542006,lo,1656.00,1656.00,3312.00,1656,1656,14.00,14.00,28.00,14,14,0.00,0.00,0,0,13248.00,13248.00,26496.00,13248,13248
1669090029.542054,eth0,98.00,40.00,138.00,40,98,1.00,1.00,2.00,1,1,0.00,0.00,0,0,784.00,320.00,1104.00,320,784
1669090029.542067,docker0,0.00,0.00,0.00,0,0,0.00,0.00,0.00,0,0,0.00,0.00,0,0,0.00,0.00,0.00,0,0
1669090029.542078,s1-eth1,55378.00,5043424.00,5098802.00,5043424,55378,839.00,922.00,1761.00,922,839,0.00,0.00,0,0,443024.00,40347392.00,40790416.00,40347392,443024
1669090029.542092,s2-eth2,62180.00,4163040.00,4225220.00,4163040,62180,942.00,944.00,1886.00,944,942,0.00,0.00,0,0,497440.00,33304320.00,33801760.00,33304320,497440
1669090029.542108,s2-eth3,63632.00,2939826.00,3003458.00,2939826,63632,964.00,1015.00,1979.00,1015,964,0.00,0.00,0,0,509056.00,23518608.00,24027664.00,23518608,509056
1669090029.542140,s1-eth3,12067896.00,180708.00,12248604.00,180708,12067896,2856.00,2738.00,5594.00,2738,2856,0.00,0.00,0,0,96543168.00,1445664.00,97988832.00,1445664,96543168
1669090029.542154,s1-eth2,125470.00,7099904.00,7225374.00,7099904,125470,1901.00,1958.00,3859.00,1958,1901,0.00,0.00,0,0,1003760.00,56799232.00,57802992.00,56799232,1003760
1669090029.542168,s2-eth1,7099904.00,125470.00,7225374.00,125470,7099904,1958.00,1901.00,3859.00,1901,1958,0.00,0.00,0,0,56799232.00,1003760.00,57802992.00,1003760,56799232
1669090029.542192,total,19476214.00,19554068.00,39030280.00,19554068,19476214,9475.00,9493.00,18968.00,9493,9475,0.00,0.00,0,0,155809712.00,156432544.00,312242240.00,156432544,155809712
1669090030.542456,lo,12472.00,12472.00,24944.00,12472,12472,91.00,91.00,182.00,91,91,0.00,0.00,0,0,99776.00,99776.00,199552.00,99776,99776
1669090030.542504,eth0,0.00,0.00,0.00,0,0,0.00,0.00,0.00,0,0,0.00,0.00,0,0,0.00,0.00,0.00,0,0
1669090030.542516,docker0,0.00,0.00,0.00,0,0,0.00,0.00,0.00,0,0,0.00,0.00,0,0,0.00,0.00,0.00,0,0
1669090030.542545,s1-eth1,69202.00,4972292.00,5041494.00,4972292,69202,1049.00,1074.00,2123.00,1074,1049,0.00,0.00,0,0,553616.00,39778336.00,40331952.00,39778336,553616
1669090030.542559,s2-eth2,62112.00,4150006.00,4212118.00,4150006,62112,942.00,945.00,1887.00,945,942,0.00,0.00,0,0,496896.00,33200048.00,33696944.00,33200048,496896
1669090030.542573,s2-eth3,65214.00,3009522.00,3074736.00,3009522,65214,989.00,1041.00,2030.00,1041,989,0.00,0.00,0,0,521712.00,24076176.00,24597888.00,24076176,521712
1669090030.542610,s1-eth3,12069110.00,195778.00,12264888.00,195778,12069110,3029.00,2967.00,5996.00,2967,3029,0.00,0.00,0,0,96552880.00,1566224.00,98119104.00,1566224,96552880
1669090030.542625,s1-eth2,127094.00,7163924.00,7291018.00,7163924,127094,1927.00,1986.00,3913.00,1986,1927,0.00,0.00,0,0,1016752.00,57311392.00,58328144.00,57311392,1016752
1669090030.542654,s2-eth1,7163924.00,127094.00,7291018.00,127094,7163924,1986.00,1927.00,3913.00,1927,1986,0.00,0.00,0,0,57311392.00,1016752.00,58328144.00,1016752,57311392
1669090030.542721,total,19569128.00,19631088.00,39200216.00,19631088,19569128,10013.00,10031.00,20044.00,10031,10013,0.00,0.00,0,0,156553024.00,157048704.00,313601728.00,157048704,156553024
1669090031.543005,lo,0.00,0.00,0.00,0,0,0.00,0.00,0.00,0,0,0.00,0.00,0,0,0.00,0.00,0.00,0,0
1669090031.543050,eth0,0.00,0.00,0.00,0,0,0.00,0.00,0.00,0,0,0.00,0.00,0,0,0.00,0.00,0.00,0,0
1669090031.543062,docker0,0.00,0.00,0.00,0,0,0.00,0.00,0.00,0,0,0.00,0.00,0,0,0.00,0.00,0.00,0,0
1669090031.543073,s1-eth1,46962.00,1949400.00,1996362.00,1949400,46962,687.00,708.00,1395.00,708,687,0.00,0.00,0,0,375696.00,15595200.00,15970896.00,15595200,375696
1669090031.543087,s2-eth2,66660.00,5705774.00,5772434.00,5705774,66660,1010.00,1063.00,2073.00,1063,1010,0.00,0.00,0,0,533280.00,45646192.00,46179472.00,45646192,533280
1669090031.543102,s2-eth3,67650.00,4243286.00,4310936.00,4243286,67650,1025.00,1019.00,2044.00,1019,1025,0.00,0.00,0,0,541200.00,33946288.00,34487488.00,33946288,541200
1669090031.543132,s1-eth3,12064794.00,181206.00,12246000.00,181206,12064794,2853.00,2721.00,5574.00,2721,2853,0.00,0.00,0,0,96518352.00,1449648.00,97968000.00,1449648,96518352
1669090031.543146,s1-eth2,134310.00,9937344.00,10071654.00,9937344,134310,2035.00,2080.00,4115.00,2080,2035,0.00,0.00,0,0,1074480.00,79498752.00,80573232.00,79498752,1074480
1669090031.543160,s2-eth1,9937344.00,134310.00,10071654.00,134310,9937344,2080.00,2035.00,4115.00,2035,2080,0.00,0.00,0,0,79498752.00,1074480.00,80573232.00,1074480,79498752
1669090031.543183,total,22317720.00,22151320.00,44469040.00,22151320,22317720,9690.00,9626.00,19316.00,9626,9690,0.00,0.00,0,0,178541760.00,177210560.00,355752320.00,177210560,178541760
1669090032.543522,lo,0.00,0.00,0.00,0,0,0.00,0.00,0.00,0,0,0.00,0.00,0,0,0.00,0.00,0.00,0,0
1669090032.543604,eth0,0.00,0.00,0.00,0,0,0.00,0.00,0.00,0,0,0.00,0.00,0,0,0.00,0.00,0.00,0,0
1669090032.543617,docker0,0.00,0.00,0.00,0,0,0.00,0.00,0.00,0,0,0.00,0.00,0,0,0.00,0.00,0.00,0,0
1669090032.543627,s1-eth1,47256.00,2197412.00,2244668.00,2197412,47256,716.00,758.00,1474.00,758,716,0.00,0.00,0,0,378048.00,17579296.00,17957344.00,17579296,378048
1669090032.543648,s2-eth2,62502.00,5685102.00,5747604.00,5685102,62502,947.00,1035.00,1982.00,1035,947,0.00,0.00,0,0,500016.00,45480816.00,45980832.00,45480816,500016
1669090032.543663,s2-eth3,63294.00,4255716.00,4319010.00,4255716,63294,959.00,966.00,1925.00,966,959,0.00,0.00,0,0,506352.00,34045728.00,34552080.00,34045728,506352
1669090032.543718,s1-eth3,12063128.00,173118.00,12236246.00,173118,12063128,2740.00,2623.00,5363.00,2623,2740,0.00,0.00,0,0,96505024.00,1384944.00,97889968.00,1384944,96505024
1669090032.543735,s1-eth2,125796.00,9949638.00,10075434.00,9949638,125796,1906.00,2003.00,3909.00,2003,1906,0.00,0.00,0,0,1006368.00,79597104.00,80603472.00,79597104,1006368
1669090032.543749,s2-eth1,9949638.00,125796.00,10075434.00,125796,9949638,2003.00,1906.00,3909.00,1906,2003,0.00,0.00,0,0,79597104.00,1006368.00,80603472.00,1006368,79597104
1669090032.543773,total,22311614.00,22386782.00,44698396.00,22386782,22311614,9271.00,9291.00,18562.00,9291,9271,0.00,0.00,0,0,178492912.00,179094256.00,357587168.00,179094256,178492912
1669090033.544048,lo,338.00,338.00,676.00,338,338,6.00,6.00,12.00,6,6,0.00,0.00,0,0,2704.00,2704.00,5408.00,2704,2704
1669090033.544094,eth0,296.00,284.00,580.00,284,296,4.00,4.00,8.00,4,4,0.00,0.00,0,0,2368.00,2272.00,4640.00,2272,2368
1669090033.544109,docker0,0.00,0.00,0.00,0,0,0.00,0.00,0.00,0,0,0.00,0.00,0,0,0.00,0.00,0.00,0,0
1669090033.544167,s1-eth1,51678.00,2397446.00,2449124.00,2397446,51678,783.00,827.00,1610.00,827,783,0.00,0.00,0,0,413424.00,19179568.00,19592992.00,19179568,413424
1669090033.544186,s2-eth2,59598.00,5437354.00,5496952.00,5437354,59598,903.00,989.00,1892.00,989,903,0.00,0.00,0,0,476784.00,43498832.00,43975616.00,43498832,476784
1669090033.544215,s2-eth3,64020.00,4299816.00,4363836.00,4299816,64020,970.00,976.00,1946.00,976,970,0.00,0.00,0,0,512160.00,34398528.00,34910688.00,34398528,512160
1669090033.544247,s1-eth3,12061094.00,175296.00,12236390.00,175296,12061094,2775.00,2656.00,5431.00,2656,2775,0.00,0.00,0,0,96488752.00,1402368.00,97891120.00,1402368,96488752
1669090033.544262,s1-eth2,123618.00,9738618.00,9862236.00,9738618,123618,1873.00,1965.00,3838.00,1965,1873,0.00,0.00,0,0,988944.00,77908944.00,78897888.00,77908944,988944
1669090033.544275,s2-eth1,9738618.00,123618.00,9862236.00,123618,9738618,1965.00,1873.00,3838.00,1873,1965,0.00,0.00,0,0,77908944.00,988944.00,78897888.00,988944,77908944
1669090033.544303,total,22099260.00,22172770.00,44272032.00,22172770,22099260,9279.00,9296.00,18575.00,9296,9279,0.00,0.00,0,0,176794080.00,177382160.00,354176256.00,177382160,176794080
1669090034.544605,lo,110.00,110.00,220.00,110,110,2.00,2.00,4.00,2,2,0.00,0.00,0,0,880.00,880.00,1760.00,880,880
1669090034.544686,eth0,98.00,40.00,138.00,40,98,1.00,1.00,2.00,1,1,0.00,0.00,0,0,784.00,320.00,1104.00,320,784
1669090034.544702,docker0,0.00,0.00,0.00,0,0,0.00,0.00,0.00,0,0,0.00,0.00,0,0,0.00,0.00,0.00,0,0
1669090034.544713,s1-eth1,54516.00,2524878.00,2579394.00,2524878,54516,826.00,871.00,1697.00,871,826,0.00,0.00,0,0,436128.00,20199024.00,20635152.00,20199024,436128
1669090034.544727,s2-eth2,59400.00,5413922.00,5473322.00,5413922,59400,900.00,985.00,1885.00,985,900,0.00,0.00,0,0,475200.00,43311376.00,43786576.00,43311376,475200
1669090034.544740,s2-eth3,62370.00,4189632.00,4252002.00,4189632,62370,945.00,952.00,1897.00,952,945,0.00,0.00,0,0,498960.00,33517056.00,34016016.00,33517056,498960
1669090034.544770,s1-eth3,12062084.00,176154.00,12238238.00,176154,12062084,2790.00,2669.00,5459.00,2669,2790,0.00,0.00,0,0,96496672.00,1409232.00,97905904.00,1409232,96496672
1669090034.544784,s1-eth2,121704.00,9602106.00,9723810.00,9602106,121704,1844.00,1937.00,3781.00,1937,1844,0.00,0.00,0,0,973632.00,76816848.00,77790480.00,76816848,973632
1669090034.544798,s2-eth1,9602106.00,121704.00,9723810.00,121704,9602106,1937.00,1844.00,3781.00,1844,1937,0.00,0.00,0,0,76816848.00,973632.00,77790480.00,973632,76816848
1669090034.544847,total,21962388.00,22028546.00,43990936.00,22028546,21962388,9245.00,9261.00,18506.00,9261,9245,0.00,0.00,0,0,175699104.00,176228368.00,351927488.00,176228368,175699104
1669090035.545069,lo,344.00,344.00,688.00,344,344,6.00,6.00,12.00,6,6,0.00,0.00,0,0,2752.00,2752.00,5504.00,2752,2752
1669090035.545131,eth0,0.00,0.00,0.00,0,0,0.00,0.00,0.00,0,0,0.00,0.00,0,0,0.00,0.00,0.00,0,0
1669090035.545143,docker0,0.00,0.00,0.00,0,0,0.00,0.00,0.00,0,0,0.00,0.00,0,0,0.00,0.00,0.00,0,0
1669090035.545155,s1-eth1,61842.00,2861230.00,2923072.00,2861230,61842,937.00,987.00,1924.00,987,937,0.00,0.00,0,0,494736.00,22889840.00,23384576.00,22889840,494736
1669090035.545169,s2-eth2,58722.00,4531232.00,4589954.00,4531232,58722,873.00,972.00,1845.00,972,873,0.00,0.00,0,0,469776.00,36249856.00,36719632.00,36249856,469776
1669090035.545183,s2-eth3,64944.00,4547886.00,4612830.00,4547886,64944,984.00,983.00,1967.00,983,984,0.00,0.00,0,0,519552.00,36383088.00,36902640.00,36383088,519552
1669090035.545212,s1-eth3,12070668.00,185574.00,12256242.00,185574,12070668,2942.00,2795.00,5737.00,2795,2942,0.00,0.00,0,0,96565344.00,1484592.00,98049936.00,1484592,96565344
1669090035.545227,s1-eth2,123666.00,9077538.00,9201204.00,9077538,123666,1857.00,1953.00,3810.00,1953,1857,0.00,0.00,0,0,989328.00,72620304.00,73609632.00,72620304,989328
1669090035.545251,s2-eth1,9077538.00,123666.00,9201204.00,123666,9077538,1953.00,1857.00,3810.00,1857,1953,0.00,0.00,0,0,72620304.00,989328.00,73609632.00,989328,72620304
1669090035.545283,total,21457724.00,21327470.00,42785192.00,21327470,21457724,9552.00,9553.00,19105.00,9553,9552,0.00,0.00,0,0,171661792.00,170619760.00,342281536.00,170619760,171661792
1669090036.545575,lo,0.00,0.00,0.00,0,0,0.00,0.00,0.00,0,0,0.00,0.00,0,0,0.00,0.00,0.00,0,0
1669090036.545620,eth0,0.00,0.00,0.00,0,0,0.00,0.00,0.00,0,0,0.00,0.00,0,0,0.00,0.00,0.00,0,0
1669090036.545650,docker0,0.00,0.00,0.00,0,0,0.00,0.00,0.00,0,0,0.00,0.00,0,0,0.00,0.00,0.00,0,0
1669090036.545662,s1-eth1,66408.00,2950358.00,3016766.00,2950358,66408,994.00,1043.00,2037.00,1043,994,0.00,0.00,0,0,531264.00,23602864.00,24134128.00,23602864,531264
1669090036.545676,s2-eth2,71082.00,3513246.00,3584328.00,3513246,71082,1077.00,1103.00,2180.00,1103,1077,0.00,0.00,0,0,568656.00,28105968.00,28674624.00,28105968,568656
1669090036.545690,s2-eth3,60984.00,5563400.00,5624384.00,5563400,60984,924.00,1012.00,1936.00,1012,924,0.00,0.00,0,0,487872.00,44507200.00,44995072.00,44507200,487872
1669090036.545719,s1-eth3,12064726.00,198606.00,12263332.00,198606,12064726,3203.00,2997.00,6200.00,2997,3203,0.00,0.00,0,0,96517808.00,1588848.00,98106656.00,1588848,96517808
1669090036.545733,s1-eth2,132132.00,9072368.00,9204500.00,9072368,132132,2002.00,2116.00,4118.00,2116,2002,0.00,0.00,0,0,1057056.00,72578944.00,73636000.00,72578944,1057056
1669090036.545746,s2-eth1,9072368.00,132132.00,9204500.00,132132,9072368,2116.00,2002.00,4118.00,2002,2116,0.00,0.00,0,0,72578944.00,1057056.00,73636000.00,1057056,72578944
1669090036.545770,total,21467700.00,21430110.00,42897808.00,21430110,21467700,10316.00,10273.00,20589.00,10273,10316,0.00,0.00,0,0,171741600.00,171440880.00,343182464.00,171440880,171741600
1669090037.546101,lo,1544.00,1544.00,3088.00,1544,1544,12.00,12.00,24.00,12,12,0.00,0.00,0,0,12352.00,12352.00,24704.00,12352,12352
1669090037.546151,eth0,0.00,0.00,0.00,0,0,0.00,0.00,0.00,0,0,0.00,0.00,0,0,0.00,0.00,0.00,0,0
1669090037.546163,docker0,0.00,0.00,0.00,0,0,0.00,0.00,0.00,0,0,0.00,0.00,0,0,0.00,0.00,0.00,0,0
1669090037.546174,s1-eth1,48250.00,2237502.00,2285752.00,2237502,48250,731.00,773.00,1504.00,773,731,0.00,0.00,0,0,386000.00,17900016.00,18286016.00,17900016,386000
1669090037.546187,s2-eth2,59342.00,3982362.00,4041704.00,3982362,59342,899.00,905.00,1804.00,905,899,0.00,0.00,0,0,474736.00,31858896.00,32333632.00,31858896,474736
1669090037.546201,s2-eth3,65018.00,5918176.00,5983194.00,5918176,65018,985.00,1078.00,2063.00,1078,985,0.00,0.00,0,0,520144.00,47345408.00,47865552.00,47345408,520144
1669090037.546261,s1-eth3,12061424.00,172128.00,12233552.00,172128,12061424,2736.00,2608.00,5344.00,2608,2736,0.00,0.00,0,0,96491392.00,1377024.00,97868416.00,1377024,96491392
1669090037.546278,s1-eth2,124084.00,9906396.00,10030480.00,9906396,124084,1880.00,1984.00,3864.00,1984,1880,0.00,0.00,0,0,992672.00,79251168.00,80243840.00,79251168,992672
1669090037.546291,s2-eth1,9906396.00,124084.00,10030480.00,124084,9906396,1984.00,1880.00,3864.00,1880,1984,0.00,0.00,0,0,79251168.00,992672.00,80243840.00,992672,79251168
1669090037.546329,total,22266058.00,22342192.00,44608248.00,22342192,22266058,9227.00,9240.00,18467.00,9240,9227,0.00,0.00,0,0,178128464.00,178737536.00,356865984.00,178737536,178128464
1669090038.546645,lo,2268.00,2268.00,4536.00,2268,2268,21.00,21.00,42.00,21,21,0.00,0.00,0,0,18144.00,18144.00,36288.00,18144,18144
1669090038.546694,eth0,248.00,236.00,484.00,236,248,4.00,4.00,8.00,4,4,0.00,0.00,0,0,1984.00,1888.00,3872.00,1888,1984
1669090038.546708,docker0,0.00,0.00,0.00,0,0,0.00,0.00,0.00,0,0,0.00,0.00,0,0,0.00,0.00,0.00,0,0
1669090038.546737,s1-eth1,52420.00,2421142.00,2473562.00,2421142,52420,794.00,835.00,1629.00,835,794,0.00,0.00,0,0,419360.00,19369136.00,19788496.00,19369136,419360
1669090038.546751,s2-eth2,58484.00,3929380.00,3987864.00,3929380,58484,886.00,892.00,1778.00,892,886,0.00,0.00,0,0,467872.00,31435040.00,31902912.00,31435040,467872
1669090038.546765,s2-eth3,63566.00,5778830.00,5842396.00,5778830,63566,963.00,1051.00,2014.00,1051,963,0.00,0.00,0,0,508528.00,46230640.00,46739168.00,46230640,508528
1669090038.546795,s1-eth3,12060248.00,173914.00,12234162.00,173914,12060248,2762.00,2635.00,5397.00,2635,2762,0.00,0.00,0,0,96481984.00,1391312.00,97873296.00,1391312,96481984
1669090038.546810,s1-eth2,121840.00,9702422.00,9824262.00,9702422,121840,1846.00,1943.00,3789.00,1943,1846,0.00,0.00,0,0,974720.00,77619376.00,78594096.00,77619376,974720
1669090038.546823,s2-eth1,9702422.00,121840.00,9824262.00,121840,9702422,1943.00,1846.00,3789.00,1846,1943,0.00,0.00,0,0,77619376.00,974720.00,78594096.00,974720,77619376
1669090038.546864,total,22061496.00,22130032.00,44191528.00,22130032,22061496,9219.00,9227.00,18446.00,9227,9219,0.00,0.00,0,0,176491968.00,177040256.00,353532224.00,177040256,176491968
1669090039.547278,lo,496.00,496.00,992.00,496,496,5.00,5.00,10.00,5,5,0.00,0.00,0,0,3968.00,3968.00,7936.00,3968,3968
1669090039.547329,eth0,98.00,40.00,138.00,40,98,1.00,1.00,2.00,1,1,0.00,0.00,0,0,784.00,320.00,1104.00,320,784
1669090039.547344,docker0,0.00,0.00,0.00,0,0,0.00,0.00,0.00,0,0,0.00,0.00,0,0,0.00,0.00,0.00,0,0
1669090039.547354,s1-eth1,55056.00,2545612.00,2600668.00,2545612,55056,834.00,878.00,1712.00,878,834,0.00,0.00,0,0,440448.00,20364896.00,20805344.00,20364896,440448
1669090039.547368,s2-eth2,59008.00,3955770.00,4014778.00,3955770,59008,894.00,897.00,1791.00,897,894,0.00,0.00,0,0,472064.00,31646160.00,32118224.00,31646160,472064
1669090039.547382,s2-eth3,61912.00,5625008.00,5686920.00,5625008,61912,938.00,1024.00,1962.00,1024,938,0.00,0.00,0,0,495296.00,45000064.00,45495360.00,45000064,495296
1669090039.547448,s1-eth3,12061622.00,175836.00,12237458.00,175836,12061622,2783.00,2664.00,5447.00,2664,2783,0.00,0.00,0,0,96492976.00,1406688.00,97899664.00,1406688,96492976
1669090039.547464,s1-eth2,120916.00,9586636.00,9707552.00,9586636,120916,1832.00,1922.00,3754.00,1922,1832,0.00,0.00,0,0,967328.00,76693088.00,77660416.00,76693088,967328
1669090039.547478,s2-eth1,9586636.00,120916.00,9707552.00,120916,9586636,1922.00,1832.00,3754.00,1832,1922,0.00,0.00,0,0,76693088.00,967328.00,77660416.00,967328,76693088
1669090039.547501,total,21945744.00,22010314.00,43956056.00,22010314,21945744,9209.00,9223.00,18432.00,9223,9209,0.00,0.00,0,0,175565952.00,176082512.00,351648448.00,176082512,175565952
1669090040.547780,lo,0.00,0.00,0.00,0,0,0.00,0.00,0.00,0,0,0.00,0.00,0,0,0.00,0.00,0.00,0,0
1669090040.547829,eth0,0.00,0.00,0.00,0,0,0.00,0.00,0.00,0,0,0.00,0.00,0,0,0.00,0.00,0.00,0,0
1669090040.547841,docker0,0.00,0.00,0.00,0,0,0.00,0.00,0.00,0,0,0.00,0.00,0,0,0.00,0.00,0.00,0,0
1669090040.547852,s1-eth1,39684.00,1569080.00,1608764.00,1569080,39684,580.00,584.00,1164.00,584,580,0.00,0.00,0,0,317472.00,12552640.00,12870112.00,12552640,317472
1669090040.547874,s2-eth2,63888.00,4290996.00,4354884.00,4290996,63888,968.00,974.00,1942.00,974,968,0.00,0.00,0,0,511104.00,34327968.00,34839072.00,34327968,511104
1669090040.547888,s2-eth3,61842.00,6106788.00,6168630.00,6106788,61842,937.00,974.00,1911.00,974,937,0.00,0.00,0,0,494736.00,48854304.00,49349040.00,48854304,494736
1669090040.547918,s1-eth3,12055728.00,165480.00,12221208.00,165480,12055728,2584.00,2486.00,5070.00,2486,2584,0.00,0.00,0,0,96445824.00,1323840.00,97769664.00,1323840,96445824
1669090040.547933,s1-eth2,125664.00,10396336.00,10522000.00,10396336,125664,1904.00,1948.00,3852.00,1948,1904,0.00,0.00,0,0,1005312.00,83170688.00,84176000.00,83170688,1005312
1669090040.547947,s2-eth1,10396336.00,125664.00,10522000.00,125664,10396336,1948.00,1904.00,3852.00,1904,1948,0.00,0.00,0,0,83170688.00,1005312.00,84176000.00,1005312,83170688
1669090040.547970,total,22743142.00,22654344.00,45397488.00,22654344,22743142,8921.00,8870.00,17791.00,8870,8921,0.00,0.00,0,0,181945136.00,181234752.00,363179904.00,181234752,181945136
1669090041.548257,lo,0.00,0.00,0.00,0,0,0.00,0.00,0.00,0,0,0.00,0.00,0,0,0.00,0.00,0.00,0,0
1669090041.548303,eth0,0.00,0.00,0.00,0,0,0.00,0.00,0.00,0,0,0.00,0.00,0,0,0.00,0.00,0.00,0,0
1669090041.548315,docker0,0.00,0.00,0.00,0,0,0.00,0.00,0.00,0,0,0.00,0.00,0,0,0.00,0.00,0.00,0,0
1669090041.548340,s1-eth1,22110.00,1035714.00,1057824.00,1035714,22110,335.00,357.00,692.00,357,335,0.00,0.00,0,0,176880.00,8285712.00,8462592.00,8285712,176880
1669090041.548355,s2-eth2,70224.00,4705536.00,4775760.00,4705536,70224,1064.00,1068.00,2132.00,1068,1064,0.00,0.00,0,0,561792.00,37644288.00,38206080.00,37644288,561792
1669090041.548369,s2-eth3,57024.00,6341740.00,6398764.00,6341740,57024,864.00,870.00,1734.00,870,864,0.00,0.00,0,0,456192.00,50733920.00,51190112.00,50733920,456192
1669090041.548399,s1-eth3,12022830.00,149424.00,12172254.00,149424,12022830,2283.00,2264.00,4547.00,2264,2283,0.00,0.00,0,0,96182640.00,1195392.00,97378032.00,1195392,96182640
1669090041.548427,s1-eth2,127380.00,11045762.00,11173142.00,11045762,127380,1930.00,1937.00,3867.00,1937,1930,0.00,0.00,0,0,1019040.00,88366096.00,89385136.00,88366096,1019040
1669090041.548441,s2-eth1,11045762.00,127380.00,11173142.00,127380,11045762,1937.00,1930.00,3867.00,1930,1937,0.00,0.00,0,0,88366096.00,1019040.00,89385136.00,1019040,88366096
1669090041.548464,total,23345330.00,23405556.00,46750888.00,23405556,23345330,8413.00,8426.00,16839.00,8426,8413,0.00,0.00,0,0,186762640.00,187244448.00,374007104.00,187244448,186762640
1669090042.548754,lo,0.00,0.00,0.00,0,0,0.00,0.00,0.00,0,0,0.00,0.00,0,0,0.00,0.00,0.00,0,0
1669090042.548801,eth0,0.00,0.00,0.00,0,0,0.00,0.00,0.00,0,0,0.00,0.00,0,0,0.00,0.00,0.00,0,0
1669090042.548813,docker0,0.00,0.00,0.00,0,0,0.00,0.00,0.00,0,0,0.00,0.00,0,0,0.00,0.00,0.00,0,0
1669090042.548824,s1-eth1,27060.00,1260958.00,1288018.00,1260958,27060,410.00,435.00,845.00,435,410,0.00,0.00,0,0,216480.00,10087664.00,10304144.00,10087664,216480
1669090042.548838,s2-eth2,68244.00,4590942.00,4659186.00,4590942,68244,1034.00,1043.00,2077.00,1043,1034,0.00,0.00,0,0,545952.00,36727536.00,37273488.00,36727536,545952
1669090042.548875,s2-eth3,59400.00,6246646.00,6306046.00,6246646,59400,900.00,943.00,1843.00,943,900,0.00,0.00,0,0,475200.00,49973168.00,50448368.00,49973168,475200
1669090042.548906,s1-eth3,12039764.00,154638.00,12194402.00,154638,12039764,2386.00,2343.00,4729.00,2343,2386,0.00,0.00,0,0,96318112.00,1237104.00,97555216.00,1237104,96318112
1669090042.548921,s1-eth2,127512.00,10840550.00,10968062.00,10840550,127512,1932.00,1987.00,3919.00,1987,1932,0.00,0.00,0,0,1020096.00,86724400.00,87744496.00,86724400,1020096
1669090042.548935,s2-eth1,10840550.00,127512.00,10968062.00,127512,10840550,1987.00,1932.00,3919.00,1932,1987,0.00,0.00,0,0,86724400.00,1020096.00,87744496.00,1020096,86724400
1669090042.548958,total,23162530.00,23221246.00,46383776.00,23221246,23162530,8649.00,8683.00,17332.00,8683,8649,0.00,0.00,0,0,185300240.00,185769968.00,371070208.00,185769968,185300240
1669090043.549159,lo,510.00,510.00,1020.00,510,510,9.00,9.00,18.00,9,9,0.00,0.00,0,0,4080.00,4080.00,8160.00,4080,4080
1669090043.549204,eth0,206.00,208.00,414.00,208,206,3.00,3.00,6.00,3,3,0.00,0.00,0,0,1648.00,1664.00,3312.00,1664,1648
1669090043.549218,docker0,0.00,0.00,0.00,0,0,0.00,0.00,0.00,0,0,0.00,0.00,0,0,0.00,0.00,0.00,0,0
1669090043.549228,s1-eth1,31936.00,1383852.00,1415788.00,1383852,31936,472.00,498.00,970.00,498,472,0.00,0.00,0,0,255488.00,11070816.00,11326304.00,11070816,255488
1669090043.549242,s2-eth2,66080.00,4318054.00,4384134.00,4318054,66080,984.00,1011.00,1995.00,1011,984,0.00,0.00,0,0,528640.00,34544432.00,35073072.00,34544432,528640
1669090043.549256,s2-eth3,67914.00,6189810.00,6257724.00,6189810,67914,1029.00,1113.00,2142.00,1113,1029,0.00,0.00,0,0,543312.00,49518480.00,50061792.00,49518480,543312
1669090043.549286,s1-eth3,12059820.00,165930.00,12225750.00,165930,12059820,2646.00,2485.00,5131.00,2485,2646,0.00,0.00,0,0,96478560.00,1327440.00,97806000.00,1327440,96478560
1669090043.549300,s1-eth2,133994.00,10497530.00,10631524.00,10497530,133994,2013.00,2121.00,4134.00,2121,2013,0.00,0.00,0,0,1071952.00,83980240.00,85052192.00,83980240,1071952
1669090043.549313,s2-eth1,10497530.00,133994.00,10631524.00,133994,10497530,2121.00,2013.00,4134.00,2013,2121,0.00,0.00,0,0,83980240.00,1071952.00,85052192.00,1071952,83980240
1669090043.549336,total,22857990.00,22689888.00,45547880.00,22689888,22857990,9277.00,9253.00,18530.00,9253,9277,0.00,0.00,0,0,182863920.00,181519104.00,364383040.00,181519104,182863920
1669090044.549570,lo,282.00,282.00,564.00,282,282,5.00,5.00,10.00,5,5,0.00,0.00,0,0,2256.00,2256.00,4512.00,2256,2256
1669090044.549619,eth0,98.00,40.00,138.00,40,98,1.00,1.00,2.00,1,1,0.00,0.00,0,0,784.00,320.00,1104.00,320,784
1669090044.549633,docker0,0.00,0.00,0.00,0,0,0.00,0.00,0.00,0,0,0.00,0.00,0,0,0.00,0.00,0.00,0,0
1669090044.549643,s1-eth1,24288.00,1133526.00,1157814.00,1133526,24288,368.00,391.00,759.00,391,368,0.00,0.00,0,0,194304.00,9068208.00,9262512.00,9068208,194304
1669090044.549674,s2-eth2,64878.00,3034606.00,3099484.00,3034606,64878,983.00,1047.00,2030.00,1047,983,0.00,0.00,0,0,519024.00,24276848.00,24795872.00,24276848,519024
1669090044.549688,s2-eth3,64152.00,7920472.00,7984624.00,7920472,64152,972.00,964.00,1936.00,964,972,0.00,0.00,0,0,513216.00,63363776.00,63876992.00,63363776,513216
1669090044.549718,s1-eth3,12027264.00,153516.00,12180780.00,153516,12027264,2416.00,2326.00,4742.00,2326,2416,0.00,0.00,0,0,96218112.00,1228128.00,97446240.00,1228128,96218112
1669090044.549732,s1-eth2,129228.00,10962516.00,11091744.00,10962516,129228,1958.00,2014.00,3972.00,2014,1958,0.00,0.00,0,0,1033824.00,87700128.00,88733952.00,87700128,1033824
1669090044.549745,s2-eth1,10962516.00,129228.00,11091744.00,129228,10962516,2014.00,1958.00,3972.00,1958,2014,0.00,0.00,0,0,87700128.00,1033824.00,88733952.00,1033824,87700128
1669090044.549779,total,23272706.00,23334186.00,46606892.00,23334186,23272706,8717.00,8706.00,17423.00,8706,8717,0.00,0.00,0,0,186181648.00,186673488.00,372855136.00,186673488,186181648
1669090045.549976,lo,0.00,0.00,0.00,0,0,0.00,0.00,0.00,0,0,0.00,0.00,0,0,0.00,0.00,0.00,0,0
1669090045.550053,eth0,0.00,0.00,0.00,0,0,0.00,0.00,0.00,0,0,0.00,0.00,0,0,0.00,0.00,0.00,0,0
1669090045.550066,docker0,0.00,0.00,0.00,0,0,0.00,0.00,0.00,0,0,0.00,0.00,0,0,0.00,0.00,0.00,0,0
1669090045.550076,s1-eth1,29964.00,1400238.00,1430202.00,1400238,29964,454.00,483.00,937.00,483,454,0.00,0.00,0,0,239712.00,11201904.00,11441616.00,11201904,239712
1669090045.550090,s2-eth2,69762.00,3233126.00,3302888.00,3233126,69762,1057.00,1115.00,2172.00,1115,1057,0.00,0.00,0,0,558096.00,25865008.00,26423104.00,25865008,558096
1669090045.550104,s2-eth3,60126.00,7477310.00,7537436.00,7477310,60126,911.00,919.00,1830.00,919,911,0.00,0.00,0,0,481008.00,59818480.00,60299488.00,59818480,481008
1669090045.550135,s1-eth3,12047746.00,159522.00,12207268.00,159522,12047746,2485.00,2417.00,4902.00,2417,2485,0.00,0.00,0,0,96381968.00,1276176.00,97658144.00,1276176,96381968
1669090045.550150,s1-eth2,129624.00,10708922.00,10838546.00,10708922,129624,1964.00,2033.00,3997.00,2033,1964,0.00,0.00,0,0,1036992.00,85671376.00,86708368.00,85671376,1036992
1669090045.550179,s2-eth1,10708922.00,129624.00,10838546.00,129624,10708922,2033.00,1964.00,3997.00,1964,2033,0.00,0.00,0,0,85671376.00,1036992.00,86708368.00,1036992,85671376
1669090045.550205,total,23046144.00,23108742.00,46154888.00,23108742,23046144,8904.00,8931.00,17835.00,8931,8904,0.00,0.00,0,0,184369152.00,184869936.00,369239104.00,184869936,184369152
1669090046.550463,lo,0.00,0.00,0.00,0,0,0.00,0.00,0.00,0,0,0.00,0.00,0,0,0.00,0.00,0.00,0,0
1669090046.550508,eth0,0.00,0.00,0.00,0,0,0.00,0.00,0.00,0,0,0.00,0.00,0,0,0.00,0.00,0.00,0,0
1669090046.550534,docker0,0.00,0.00,0.00,0,0,0.00,0.00,0.00,0,0,0.00,0.00,0,0,0.00,0.00,0.00,0,0
1669090046.550546,s1-eth1,34254.00,1589872.00,1624126.00,1589872,34254,519.00,548.00,1067.00,548,519,0.00,0.00,0,0,274032.00,12718976.00,12993008.00,12718976,274032
1669090046.550561,s2-eth2,68376.00,3159076.00,3227452.00,3159076,68376,1036.00,1090.00,2126.00,1090,1036,0.00,0.00,0,0,547008.00,25272608.00,25819616.00,25272608,547008
1669090046.550574,s2-eth3,66066.00,7360104.00,7426170.00,7360104,66066,1001.00,1008.00,2009.00,1008,1001,0.00,0.00,0,0,528528.00,58880832.00,59409360.00,58880832,528528
1669090046.550604,s1-eth3,12038558.00,168828.00,12207386.00,168828,12038558,2631.00,2558.00,5189.00,2558,2631,0.00,0.00,0,0,96308464.00,1350624.00,97659088.00,1350624,96308464
1669090046.550618,s1-eth2,134574.00,10522142.00,10656716.00,10522142,134574,2039.00,2099.00,4138.00,2099,2039,0.00,0.00,0,0,1076592.00,84177136.00,85253728.00,84177136,1076592
1669090046.550644,s2-eth1,10522142.00,134574.00,10656716.00,134574,10522142,2099.00,2039.00,4138.00,2039,2099,0.00,0.00,0,0,84177136.00,1076592.00,85253728.00,1076592,84177136
1669090046.550668,total,22863970.00,22934596.00,45798568.00,22934596,22863970,9325.00,9342.00,18667.00,9342,9325,0.00,0.00,0,0,182911760.00,183476768.00,366388544.00,183476768,182911760
1669090047.550884,lo,0.00,0.00,0.00,0,0,0.00,0.00,0.00,0,0,0.00,0.00,0,0,0.00,0.00,0.00,0,0
1669090047.550929,eth0,0.00,0.00,0.00,0,0,0.00,0.00,0.00,0,0,0.00,0.00,0,0,0.00,0.00,0.00,0,0
1669090047.550941,docker0,0.00,0.00,0.00,0,0,0.00,0.00,0.00,0,0,0.00,0.00,0,0,0.00,0.00,0.00,0,0
1669090047.550951,s1-eth1,47718.00,2222622.00,2270340.00,2222622,47718,723.00,767.00,1490.00,767,723,0.00,0.00,0,0,381744.00,17780976.00,18162720.00,17780976,381744
1669090047.550966,s2-eth2,72798.00,4067896.00,4140694.00,4067896,72798,1103.00,1104.00,2207.00,1104,1103,0.00,0.00,0,0,582384.00,32543168.00,33125552.00,32543168,582384
1669090047.550980,s2-eth3,63460.00,5558784.00,5622244.00,5558784,63460,938.00,964.00,1902.00,964,938,0.00,0.00,0,0,507680.00,44470272.00,44977952.00,44470272,507680
1669090047.551009,s1-eth3,12058676.00,184108.00,12242784.00,184108,12058676,2870.00,2766.00,5636.00,2766,2870,0.00,0.00,0,0,96469408.00,1472864.00,97942272.00,1472864,96469408
1669090047.551068,s1-eth2,136258.00,9629576.00,9765834.00,9629576,136258,2041.00,2068.00,4109.00,2068,2041,0.00,0.00,0,0,1090064.00,77036608.00,78126672.00,77036608,1090064
1669090047.551084,s2-eth1,9629576.00,136258.00,9765834.00,136258,9629576,2068.00,2041.00,4109.00,2041,2068,0.00,0.00,0,0,77036608.00,1090064.00,78126672.00,1090064,77036608
1669090047.551107,total,22008486.00,21799244.00,43807728.00,21799244,22008486,9743.00,9710.00,19453.00,9710,9743,0.00,0.00,0,0,176067888.00,174393952.00,350461824.00,174393952,176067888
1669090048.551366,lo,510.00,510.00,1020.00,510,510,9.00,9.00,18.00,9,9,0.00,0.00,0,0,4080.00,4080.00,8160.00,4080,4080
1669090048.551455,eth0,206.00,208.00,414.00,208,206,3.00,3.00,6.00,3,3,0.00,0.00,0,0,1648.00,1664.00,3312.00,1664,1648
1669090048.551468,docker0,0.00,0.00,0.00,0,0,0.00,0.00,0.00,0,0,0.00,0.00,0,0,0.00,0.00,0.00,0,0
1669090048.551479,s1-eth1,57618.00,2664158.00,2721776.00,2664158,57618,873.00,919.00,1792.00,919,873,0.00,0.00,0,0,460944.00,21313264.00,21774208.00,21313264,460944
1669090048.551493,s2-eth2,67452.00,4533678.00,4601130.00,4533678,67452,1022.00,1031.00,2053.00,1031,1022,0.00,0.00,0,0,539616.00,36269424.00,36809040.00,36269424,539616
1669090048.551520,s2-eth3,70950.00,4942026.00,5012976.00,4942026,70950,1075.00,1097.00,2172.00,1097,1075,0.00,0.00,0,0,567600.00,39536208.00,40103808.00,39536208,567600
1669090048.551568,s1-eth3,12066996.00,195954.00,12262950.00,195954,12066996,3018.00,2969.00,5987.00,2969,3018,0.00,0.00,0,0,96535968.00,1567632.00,98103600.00,1567632,96535968
1669090048.551584,s1-eth2,138402.00,9466884.00,9605286.00,9466884,138402,2097.00,2126.00,4223.00,2126,2097,0.00,0.00,0,0,1107216.00,75735072.00,76842288.00,75735072,1107216
1669090048.551598,s2-eth1,9466884.00,138402.00,9605286.00,138402,9466884,2126.00,2097.00,4223.00,2097,2126,0.00,0.00,0,0,75735072.00,1107216.00,76842288.00,1107216,75735072
1669090048.551622,total,21869018.00,21941820.00,43810840.00,21941820,21869018,10223.00,10251.00,20474.00,10251,10223,0.00,0.00,0,0,174952144.00,175534560.00,350486720.00,175534560,174952144
1669090049.551822,lo,282.00,282.00,564.00,282,282,5.00,5.00,10.00,5,5,0.00,0.00,0,0,2256.00,2256.00,4512.00,2256,2256
1669090049.551870,eth0,188.00,116.00,304.00,116,188,2.00,2.00,4.00,2,2,0.00,0.00,0,0,1504.00,928.00,2432.00,928,1504
1669090049.551936,docker0,0.00,0.00,0.00,0,0,0.00,0.00,0.00,0,0,0.00,0.00,0,0,0.00,0.00,0.00,0,0
1669090049.551947,s1-eth1,60252.00,2677656.00,2737908.00,2677656,60252,902.00,948.00,1850.00,948,902,0.00,0.00,0,0,482016.00,21421248.00,21903264.00,21421248,482016
1669090049.551962,s2-eth2,65320.00,4284746.00,4350066.00,4284746,65320,976.00,989.00,1965.00,989,976,0.00,0.00,0,0,522560.00,34277968.00,34800528.00,34277968,522560
1669090049.551976,s2-eth3,73458.00,4923796.00,4997254.00,4923796,73458,1113.00,1106.00,2219.00,1106,1113,0.00,0.00,0,0,587664.00,39390368.00,39978032.00,39390368,587664
1669090049.552006,s1-eth3,12063324.00,199096.00,12262420.00,199096,12063324,3094.00,2992.00,6086.00,2992,3094,0.00,0.00,0,0,96506592.00,1592768.00,98099360.00,1592768,96506592
1669090049.552036,s1-eth2,138778.00,9211438.00,9350216.00,9211438,138778,2089.00,2095.00,4184.00,2095,2089,0.00,0.00,0,0,1110224.00,73691504.00,74801728.00,73691504,1110224
1669090049.552073,s2-eth1,9211438.00,138778.00,9350216.00,138778,9211438,2095.00,2089.00,4184.00,2089,2095,0.00,0.00,0,0,73691504.00,1110224.00,74801728.00,1110224,73691504
1669090049.552097,total,21613040.00,21435908.00,43048948.00,21435908,21613040,10276.00,10226.00,20502.00,10226,10276,0.00,0.00,0,0,172904320.00,171487264.00,344391584.00,171487264,172904320
1669090050.552283,lo,0.00,0.00,0.00,0,0,0.00,0.00,0.00,0,0,0.00,0.00,0,0,0.00,0.00,0.00,0,0
1669090050.552330,eth0,0.00,0.00,0.00,0,0,0.00,0.00,0.00,0,0,0.00,0.00,0,0,0.00,0.00,0.00,0,0
1669090050.552357,docker0,0.00,0.00,0.00,0,0,0.00,0.00,0.00,0,0,0.00,0.00,0,0,0.00,0.00,0.00,0,0
1669090050.552369,s1-eth1,47916.00,2224070.00,2271986.00,2224070,47916,726.00,767.00,1493.00,767,726,0.00,0.00,0,0,383328.00,17792560.00,18175888.00,17792560,383328
1669090050.552383,s2-eth2,68640.00,3225688.00,3294328.00,3225688,68640,1040.00,1112.00,2152.00,1112,1040,0.00,0.00,0,0,549120.00,25805504.00,26354624.00,25805504,549120
1669090050.552397,s2-eth3,61644.00,6681240.00,6742884.00,6681240,61644,934.00,924.00,1858.00,924,934,0.00,0.00,0,0,493152.00,53449920.00,53943072.00,53449920,493152
1669090050.552427,s1-eth3,12044642.00,178134.00,12222776.00,178134,12044642,2789.00,2699.00,5488.00,2699,2789,0.00,0.00,0,0,96357136.00,1425072.00,97782208.00,1425072,96357136
1669090050.552442,s1-eth2,130284.00,9904032.00,10034316.00,9904032,130284,1974.00,2036.00,4010.00,2036,1974,0.00,0.00,0,0,1042272.00,79232256.00,80274528.00,79232256,1042272
1669090050.552455,s2-eth1,9904032.00,130284.00,10034316.00,130284,9904032,2036.00,1974.00,4010.00,1974,2036,0.00,0.00,0,0,79232256.00,1042272.00,80274528.00,1042272,79232256
1669090050.552478,total,22257158.00,22343448.00,44600608.00,22343448,22257158,9499.00,9512.00,19011.00,9512,9499,0.00,0.00,0,0,178057264.00,178747584.00,356804864.00,178747584,178057264
1669090051.552776,lo,0.00,0.00,0.00,0,0,0.00,0.00,0.00,0,0,0.00,0.00,0,0,0.00,0.00,0.00,0,0
1669090051.552820,eth0,0.00,0.00,0.00,0,0,0.00,0.00,0.00,0,0,0.00,0.00,0,0,0.00,0.00,0.00,0,0
1669090051.552832,docker0,0.00,0.00,0.00,0,0,0.00,0.00,0.00,0,0,0.00,0.00,0,0,0.00,0.00,0.00,0,0
1669090051.552843,s1-eth1,53328.00,2475972.00,2529300.00,2475972,53328,808.00,854.00,1662.00,854,808,0.00,0.00,0,0,426624.00,19807776.00,20234400.00,19807776,426624
1669090051.552858,s2-eth2,71676.00,3319090.00,3390766.00,3319090,71676,1086.00,1145.00,2231.00,1145,1086,0.00,0.00,0,0,573408.00,26552720.00,27126128.00,26552720,573408
1669090051.552872,s2-eth3,57292.00,6313110.00,6370402.00,6313110,57292,868.00,875.00,1743.00,875,868,0.00,0.00,0,0,458336.00,50504880.00,50963216.00,50504880,458336
1669090051.552900,s1-eth3,12047286.00,182094.00,12229380.00,182094,12047286,2851.00,2759.00,5610.00,2759,2851,0.00,0.00,0,0,96378288.00,1456752.00,97835040.00,1456752,96378288
1669090051.552915,s1-eth2,128832.00,9632200.00,9761032.00,9632200,128832,1952.00,2020.00,3972.00,2020,1952,0.00,0.00,0,0,1030656.00,77057600.00,78088256.00,77057600,1030656
1669090051.552952,s2-eth1,9632200.00,128832.00,9761032.00,128832,9632200,2020.00,1952.00,3972.00,1952,2020,0.00,0.00,0,0,77057600.00,1030656.00,78088256.00,1030656,77057600
1669090051.552977,total,21990614.00,22051298.00,44041912.00,22051298,21990614,9585.00,9605.00,19190.00,9605,9585,0.00,0.00,0,0,175924912.00,176410384.00,352335296.00,176410384,175924912
1669090052.553253,lo,772.00,772.00,1544.00,772,772,6.00,6.00,12.00,6,6,0.00,0.00,0,0,6176.00,6176.00,12352.00,6176,6176
1669090052.553308,eth0,0.00,0.00,0.00,0,0,0.00,0.00,0.00,0,0,0.00,0.00,0,0,0.00,0.00,0.00,0,0
1669090052.553320,docker0,0.00,0.00,0.00,0,0,0.00,0.00,0.00,0,0,0.00,0.00,0,0,0.00,0.00,0.00,0,0
1669090052.553330,s1-eth1,54846.00,2430168.00,2485014.00,2430168,54846,821.00,862.00,1683.00,862,821,0.00,0.00,0,0,438768.00,19441344.00,19880112.00,19441344,438768
1669090052.553344,s2-eth2,69034.00,3194752.00,3263786.00,3194752,69034,1039.00,1104.00,2143.00,1104,1039,0.00,0.00,0,0,552272.00,25558016.00,26110288.00,25558016,552272
1669090052.553372,s2-eth3,66730.00,6310250.00,6376980.00,6310250,66730,1011.00,1073.00,2084.00,1073,1011,0.00,0.00,0,0,533840.00,50482000.00,51015840.00,50482000,533840
1669090052.553401,s1-eth3,12064710.00,190404.00,12255114.00,190404,12064710,3093.00,2868.00,5961.00,2868,3093,0.00,0.00,0,0,96517680.00,1523232.00,98040912.00,1523232,96517680
1669090052.553415,s1-eth2,135628.00,9518232.00,9653860.00,9518232,135628,2048.00,2180.00,4228.00,2180,2048,0.00,0.00,0,0,1085024.00,76145856.00,77230880.00,76145856,1085024
1669090052.553428,s2-eth1,9518232.00,135628.00,9653860.00,135628,9518232,2180.00,2048.00,4228.00,2048,2180,0.00,0.00,0,0,76145856.00,1085024.00,77230880.00,1085024,76145856
1669090052.553451,total,21909952.00,21780206.00,43690160.00,21780206,21909952,10198.00,10141.00,20339.00,10141,10198,0.00,0.00,0,0,175279616.00,174241648.00,349521280.00,174241648,175279616
1669090053.553778,lo,1496.00,1496.00,2992.00,1496,1496,15.00,15.00,30.00,15,15,0.00,0.00,0,0,11968.00,11968.00,23936.00,11968,11968
1669090053.553826,eth0,206.00,208.00,414.00,208,206,3.00,3.00,6.00,3,3,0.00,0.00,0,0,1648.00,1664.00,3312.00,1664,1648
1669090053.553840,docker0,0.00,0.00,0.00,0,0,0.00,0.00,0.00,0,0,0.00,0.00,0,0,0.00,0.00,0.00,0,0
1669090053.553850,s1-eth1,43044.00,2003302.00,2046346.00,2003302,43044,652.00,691.00,1343.00,691,652,0.00,0.00,0,0,344352.00,16026416.00,16370768.00,16026416,344352
1669090053.553864,s2-eth2,50300.00,2330768.00,2381068.00,2330768,50300,762.00,804.00,1566.00,804,762,0.00,0.00,0,0,402400.00,18646144.00,19048544.00,18646144,402400
1669090053.553878,s2-eth3,62634.00,7799632.00,7862266.00,7799632,62634,949.00,954.00,1903.00,954,949,0.00,0.00,0,0,501072.00,62397056.00,62898128.00,62397056,501072
1669090053.553907,s1-eth3,12043992.00,155694.00,12199686.00,155694,12043992,2428.00,2359.00,4787.00,2359,2428,0.00,0.00,0,0,96351936.00,1245552.00,97597488.00,1245552,96351936
1669090053.553941,s1-eth2,112794.00,10118754.00,10231548.00,10118754,112794,1709.00,1757.00,3466.00,1757,1709,0.00,0.00,0,0,902352.00,80950032.00,81852384.00,80950032,902352
1669090053.553956,s2-eth1,10118754.00,112794.00,10231548.00,112794,10118754,1757.00,1709.00,3466.00,1709,1757,0.00,0.00,0,0,80950032.00,902352.00,81852384.00,902352,80950032
1669090053.553992,total,22433220.00,22522648.00,44955868.00,22522648,22433220,8275.00,8292.00,16567.00,8292,8275,0.00,0.00,0,0,179465760.00,180181184.00,359646944.00,180181184,179465760
1669090054.554254,lo,882.00,882.00,1764.00,882,882,8.00,8.00,16.00,8,8,0.00,0.00,0,0,7056.00,7056.00,14112.00,7056,7056
1669090054.554305,eth0,98.00,40.00,138.00,40,98,1.00,1.00,2.00,1,1,0.00,0.00,0,0,784.00,320.00,1104.00,320,784
1669090054.554318,docker0,0.00,0.00,0.00,0,0,0.00,0.00,0.00,0,0,0.00,0.00,0,0,0.00,0.00,0.00,0,0
1669090054.554329,s1-eth1,47986.00,2224070.00,2272056.00,2224070,47986,727.00,767.00,1494.00,767,727,0.00,0.00,0,0,383888.00,17792560.00,18176448.00,17792560,383888
1669090054.554343,s2-eth2,54784.00,2536726.00,2591510.00,2536726,54784,830.00,875.00,1705.00,875,830,0.00,0.00,0,0,438272.00,20293808.00,20732080.00,20293808,438272
1669090054.554357,s2-eth3,63760.00,7345224.00,7408984.00,7345224,63760,966.00,980.00,1946.00,980,966,0.00,0.00,0,0,510080.00,58761792.00,59271872.00,58761792,510080
1669090054.554386,s1-eth3,12036780.00,166720.00,12203500.00,166720,12036780,2604.00,2526.00,5130.00,2526,2604,0.00,0.00,0,0,96294240.00,1333760.00,97628000.00,1333760,96294240
1669090054.554401,s1-eth2,118738.00,9890704.00,10009442.00,9890704,118738,1799.00,1856.00,3655.00,1856,1799,0.00,0.00,0,0,949904.00,79125632.00,80075536.00,79125632,949904
1669090054.554414,s2-eth1,9890704.00,118738.00,10009442.00,118738,9890704,1856.00,1799.00,3655.00,1799,1856,0.00,0.00,0,0,79125632.00,949904.00,80075536.00,949904,79125632
1669090054.554439,total,22213732.00,22283104.00,44496836.00,22283104,22213732,8791.00,8812.00,17603.00,8812,8791,0.00,0.00,0,0,177709856.00,178264832.00,355974688.00,178264832,177709856
1669090055.554669,lo,0.00,0.00,0.00,0,0,0.00,0.00,0.00,0,0,0.00,0.00,0,0,0.00,0.00,0.00,0,0
1669090055.554773,eth0,0.00,0.00,0.00,0,0,0.00,0.00,0.00,0,0,0.00,0.00,0,0,0.00,0.00,0.00,0,0
1669090055.554787,docker0,0.00,0.00,0.00,0,0,0.00,0.00,0.00,0,0,0.00,0.00,0,0,0.00,0.00,0.00,0,0
1669090055.554798,s1-eth1,51216.00,2373750.00,2424966.00,2373750,51216,776.00,819.00,1595.00,819,776,0.00,0.00,0,0,409728.00,18990000.00,19399728.00,18990000,409728
1669090055.554812,s2-eth2,57090.00,2643424.00,2700514.00,2643424,57090,865.00,912.00,1777.00,912,865,0.00,0.00,0,0,456720.00,21147392.00,21604112.00,21147392,456720
1669090055.554826,s2-eth3,63756.00,7086820.00,7150576.00,7086820,63756,966.00,970.00,1936.00,970,966,0.00,0.00,0,0,510048.00,56694560.00,57204608.00,56694560,510048
1669090055.554855,s1-eth3,12033038.00,171930.00,12204968.00,171930,12033038,2679.00,2605.00,5284.00,2605,2679,0.00,0.00,0,0,96264304.00,1375440.00,97639744.00,1375440,96264304
1669090055.554895,s1-eth2,120714.00,9724320.00,9845034.00,9724320,120714,1829.00,1880.00,3709.00,1880,1829,0.00,0.00,0,0,965712.00,77794560.00,78760272.00,77794560,965712
1669090055.554909,s2-eth1,9724320.00,120714.00,9845034.00,120714,9724320,1880.00,1829.00,3709.00,1829,1880,0.00,0.00,0,0,77794560.00,965712.00,78760272.00,965712,77794560
1669090055.554933,total,22050134.00,22120958.00,44171092.00,22120958,22050134,8995.00,9015.00,18010.00,9015,8995,0.00,0.00,0,0,176401072.00,176967664.00,353368736.00,176967664,176401072
1669090056.555203,lo,772.00,772.00,1544.00,772,772,6.00,6.00,12.00,6,6,0.00,0.00,0,0,6176.00,6176.00,12352.00,6176,6176
1669090056.555251,eth0,0.00,0.00,0.00,0,0,0.00,0.00,0.00,0,0,0.00,0.00,0,0,0.00,0.00,0.00,0,0
1669090056.555262,docker0,0.00,0.00,0.00,0,0,0.00,0.00,0.00,0,0,0.00,0.00,0,0,0.00,0.00,0.00,0,0
1669090056.555272,s1-eth1,54400.00,2514478.00,2568878.00,2514478,54400,824.00,867.00,1691.00,867,824,0.00,0.00,0,0,435200.00,20115824.00,20551024.00,20115824,435200
1669090056.555286,s2-eth2,59334.00,2742754.00,2802088.00,2742754,59334,899.00,947.00,1846.00,947,899,0.00,0.00,0,0,474672.00,21942032.00,22416704.00,21942032,474672
1669090056.555300,s2-eth3,61780.00,6853028.00,6914808.00,6853028,61780,936.00,938.00,1874.00,938,936,0.00,0.00,0,0,494240.00,54824224.00,55318464.00,54824224,494240
1669090056.555330,s1-eth3,12046808.00,175176.00,12221984.00,175176,12046808,2734.00,2654.00,5388.00,2654,2734,0.00,0.00,0,0,96374464.00,1401408.00,97775872.00,1401408,96374464
1669090056.555344,s1-eth2,120978.00,9598744.00,9719722.00,9598744,120978,1833.00,1886.00,3719.00,1886,1833,0.00,0.00,0,0,967824.00,76789952.00,77757776.00,76789952,967824
1669090056.555358,s2-eth1,9598744.00,120978.00,9719722.00,120978,9598744,1886.00,1833.00,3719.00,1833,1886,0.00,0.00,0,0,76789952.00,967824.00,77757776.00,967824,76789952
1669090056.555381,total,21942816.00,22005930.00,43948744.00,22005930,21942816,9118.00,9131.00,18249.00,9131,9118,0.00,0.00,0,0,175542528.00,176047440.00,351589952.00,176047440,175542528
1669090057.555690,lo,0.00,0.00,0.00,0,0,0.00,0.00,0.00,0,0,0.00,0.00,0,0,0.00,0.00,0.00,0,0
1669090057.555764,eth0,0.00,0.00,0.00,0,0,0.00,0.00,0.00,0,0,0.00,0.00,0,0,0.00,0.00,0.00,0,0
1669090057.555776,docker0,0.00,0.00,0.00,0,0,0.00,0.00,0.00,0,0,0.00,0.00,0,0,0.00,0.00,0.00,0,0
1669090057.555787,s1-eth1,73326.00,3391692.00,3465018.00,3391692,73326,1111.00,1170.00,2281.00,1170,1111,0.00,0.00,0,0,586608.00,27133536.00,27720144.00,27133536,586608
1669090057.555802,s2-eth2,62040.00,3570742.00,3632782.00,3570742,62040,940.00,943.00,1883.00,943,940,0.00,0.00,0,0,496320.00,28565936.00,29062256.00,28565936,496320
1669090057.555815,s2-eth3,67884.00,4931020.00,4998904.00,4931020,67884,1016.00,1018.00,2034.00,1018,1016,0.00,0.00,0,0,543072.00,39448160.00,39991232.00,39448160,543072
1669090057.555846,s1-eth3,12069850.00,203316.00,12273166.00,203316,12069850,3149.00,3068.00,6217.00,3068,3149,0.00,0.00,0,0,96558800.00,1626528.00,98185328.00,1626528,96558800
1669090057.555878,s1-eth2,129924.00,8498866.00,8628790.00,8498866,129924,1956.00,1961.00,3917.00,1961,1956,0.00,0.00,0,0,1039392.00,67990928.00,69030320.00,67990928,1039392
1669090057.555910,s2-eth1,8498866.00,129924.00,8628790.00,129924,8498866,1961.00,1956.00,3917.00,1956,1961,0.00,0.00,0,0,67990928.00,1039392.00,69030320.00,1039392,67990928
1669090057.555934,total,20901890.00,20725560.00,41627448.00,20725560,20901890,10133.00,10116.00,20249.00,10116,10133,0.00,0.00,0,0,167215120.00,165804480.00,333019584.00,165804480,167215120
1669090058.556183,lo,1011.00,1011.00,2022.00,1011,1011,13.00,13.00,26.00,13,13,0.00,0.00,0,0,8088.00,8088.00,16176.00,8088,8088
1669090058.556274,eth0,398.00,316.00,714.00,316,398,5.00,4.00,9.00,4,5,0.00,0.00,0,0,3184.00,2528.00,5712.00,2528,3184
1669090058.556288,docker0,0.00,0.00,0.00,0,0,0.00,0.00,0.00,0,0,0.00,0.00,0,0,0.00,0.00,0.00,0,0
1669090058.556298,s1-eth1,81312.00,3764904.00,3846216.00,3764904,81312,1232.00,1296.00,2528.00,1296,1232,0.00,0.00,0,0,650496.00,30119232.00,30769728.00,30119232,650496
1669090058.556313,s2-eth2,57028.00,3832290.00,3889318.00,3832290,57028,864.00,869.00,1733.00,869,864,0.00,0.00,0,0,456224.00,30658320.00,31114544.00,30658320,456224
1669090058.556326,s2-eth3,67654.00,4538088.00,4605742.00,4538088,67654,1025.00,1032.00,2057.00,1032,1025,0.00,0.00,0,0,541232.00,36304704.00,36845936.00,36304704,541232
1669090058.556375,s1-eth3,12064524.00,205854.00,12270378.00,205854,12064524,3178.00,3119.00,6297.00,3119,3178,0.00,0.00,0,0,96516192.00,1646832.00,98163024.00,1646832,96516192
1669090058.556391,s1-eth2,124612.00,8370378.00,8494990.00,8370378,124612,1888.00,1901.00,3789.00,1901,1888,0.00,0.00,0,0,996896.00,66963024.00,67959920.00,66963024,996896
1669090058.556405,s2-eth1,8370378.00,124612.00,8494990.00,124612,8370378,1901.00,1888.00,3789.00,1888,1901,0.00,0.00,0,0,66963024.00,996896.00,67959920.00,996896,66963024
1669090058.556429,total,20766916.00,20837452.00,41604368.00,20837453,20766917,10106.00,10122.00,20228.00,10122,10106,0.00,0.00,0,0,166135328.00,166699616.00,332834944.00,166699624,166135336
1669090059.556685,lo,362.00,362.00,724.00,362,362,5.00,5.00,10.00,5,5,0.00,0.00,0,0,2896.00,2896.00,5792.00,2896,2896
1669090059.556735,eth0,228.00,172.00,400.00,172,228,2.00,2.00,4.00,2,2,0.00,0.00,0,0,1824.00,1376.00,3200.00,1376,1824
1669090059.556748,docker0,0.00,0.00,0.00,0,0,0.00,0.00,0.00,0,0,0.00,0.00,0,0,0.00,0.00,0.00,0,0
1669090059.556758,s1-eth1,65472.00,3756688.00,3822160.00,3756688,65472,992.00,996.00,1988.00,996,992,0.00,0.00,0,0,523776.00,30053504.00,30577280.00,30053504,523776
1669090059.556772,s2-eth2,58146.00,3924966.00,3983112.00,3924966,58146,881.00,891.00,1772.00,891,881,0.00,0.00,0,0,465168.00,31399728.00,31864896.00,31399728,465168
1669090059.556786,s2-eth3,66330.00,4440870.00,4507200.00,4440870,66330,1005.00,1007.00,2012.00,1007,1005,0.00,0.00,0,0,530640.00,35526960.00,36057600.00,35526960,530640
1669090059.556815,s1-eth3,12061118.00,189948.00,12251066.00,189948,12061118,2907.00,2878.00,5785.00,2878,2907,0.00,0.00,0,0,96488944.00,1519584.00,98008528.00,1519584,96488944
1669090059.556829,s1-eth2,124476.00,8365836.00,8490312.00,8365836,124476,1886.00,1898.00,3784.00,1898,1886,0.00,0.00,0,0,995808.00,66926688.00,67922496.00,66926688,995808
1669090059.556844,s2-eth1,8365836.00,124476.00,8490312.00,124476,8365836,1898.00,1886.00,3784.00,1886,1898,0.00,0.00,0,0,66926688.00,995808.00,67922496.00,995808,66926688
1669090059.556869,total,20741968.00,20803318.00,41545288.00,20803318,20741968,9576.00,9563.00,19139.00,9563,9576,0.00,0.00,0,0,165935744.00,166426544.00,332362304.00,166426544,165935744
1669090060.557136,lo,0.00,0.00,0.00,0,0,0.00,0.00,0.00,0,0,0.00,0.00,0,0,0.00,0.00,0.00,0,0
1669090060.557180,eth0,0.00,40.00,40.00,40,0,0.00,1.00,1.00,1,0,0.00,0.00,0,0,0.00,320.00,320.00,320,0
1669090060.557192,docker0,0.00,0.00,0.00,0,0,0.00,0.00,0.00,0,0,0.00,0.00,0,0,0.00,0.00,0.00,0,0
1669090060.557202,s1-eth1,56298.00,3770748.00,3827046.00,3770748,56298,853.00,858.00,1711.00,858,853,0.00,0.00,0,0,450384.00,30165984.00,30616368.00,30165984,450384
1669090060.557217,s2-eth2,57816.00,3880800.00,3938616.00,3880800,57816,876.00,880.00,1756.00,880,876,0.00,0.00,0,0,462528.00,31046400.00,31508928.00,31046400,462528
1669090060.557230,s2-eth3,66330.00,4463118.00,4529448.00,4463118,66330,1005.00,1015.00,2020.00,1015,1005,0.00,0.00,0,0,530640.00,35704944.00,36235584.00,35704944,530640
1669090060.557301,s1-eth3,12057336.00,180510.00,12237846.00,180510,12057336,2740.00,2735.00,5475.00,2735,2740,0.00,0.00,0,0,96458688.00,1444080.00,97902768.00,1444080,96458688
1669090060.557316,s1-eth2,124212.00,8343918.00,8468130.00,8343918,124212,1882.00,1895.00,3777.00,1895,1882,0.00,0.00,0,0,993696.00,66751344.00,67745040.00,66751344,993696
1669090060.557330,s2-eth1,8343918.00,124212.00,8468130.00,124212,8343918,1895.00,1882.00,3777.00,1882,1895,0.00,0.00,0,0,66751344.00,993696.00,67745040.00,993696,66751344
1669090060.557353,total,20705910.00,20763346.00,41469256.00,20763346,20705910,9251.00,9266.00,18517.00,9266,9251,0.00,0.00,0,0,165647280.00,166106768.00,331754048.00,166106768,165647280
1669090061.557613,lo,237.00,237.00,474.00,237,237,4.00,4.00,8.00,4,4,0.00,0.00,0,0,1896.00,1896.00,3792.00,1896,1896
1669090061.557703,eth0,0.00,92.00,92.00,92,0,0.00,1.00,1.00,1,0,0.00,0.00,0,0,0.00,736.00,736.00,736,0
1669090061.557716,docker0,0.00,0.00,0.00,0,0,0.00,0.00,0.00,0,0,0.00,0.00,0,0,0.00,0.00,0.00,0,0
1669090061.557727,s1-eth1,53172.00,2898586.00,2951758.00,2898586,53172,794.00,829.00,1623.00,829,794,0.00,0.00,0,0,425376.00,23188688.00,23614064.00,23188688,425376
1669090061.557742,s2-eth2,63096.00,4242618.00,4305714.00,4242618,63096,956.00,965.00,1921.00,965,956,0.00,0.00,0,0,504768.00,33940944.00,34445712.00,33940944,504768
1669090061.557756,s2-eth3,64416.00,4848084.00,4912500.00,4848084,64416,976.00,990.00,1966.00,990,976,0.00,0.00,0,0,515328.00,38784672.00,39300000.00,38784672,515328
1669090061.557817,s1-eth3,12064192.00,180684.00,12244876.00,180684,12064192,2800.00,2726.00,5526.00,2726,2800,0.00,0.00,0,0,96513536.00,1445472.00,97959008.00,1445472,96513536
1669090061.557834,s1-eth2,127512.00,9090702.00,9218214.00,9090702,127512,1932.00,1955.00,3887.00,1955,1932,0.00,0.00,0,0,1020096.00,72725616.00,73745712.00,72725616,1020096
1669090061.557848,s2-eth1,9090702.00,127512.00,9218214.00,127512,9090702,1955.00,1932.00,3887.00,1932,1955,0.00,0.00,0,0,72725616.00,1020096.00,73745712.00,1020096,72725616
1669090061.557872,total,21463328.00,21388516.00,42851840.00,21388515,21463327,9417.00,9402.00,18819.00,9402,9417,0.00,0.00,0,0,171706624.00,171108128.00,342814720.00,171108120,171706616
1669090062.558166,lo,52.00,52.00,104.00,52,52,1.00,1.00,2.00,1,1,0.00,0.00,0,0,416.00,416.00,832.00,416,416
1669090062.558239,eth0,54.00,0.00,54.00,0,54,1.00,0.00,1.00,0,1,0.00,0.00,0,0,432.00,0.00,432.00,0,432
1669090062.558253,docker0,0.00,0.00,0.00,0,0,0.00,0.00,0.00,0,0,0.00,0.00,0,0,0.00,0.00,0.00,0,0
1669090062.558263,s1-eth1,52404.00,2427066.00,2479470.00,2427066,52404,794.00,837.00,1631.00,837,794,0.00,0.00,0,0,419232.00,19416528.00,19835760.00,19416528,419232
1669090062.558277,s2-eth2,68310.00,4577778.00,4646088.00,4577778,68310,1035.00,1041.00,2076.00,1041,1035,0.00,0.00,0,0,546480.00,36622224.00,37168704.00,36622224,546480
1669090062.558291,s2-eth3,56232.00,5120824.00,5177056.00,5120824,56232,852.00,932.00,1784.00,932,852,0.00,0.00,0,0,449856.00,40966592.00,41416448.00,40966592,449856
1669090062.558321,s1-eth3,12066626.00,176880.00,12243506.00,176880,12066626,2793.00,2680.00,5473.00,2680,2793,0.00,0.00,0,0,96533008.00,1415040.00,97948048.00,1415040,96533008
1669090062.558350,s1-eth2,124542.00,9691296.00,9815838.00,9691296,124542,1887.00,1972.00,3859.00,1972,1887,0.00,0.00,0,0,996336.00,77530368.00,78526704.00,77530368,996336
1669090062.558367,s2-eth1,9691296.00,124542.00,9815838.00,124542,9691296,1972.00,1887.00,3859.00,1887,1972,0.00,0.00,0,0,77530368.00,996336.00,78526704.00,996336,77530368
1669090062.558391,total,22059516.00,22118438.00,44177952.00,22118438,22059516,9335.00,9350.00,18685.00,9350,9335,0.00,0.00,0,0,176476128.00,176947504.00,353423616.00,176947504,176476128
1669090063.558716,lo,512.00,512.00,1024.00,512,512,9.00,9.00,18.00,9,9,0.00,0.00,0,0,4096.00,4096.00,8192.00,4096,4096
1669090063.558764,eth0,206.00,216.00,422.00,216,206,3.00,3.00,6.00,3,3,0.00,0.00,0,0,1648.00,1728.00,3376.00,1728,1648
1669090063.558793,docker0,0.00,0.00,0.00,0,0,0.00,0.00,0.00,0,0,0.00,0.00,0,0,0.00,0.00,0.00,0,0
1669090063.558804,s1-eth1,45004.00,1950254.00,1995258.00,1950254,45004,664.00,699.00,1363.00,699,664,0.00,0.00,0,0,360032.00,15602032.00,15962064.00,15602032,360032
1669090063.558817,s2-eth2,64548.00,4723358.00,4787906.00,4723358,64548,978.00,987.00,1965.00,987,978,0.00,0.00,0,0,516384.00,37786864.00,38303248.00,37786864,516384
1669090063.558831,s2-eth3,58872.00,5365544.00,5424416.00,5365544,58872,892.00,976.00,1868.00,976,892,0.00,0.00,0,0,470976.00,42924352.00,43395328.00,42924352,470976
1669090063.558903,s1-eth3,12058314.00,168424.00,12226738.00,168424,12058314,2689.00,2534.00,5223.00,2534,2689,0.00,0.00,0,0,96466512.00,1347392.00,97813904.00,1347392,96466512
1669090063.558921,s1-eth2,123420.00,10094760.00,10218180.00,10094760,123420,1870.00,1964.00,3834.00,1964,1870,0.00,0.00,0,0,987360.00,80758080.00,81745440.00,80758080,987360
1669090063.558935,s2-eth1,10094760.00,123420.00,10218180.00,123420,10094760,1964.00,1870.00,3834.00,1870,1964,0.00,0.00,0,0,80758080.00,987360.00,81745440.00,987360,80758080
1669090063.558958,total,22445636.00,22426488.00,44872124.00,22426488,22445636,9069.00,9042.00,18111.00,9042,9069,0.00,0.00,0,0,179565088.00,179411904.00,358976992.00,179411904,179565088
1669090064.559228,lo,110.00,110.00,220.00,110,110,2.00,2.00,4.00,2,2,0.00,0.00,0,0,880.00,880.00,1760.00,880,880
1669090064.559274,eth0,98.00,40.00,138.00,40,98,1.00,1.00,2.00,1,1,0.00,0.00,0,0,784.00,320.00,1104.00,320,784
1669090064.559288,docker0,0.00,0.00,0.00,0,0,0.00,0.00,0.00,0,0,0.00,0.00,0,0,0.00,0.00,0.00,0,0
1669090064.559298,s1-eth1,34452.00,1600272.00,1634724.00,1600272,34452,522.00,552.00,1074.00,552,522,0.00,0.00,0,0,275616.00,12802176.00,13077792.00,12802176,275616
1669090064.559313,s2-eth2,65142.00,4980388.00,5045530.00,4980388,65142,987.00,1042.00,2029.00,1042,987,0.00,0.00,0,0,521136.00,39843104.00,40364240.00,39843104,521136
1669090064.559326,s2-eth3,60918.00,5539968.00,5600886.00,5539968,60918,923.00,1008.00,1931.00,1008,923,0.00,0.00,0,0,487344.00,44319744.00,44807088.00,44319744,487344
1669090064.559357,s1-eth3,12063756.00,160512.00,12224268.00,160512,12063756,2574.00,2432.00,5006.00,2432,2574,0.00,0.00,0,0,96510048.00,1284096.00,97794144.00,1284096,96510048
1669090064.559372,s1-eth2,125994.00,10518908.00,10644902.00,10518908,125994,1909.00,2050.00,3959.00,2050,1909,0.00,0.00,0,0,1007952.00,84151264.00,85159216.00,84151264,1007952
1669090064.559386,s2-eth1,10518908.00,125994.00,10644902.00,125994,10518908,2050.00,1909.00,3959.00,1909,2050,0.00,0.00,0,0,84151264.00,1007952.00,85159216.00,1007952,84151264
1669090064.559409,total,22869378.00,22926192.00,45795568.00,22926192,22869378,8968.00,8996.00,17964.00,8996,8968,0.00,0.00,0,0,182955024.00,183409536.00,366364544.00,183409536,182955024
1669090065.559633,lo,0.00,0.00,0.00,0,0,0.00,0.00,0.00,0,0,0.00,0.00,0,0,0.00,0.00,0.00,0,0
1669090065.559708,eth0,90.00,76.00,166.00,76,90,1.00,1.00,2.00,1,1,0.00,0.00,0,0,720.00,608.00,1328.00,608,720
1669090065.559724,docker0,0.00,0.00,0.00,0,0,0.00,0.00,0.00,0,0,0.00,0.00,0,0,0.00,0.00,0.00,0,0
1669090065.559735,s1-eth1,41052.00,1904042.00,1945094.00,1904042,41052,622.00,657.00,1279.00,657,622,0.00,0.00,0,0,328416.00,15232336.00,15560752.00,15232336,328416
1669090065.559749,s2-eth2,73656.00,5306790.00,5380446.00,5306790,73656,1116.00,1095.00,2211.00,1095,1116,0.00,0.00,0,0,589248.00,42454320.00,43043568.00,42454320,589248
1669090065.559763,s2-eth3,60382.00,4700784.00,4761166.00,4700784,60382,897.00,996.00,1893.00,996,897,0.00,0.00,0,0,483056.00,37606272.00,38089328.00,37606272,483056
1669090065.559794,s1-eth3,12050364.00,175090.00,12225454.00,175090,12050364,2766.00,2635.00,5401.00,2635,2766,0.00,0.00,0,0,96402912.00,1400720.00,97803632.00,1400720,96402912
1669090065.559809,s1-eth2,134104.00,10009022.00,10143126.00,10009022,134104,2014.00,2091.00,4105.00,2091,2014,0.00,0.00,0,0,1072832.00,80072176.00,81145008.00,80072176,1072832
1669090065.559864,s2-eth1,10009022.00,134104.00,10143126.00,134104,10009022,2091.00,2014.00,4105.00,2014,2091,0.00,0.00,0,0,80072176.00,1072832.00,81145008.00,1072832,80072176
1669090065.559906,total,22368670.00,22229908.00,44598576.00,22229908,22368670,9507.00,9489.00,18996.00,9489,9507,0.00,0.00,0,0,178949360.00,177839264.00,356788608.00,177839264,178949360
1669090066.560182,lo,172.00,172.00,344.00,172,172,3.00,3.00,6.00,3,3,0.00,0.00,0,0,1376.00,1376.00,2752.00,1376,1376
1669090066.560227,eth0,0.00,0.00,0.00,0,0,0.00,0.00,0.00,0,0,0.00,0.00,0,0,0.00,0.00,0.00,0,0
1669090066.560239,docker0,0.00,0.00,0.00,0,0,0.00,0.00,0.00,0,0,0.00,0.00,0,0,0.00,0.00,0.00,0,0
1669090066.560250,s1-eth1,48462.00,2149892.00,2198354.00,2149892,48462,725.00,762.00,1487.00,762,725,0.00,0.00,0,0,387696.00,17199136.00,17586832.00,17199136,387696
1669090066.560266,s2-eth2,64350.00,6243700.00,6308050.00,6243700,64350,975.00,1030.00,2005.00,1030,975,0.00,0.00,0,0,514800.00,49949600.00,50464400.00,49949600,514800
1669090066.560280,s2-eth3,76230.00,3651610.00,3727840.00,3651610,76230,1155.00,1181.00,2336.00,1181,1155,0.00,0.00,0,0,609840.00,29212880.00,29822720.00,29212880,609840
1669090066.560309,s1-eth3,12066732.00,188976.00,12255708.00,188976,12066732,3014.00,2854.00,5868.00,2854,3014,0.00,0.00,0,0,96533856.00,1511808.00,98045664.00,1511808,96533856
1669090066.560324,s1-eth2,140514.00,9896758.00,10037272.00,9896758,140514,2129.00,2211.00,4340.00,2211,2129,0.00,0.00,0,0,1124112.00,79174064.00,80298176.00,79174064,1124112
1669090066.560338,s2-eth1,9896758.00,140514.00,10037272.00,140514,9896758,2211.00,2129.00,4340.00,2129,2211,0.00,0.00,0,0,79174064.00,1124112.00,80298176.00,1124112,79174064
1669090066.560362,total,22293218.00,22271622.00,44564840.00,22271622,22293218,10212.00,10170.00,20382.00,10170,10212,0.00,0.00,0,0,178345744.00,178172976.00,356518720.00,178172976,178345744
1669090067.560638,lo,0.00,0.00,0.00,0,0,0.00,0.00,0.00,0,0,0.00,0.00,0,0,0.00,0.00,0.00,0,0
1669090067.560682,eth0,0.00,0.00,0.00,0,0,0.00,0.00,0.00,0,0,0.00,0.00,0,0,0.00,0.00,0.00,0,0
1669090067.560694,docker0,0.00,0.00,0.00,0,0,0.00,0.00,0.00,0,0,0.00,0.00,0,0,0.00,0.00,0.00,0,0
1669090067.560704,s1-eth1,33924.00,1582500.00,1616424.00,1582500,33924,514.00,546.00,1060.00,546,514,0.00,0.00,0,0,271392.00,12660000.00,12931392.00,12660000,271392
1669090067.560719,s2-eth2,59994.00,6655832.00,6715826.00,6655832,59994,909.00,912.00,1821.00,912,909,0.00,0.00,0,0,479952.00,53246656.00,53726608.00,53246656,479952
1669090067.560733,s2-eth3,57288.00,3861976.00,3919264.00,3861976,57288,868.00,880.00,1748.00,880,868,0.00,0.00,0,0,458304.00,30895808.00,31354112.00,30895808,458304
1669090067.560762,s1-eth3,12034092.00,151272.00,12185364.00,151272,12034092,2322.00,2292.00,4614.00,2292,2322,0.00,0.00,0,0,96272736.00,1210176.00,97482912.00,1210176,96272736
1669090067.560777,s1-eth2,117282.00,10519322.00,10636604.00,10519322,117282,1777.00,1793.00,3570.00,1793,1777,0.00,0.00,0,0,938256.00,84154576.00,85092832.00,84154576,938256
1669090067.560811,s2-eth1,10519322.00,117282.00,10636604.00,117282,10519322,1793.00,1777.00,3570.00,1777,1793,0.00,0.00,0,0,84154576.00,938256.00,85092832.00,938256,84154576
1669090067.560835,total,22821902.00,22888184.00,45710088.00,22888184,22821902,8183.00,8200.00,16383.00,8200,8183,0.00,0.00,0,0,182575216.00,183105472.00,365680704.00,183105472,182575216
1669090068.561114,lo,510.00,510.00,1020.00,510,510,9.00,9.00,18.00,9,9,0.00,0.00,0,0,4080.00,4080.00,8160.00,4080,4080
1669090068.561163,eth0,206.00,208.00,414.00,208,206,3.00,3.00,6.00,3,3,0.00,0.00,0,0,1648.00,1664.00,3312.00,1664,1648
1669090068.561177,docker0,0.00,0.00,0.00,0,0,0.00,0.00,0.00,0,0,0.00,0.00,0,0,0.00,0.00,0.00,0,0
1669090068.561187,s1-eth1,38214.00,1782534.00,1820748.00,1782534,38214,579.00,615.00,1194.00,615,579,0.00,0.00,0,0,305712.00,14260272.00,14565984.00,14260272,305712
1669090068.561201,s2-eth2,57222.00,6356220.00,6413442.00,6356220,57222,867.00,870.00,1737.00,870,867,0.00,0.00,0,0,457776.00,50849760.00,51307536.00,50849760,457776
1669090068.561215,s2-eth3,59004.00,3966104.00,4025108.00,3966104,59004,894.00,900.00,1794.00,900,894,0.00,0.00,0,0,472032.00,31728832.00,32200864.00,31728832,472032
1669090068.561261,s1-eth3,12034232.00,154440.00,12188672.00,154440,12034232,2368.00,2340.00,4708.00,2340,2368,0.00,0.00,0,0,96273856.00,1235520.00,97509376.00,1235520,96273856
1669090068.561276,s1-eth2,116226.00,10322324.00,10438550.00,10322324,116226,1761.00,1770.00,3531.00,1770,1761,0.00,0.00,0,0,929808.00,82578592.00,83508400.00,82578592,929808
1669090068.561289,s2-eth1,10322324.00,116226.00,10438550.00,116226,10322324,1770.00,1761.00,3531.00,1761,1770,0.00,0.00,0,0,82578592.00,929808.00,83508400.00,929808,82578592
1669090068.561313,total,22627938.00,22698566.00,45326504.00,22698566,22627938,8251.00,8268.00,16519.00,8268,8251,0.00,0.00,0,0,181023504.00,181588528.00,362612032.00,181588528,181023504
1669090069.561591,lo,110.00,110.00,220.00,110,110,2.00,2.00,4.00,2,2,0.00,0.00,0,0,880.00,880.00,1760.00,880,880
1669090069.561640,eth0,98.00,40.00,138.00,40,98,1.00,1.00,2.00,1,1,0.00,0.00,0,0,784.00,320.00,1104.00,320,784
1669090069.561654,docker0,0.00,0.00,0.00,0,0,0.00,0.00,0.00,0,0,0.00,0.00,0,0,0.00,0.00,0.00,0,0
1669090069.561664,s1-eth1,42216.00,1954438.00,1996654.00,1954438,42216,640.00,675.00,1315.00,675,640,0.00,0.00,0,0,337728.00,15635504.00,15973232.00,15635504,337728
1669090069.561678,s2-eth2,60102.00,6213124.00,6273226.00,6213124,60102,911.00,962.00,1873.00,962,911,0.00,0.00,0,0,480816.00,49704992.00,50185808.00,49704992,480816
1669090069.561691,s2-eth3,58254.00,3920664.00,3978918.00,3920664,58254,883.00,892.00,1775.00,892,883,0.00,0.00,0,0,466032.00,31365312.00,31831344.00,31365312,466032
1669090069.561722,s1-eth3,12033788.00,160506.00,12194294.00,160506,12033788,2494.00,2433.00,4927.00,2433,2494,0.00,0.00,0,0,96270304.00,1284048.00,97554352.00,1284048,96270304
1669090069.561737,s1-eth2,118356.00,10135236.00,10253592.00,10135236,118356,1794.00,1854.00,3648.00,1854,1794,0.00,0.00,0,0,946848.00,81081888.00,82028736.00,81081888,946848
1669090069.561750,s2-eth1,10135236.00,118356.00,10253592.00,118356,10135236,1854.00,1794.00,3648.00,1794,1854,0.00,0.00,0,0,81081888.00,946848.00,82028736.00,946848,81081888
1669090069.561774,total,22448160.00,22502474.00,44950632.00,22502474,22448160,8579.00,8613.00,17192.00,8613,8579,0.00,0.00,0,0,179585280.00,180019792.00,359605056.00,180019792,179585280
1669090070.562136,lo,0.00,0.00,0.00,0,0,0.00,0.00,0.00,0,0,0.00,0.00,0,0,0.00,0.00,0.00,0,0
1669090070.562185,eth0,0.00,0.00,0.00,0,0,0.00,0.00,0.00,0,0,0.00,0.00,0,0,0.00,0.00,0.00,0,0
1669090070.562197,docker0,0.00,0.00,0.00,0,0,0.00,0.00,0.00,0,0,0.00,0.00,0,0,0.00,0.00,0.00,0,0
1669090070.562208,s1-eth1,37728.00,1647668.00,1685396.00,1647668,37728,562.00,590.00,1152.00,590,562,0.00,0.00,0,0,301824.00,13181344.00,13483168.00,13181344,301824
1669090070.562225,s2-eth2,67254.00,7281194.00,7348448.00,7281194,67254,1019.00,1041.00,2060.00,1041,1019,0.00,0.00,0,0,538032.00,58249552.00,58787584.00,58249552,538032
1669090070.562239,s2-eth3,55200.00,2947958.00,3003158.00,2947958,55200,828.00,875.00,1703.00,875,828,0.00,0.00,0,0,441600.00,23583664.00,24025264.00,23583664,441600
1669090070.562301,s1-eth3,12036834.00,160248.00,12197082.00,160248,12036834,2561.00,2410.00,4971.00,2410,2561,0.00,0.00,0,0,96294672.00,1281984.00,97576656.00,1281984,96294672
1669090070.562319,s1-eth2,122454.00,10223162.00,10345616.00,10223162,122454,1847.00,1913.00,3760.00,1913,1847,0.00,0.00,0,0,979632.00,81785296.00,82764928.00,81785296,979632
1669090070.562333,s2-eth1,10223162.00,122454.00,10345616.00,122454,10223162,1913.00,1847.00,3760.00,1847,1913,0.00,0.00,0,0,81785296.00,979632.00,82764928.00,979632,81785296
1669090070.562357,total,22542632.00,22382684.00,44925316.00,22382684,22542632,8730.00,8676.00,17406.00,8676,8730,0.00,0.00,0,0,180341056.00,179061472.00,359402528.00,179061472,180341056
1669090071.562698,lo,172.00,172.00,344.00,172,172,3.00,3.00,6.00,3,3,0.00,0.00,0,0,1376.00,1376.00,2752.00,1376,1376
1669090071.562748,eth0,0.00,0.00,0.00,0,0,0.00,0.00,0.00,0,0,0.00,0.00,0,0,0.00,0.00,0.00,0,0
1669090071.562792,docker0,0.00,0.00,0.00,0,0,0.00,0.00,0.00,0,0,0.00,0.00,0,0,0.00,0.00,0.00,0,0
1669090071.562806,s1-eth1,35310.00,1647664.00,1682974.00,1647664,35310,535.00,568.00,1103.00,568,535,0.00,0.00,0,0,282480.00,13181312.00,13463792.00,13181312,282480
1669090071.562838,s2-eth2,61908.00,7711824.00,7773732.00,7711824,61908,938.00,940.00,1878.00,940,938,0.00,0.00,0,0,495264.00,61694592.00,62189856.00,61694592,495264
1669090071.562853,s2-eth3,59202.00,2739722.00,2798924.00,2739722,59202,897.00,945.00,1842.00,945,897,0.00,0.00,0,0,473616.00,21917776.00,22391392.00,21917776,473616
1669090071.562884,s1-eth3,12038720.00,156354.00,12195074.00,156354,12038720,2436.00,2369.00,4805.00,2369,2436,0.00,0.00,0,0,96309760.00,1250832.00,97560592.00,1250832,96309760
1669090071.562899,s1-eth2,121110.00,10451678.00,10572788.00,10451678,121110,1835.00,1887.00,3722.00,1887,1835,0.00,0.00,0,0,968880.00,83613424.00,84582304.00,83613424,968880
1669090071.562913,s2-eth1,10451678.00,121110.00,10572788.00,121110,10451678,1887.00,1835.00,3722.00,1835,1887,0.00,0.00,0,0,83613424.00,968880.00,84582304.00,968880,83613424
1669090071.562937,total,22768100.00,22828524.00,45596624.00,22828524,22768100,8531.00,8547.00,17078.00,8547,8531,0.00,0.00,0,0,182144800.00,182628192.00,364772992.00,182628192,182144800
1669090072.563236,lo,0.00,0.00,0.00,0,0,0.00,0.00,0.00,0,0,0.00,0.00,0,0,0.00,0.00,0.00,0,0
1669090072.563282,eth0,0.00,0.00,0.00,0,0,0.00,0.00,0.00,0,0,0.00,0.00,0,0,0.00,0.00,0.00,0,0
1669090072.563293,docker0,0.00,0.00,0.00,0,0,0.00,0.00,0.00,0,0,0.00,0.00,0,0,0.00,0.00,0.00,0,0
1669090072.563303,s1-eth1,38478.00,1812154.00,1850632.00,1812154,38478,583.00,625.00,1208.00,625,583,0.00,0.00,0,0,307824.00,14497232.00,14805056.00,14497232,307824
1669090072.563317,s2-eth2,63228.00,7310274.00,7373502.00,7310274,63228,958.00,977.00,1935.00,977,958,0.00,0.00,0,0,505824.00,58482192.00,58988016.00,58482192,505824
1669090072.563331,s2-eth3,58806.00,2757494.00,2816300.00,2757494,58806,891.00,951.00,1842.00,951,891,0.00,0.00,0,0,470448.00,22059952.00,22530400.00,22059952,470448
1669090072.563379,s1-eth3,11813112.00,160578.00,11973690.00,160578,11813112,2528.00,2433.00,4961.00,2433,2528,0.00,0.00,0,0,94504896.00,1284624.00,95789520.00,1284624,94504896
1669090072.563396,s1-eth2,122100.00,10070598.00,10192698.00,10070598,122100,1850.00,1927.00,3777.00,1927,1850,0.00,0.00,0,0,976800.00,80564784.00,81541584.00,80564784,976800
1669090072.563409,s2-eth1,10070598.00,122100.00,10192698.00,122100,10070598,1927.00,1850.00,3777.00,1850,1927,0.00,0.00,0,0,80564784.00,976800.00,81541584.00,976800,80564784
1669090072.563433,total,22166322.00,22233198.00,44399520.00,22233198,22166322,8737.00,8763.00,17500.00,8763,8737,0.00,0.00,0,0,177330576.00,177865584.00,355196160.00,177865584,177330576
1669090073.563713,lo,510.00,510.00,1020.00,510,510,9.00,9.00,18.00,9,9,0.00,0.00,0,0,4080.00,4080.00,8160.00,4080,4080
1669090073.563810,eth0,296.00,284.00,580.00,284,296,4.00,4.00,8.00,4,4,0.00,0.00,0,0,2368.00,2272.00,4640.00,2272,2368
1669090073.563824,docker0,0.00,0.00,0.00,0,0,0.00,0.00,0.00,0,0,0.00,0.00,0,0,0.00,0.00,0.00,0,0
1669090073.563834,s1-eth1,43494.00,2016664.00,2060158.00,2016664,43494,659.00,696.00,1355.00,696,659,0.00,0.00,0,0,347952.00,16133312.00,16481264.00,16133312,347952
1669090073.563848,s2-eth2,64482.00,7189104.00,7253586.00,7189104,64482,977.00,984.00,1961.00,984,977,0.00,0.00,0,0,515856.00,57512832.00,58028688.00,57512832,515856
1669090073.563862,s2-eth3,62700.00,2892364.00,2955064.00,2892364,62700,950.00,998.00,1948.00,998,950,0.00,0.00,0,0,501600.00,23138912.00,23640512.00,23138912,501600
1669090073.563928,s1-eth3,12046528.00,170808.00,12217336.00,170808,12046528,2664.00,2588.00,5252.00,2588,2664,0.00,0.00,0,0,96372224.00,1366464.00,97738688.00,1366464,96372224
1669090073.563946,s1-eth2,127248.00,10083048.00,10210296.00,10083048,127248,1928.00,1984.00,3912.00,1984,1928,0.00,0.00,0,0,1017984.00,80664384.00,81682368.00,80664384,1017984
1669090073.563960,s2-eth1,10083048.00,127248.00,10210296.00,127248,10083048,1984.00,1928.00,3912.00,1928,1984,0.00,0.00,0,0,80664384.00,1017984.00,81682368.00,1017984,80664384
1669090073.563983,total,22428306.00,22480030.00,44908336.00,22480030,22428306,9175.00,9191.00,18366.00,9191,9175,0.00,0.00,0,0,179426448.00,179840240.00,359266688.00,179840240,179426448
1669090074.564283,lo,110.00,110.00,220.00,110,110,2.00,2.00,4.00,2,2,0.00,0.00,0,0,880.00,880.00,1760.00,880,880
1669090074.564334,eth0,98.00,40.00,138.00,40,98,1.00,1.00,2.00,1,1,0.00,0.00,0,0,784.00,320.00,1104.00,320,784
1669090074.564348,docker0,0.00,0.00,0.00,0,0,0.00,0.00,0.00,0,0,0.00,0.00,0,0,0.00,0.00,0.00,0,0
1669090074.564358,s1-eth1,40926.00,1804588.00,1845514.00,1804588,40926,611.00,642.00,1253.00,642,611,0.00,0.00,0,0,327408.00,14436704.00,14764112.00,14436704,327408
1669090074.564372,s2-eth2,64940.00,5519960.00,5584900.00,5519960,64940,962.00,1012.00,1974.00,1012,962,0.00,0.00,0,0,519520.00,44159680.00,44679200.00,44159680,519520
1669090074.564386,s2-eth3,72294.00,4468266.00,4540560.00,4468266,72294,1095.00,1093.00,2188.00,1093,1095,0.00,0.00,0,0,578352.00,35746128.00,36324480.00,35746128,578352
1669090074.564416,s1-eth3,12063008.00,178028.00,12241036.00,178028,12063008,2804.00,2666.00,5470.00,2666,2804,0.00,0.00,0,0,96504064.00,1424224.00,97928288.00,1424224,96504064
1669090074.564431,s1-eth2,137168.00,9985264.00,10122432.00,9985264,137168,2056.00,2104.00,4160.00,2104,2056,0.00,0.00,0,0,1097344.00,79882112.00,80979456.00,79882112,1097344
1669090074.564445,s2-eth1,9985264.00,137168.00,10122432.00,137168,9985264,2104.00,2056.00,4160.00,2056,2104,0.00,0.00,0,0,79882112.00,1097344.00,80979456.00,1097344,79882112
1669090074.564469,total,22363808.00,22093424.00,44457232.00,22093424,22363808,9635.00,9576.00,19211.00,9576,9635,0.00,0.00,0,0,178910464.00,176747392.00,355657856.00,176747392,178910464
1669090075.564813,lo,0.00,0.00,0.00,0,0,0.00,0.00,0.00,0,0,0.00,0.00,0,0,0.00,0.00,0.00,0,0
1669090075.564856,eth0,0.00,0.00,0.00,0,0,0.00,0.00,0.00,0,0,0.00,0.00,0,0,0.00,0.00,0.00,0,0
1669090075.564868,docker0,0.00,0.00,0.00,0,0,0.00,0.00,0.00,0,0,0.00,0.00,0,0,0.00,0.00,0.00,0,0
1669090075.564880,s1-eth1,45210.00,2105524.00,2150734.00,2105524,45210,685.00,726.00,1411.00,726,685,0.00,0.00,0,0,361680.00,16844192.00,17205872.00,16844192,361680
1669090075.564895,s2-eth2,59664.00,5444726.00,5504390.00,5444726,59664,904.00,991.00,1895.00,991,904,0.00,0.00,0,0,477312.00,43557808.00,44035120.00,43557808,477312
1669090075.564909,s2-eth3,68178.00,4577580.00,4645758.00,4577580,68178,1033.00,1038.00,2071.00,1038,1033,0.00,0.00,0,0,545424.00,36620640.00,37166064.00,36620640,545424
1669090075.564973,s1-eth3,12049766.00,173118.00,12222884.00,173118,12049766,2735.00,2623.00,5358.00,2623,2735,0.00,0.00,0,0,96398128.00,1384944.00,97783072.00,1384944,96398128
1669090075.564991,s1-eth2,127776.00,10022306.00,10150082.00,10022306,127776,1936.00,2029.00,3965.00,2029,1936,0.00,0.00,0,0,1022208.00,80178448.00,81200656.00,80178448,1022208
1669090075.565005,s2-eth1,10022306.00,127776.00,10150082.00,127776,10022306,2029.00,1936.00,3965.00,1936,2029,0.00,0.00,0,0,80178448.00,1022208.00,81200656.00,1022208,80178448
1669090075.565030,total,22372900.00,22451030.00,44823928.00,22451030,22372900,9322.00,9343.00,18665.00,9343,9322,0.00,0.00,0,0,178983200.00,179608240.00,358591424.00,179608240,178983200
1669090076.565364,lo,172.00,172.00,344.00,172,172,3.00,3.00,6.00,3,3,0.00,0.00,0,0,1376.00,1376.00,2752.00,1376,1376
1669090076.565456,eth0,0.00,0.00,0.00,0,0,0.00,0.00,0.00,0,0,0.00,0.00,0,0,0.00,0.00,0.00,0,0
1669090076.565470,docker0,0.00,0.00,0.00,0,0,0.00,0.00,0.00,0,0,0.00,0.00,0,0,0.00,0.00,0.00,0,0
1669090076.565481,s1-eth1,49764.00,2307072.00,2356836.00,2307072,49764,754.00,796.00,1550.00,796,754,0.00,0.00,0,0,398112.00,18456576.00,18854688.00,18456576,398112
1669090076.565496,s2-eth2,57948.00,5270302.00,5328250.00,5270302,57948,878.00,959.00,1837.00,959,878,0.00,0.00,0,0,463584.00,42162416.00,42626000.00,42162416,463584
1669090076.565514,s2-eth3,67848.00,4559940.00,4627788.00,4559940,67848,1028.00,1034.00,2062.00,1034,1028,0.00,0.00,0,0,542784.00,36479520.00,37022304.00,36479520,542784
1669090076.565544,s1-eth3,12065306.00,175494.00,12240800.00,175494,12065306,2773.00,2659.00,5432.00,2659,2773,0.00,0.00,0,0,96522448.00,1403952.00,97926400.00,1403952,96522448
1669090076.565598,s1-eth2,125862.00,9834652.00,9960514.00,9834652,125862,1907.00,1994.00,3901.00,1994,1907,0.00,0.00,0,0,1006896.00,78677216.00,79684112.00,78677216,1006896
1669090076.565616,s2-eth1,9834652.00,125862.00,9960514.00,125862,9834652,1994.00,1907.00,3901.00,1907,1994,0.00,0.00,0,0,78677216.00,1006896.00,79684112.00,1006896,78677216
1669090076.565643,total,22201552.00,22273494.00,44475048.00,22273494,22201552,9337.00,9352.00,18689.00,9352,9337,0.00,0.00,0,0,177612416.00,178187952.00,355800384.00,178187952,177612416
1669090077.565988,lo,0.00,0.00,0.00,0,0,0.00,0.00,0.00,0,0,0.00,0.00,0,0,0.00,0.00,0.00,0,0
1669090077.566036,eth0,0.00,0.00,0.00,0,0,0.00,0.00,0.00,0,0,0.00,0.00,0,0,0.00,0.00,0.00,0,0
1669090077.566048,docker0,0.00,0.00,0.00,0,0,0.00,0.00,0.00,0,0,0.00,0.00,0,0,0.00,0.00,0.00,0,0
1669090077.566058,s1-eth1,53064.00,2461162.00,2514226.00,2461162,53064,804.00,849.00,1653.00,849,804,0.00,0.00,0,0,424512.00,19689296.00,20113808.00,19689296,424512
1669090077.566073,s2-eth2,56760.00,5179404.00,5236164.00,5179404,56760,860.00,942.00,1802.00,942,860,0.00,0.00,0,0,454080.00,41435232.00,41889312.00,41435232,454080
1669090077.566087,s2-eth3,67056.00,4489446.00,4556502.00,4489446,67056,1016.00,1019.00,2035.00,1019,1016,0.00,0.00,0,0,536448.00,35915568.00,36452016.00,35915568,536448
1669090077.566164,s1-eth3,12063664.00,176880.00,12240544.00,176880,12063664,2792.00,2680.00,5472.00,2680,2792,0.00,0.00,0,0,96509312.00,1415040.00,97924352.00,1415040,96509312
1669090077.566183,s1-eth2,123750.00,9658582.00,9782332.00,9658582,123750,1875.00,1959.00,3834.00,1959,1875,0.00,0.00,0,0,990000.00,77268656.00,78258656.00,77268656,990000
1669090077.566197,s2-eth1,9658582.00,123750.00,9782332.00,123750,9658582,1959.00,1875.00,3834.00,1875,1959,0.00,0.00,0,0,77268656.00,990000.00,78258656.00,990000,77268656
1669090077.566221,total,22022876.00,22089224.00,44112100.00,22089224,22022876,9306.00,9324.00,18630.00,9324,9306,0.00,0.00,0,0,176183008.00,176713792.00,352896800.00,176713792,176183008
1669090078.566545,lo,510.00,510.00,1020.00,510,510,9.00,9.00,18.00,9,9,0.00,0.00,0,0,4080.00,4080.00,8160.00,4080,4080
1669090078.566595,eth0,206.00,208.00,414.00,208,206,3.00,3.00,6.00,3,3,0.00,0.00,0,0,1648.00,1664.00,3312.00,1664,1648
1669090078.566609,docker0,0.00,0.00,0.00,0,0,0.00,0.00,0.00,0,0,0.00,0.00,0,0,0.00,0.00,0.00,0,0
1669090078.566623,s1-eth1,52392.00,2338078.00,2390470.00,2338078,52392,784.00,827.00,1611.00,827,784,0.00,0.00,0,0,419136.00,18704624.00,19123760.00,18704624,419136
1669090078.566638,s2-eth2,59910.00,4510634.00,4570544.00,4510634,59910,899.00,989.00,1888.00,989,899,0.00,0.00,0,0,479280.00,36085072.00,36564352.00,36085072,479280
1669090078.566652,s2-eth3,67848.00,4999732.00,5067580.00,4999732,67848,1028.00,1006.00,2034.00,1006,1028,0.00,0.00,0,0,542784.00,39997856.00,40540640.00,39997856,542784
1669090078.566710,s1-eth3,12064732.00,180348.00,12245080.00,180348,12064732,2874.00,2714.00,5588.00,2714,2874,0.00,0.00,0,0,96517856.00,1442784.00,97960640.00,1442784,96517856
1669090078.566727,s1-eth2,127956.00,9519186.00,9647142.00,9519186,127956,1930.00,1997.00,3927.00,1997,1930,0.00,0.00,0,0,1023648.00,76153488.00,77177136.00,76153488,1023648
1669090078.566741,s2-eth1,9519186.00,127956.00,9647142.00,127956,9519186,1997.00,1930.00,3927.00,1930,1997,0.00,0.00,0,0,76153488.00,1023648.00,77177136.00,1023648,76153488
1669090078.566765,total,21892740.00,21676652.00,43569392.00,21676652,21892740,9524.00,9475.00,18999.00,9475,9524,0.00,0.00,0,0,175141920.00,173413216.00,348555136.00,173413216,175141920
1669090079.567066,lo,110.00,110.00,220.00,110,110,2.00,2.00,4.00,2,2,0.00,0.00,0,0,880.00,880.00,1760.00,880,880
1669090079.567119,eth0,98.00,40.00,138.00,40,98,1.00,1.00,2.00,1,1,0.00,0.00,0,0,784.00,320.00,1104.00,320,784
1669090079.567133,docker0,0.00,0.00,0.00,0,0,0.00,0.00,0.00,0,0,0.00,0.00,0,0,0.00,0.00,0.00,0,0
1669090079.567143,s1-eth1,45738.00,2127772.00,2173510.00,2127772,45738,693.00,734.00,1427.00,734,693,0.00,0.00,0,0,365904.00,17022176.00,17388080.00,17022176,365904
1669090079.567191,s2-eth2,80652.00,3792940.00,3873592.00,3792940,80652,1222.00,1282.00,2504.00,1282,1222,0.00,0.00,0,0,645216.00,30343520.00,30988736.00,30343520,645216
1669090079.567222,s2-eth3,59466.00,6210248.00,6269714.00,6210248,59466,901.00,940.00,1841.00,940,901,0.00,0.00,0,0,475728.00,49681984.00,50157712.00,49681984,475728
1669090079.567253,s1-eth3,12054472.00,185658.00,12240130.00,185658,12054472,2916.00,2813.00,5729.00,2813,2916,0.00,0.00,0,0,96435776.00,1485264.00,97921040.00,1485264,96435776
1669090079.567267,s1-eth2,139920.00,9994368.00,10134288.00,9994368,139920,2120.00,2220.00,4340.00,2220,2120,0.00,0.00,0,0,1119360.00,79954944.00,81074304.00,79954944,1119360
1669090079.567281,s2-eth1,9994368.00,139920.00,10134288.00,139920,9994368,2220.00,2120.00,4340.00,2120,2220,0.00,0.00,0,0,79954944.00,1119360.00,81074304.00,1119360,79954944
1669090079.567304,total,22374824.00,22451056.00,44825880.00,22451056,22374824,10075.00,10112.00,20187.00,10112,10075,0.00,0.00,0,0,178998592.00,179608448.00,358607040.00,179608448,178998592
1669090080.567591,lo,0.00,0.00,0.00,0,0,0.00,0.00,0.00,0,0,0.00,0.00,0,0,0.00,0.00,0.00,0,0
1669090080.567637,eth0,0.00,0.00,0.00,0,0,0.00,0.00,0.00,0,0,0.00,0.00,0,0,0.00,0.00,0.00,0,0
1669090080.567648,docker0,0.00,0.00,0.00,0,0,0.00,0.00,0.00,0,0,0.00,0.00,0,0,0.00,0.00,0.00,0,0
1669090080.567658,s1-eth1,50490.00,2342616.00,2393106.00,2342616,50490,765.00,808.00,1573.00,808,765,0.00,0.00,0,0,403920.00,18740928.00,19144848.00,18740928,403920
1669090080.567673,s2-eth2,73986.00,3763366.00,3837352.00,3763366,73986,1121.00,1163.00,2284.00,1163,1121,0.00,0.00,0,0,591888.00,30106928.00,30698816.00,30106928,591888
1669090080.567687,s2-eth3,66264.00,6044152.00,6110416.00,6044152,66264,1004.00,1100.00,2104.00,1100,1004,0.00,0.00,0,0,530112.00,48353216.00,48883328.00,48353216,530112
1669090080.567717,s1-eth3,12076678.00,190740.00,12267418.00,190740,12076678,3055.00,2890.00,5945.00,2890,3055,0.00,0.00,0,0,96613424.00,1525920.00,98139344.00,1525920,96613424
1669090080.567731,s1-eth2,140316.00,9814824.00,9955140.00,9814824,140316,2126.00,2264.00,4390.00,2264,2126,0.00,0.00,0,0,1122528.00,78518592.00,79641120.00,78518592,1122528
1669090080.567745,s2-eth1,9814824.00,140316.00,9955140.00,140316,9814824,2264.00,2126.00,4390.00,2126,2264,0.00,0.00,0,0,78518592.00,1122528.00,79641120.00,1122528,78518592
1669090080.567769,total,22222558.00,22296014.00,44518572.00,22296014,22222558,10335.00,10351.00,20686.00,10351,10335,0.00,0.00,0,0,177780464.00,178368112.00,356148576.00,178368112,177780464
1669090081.567973,lo,172.00,172.00,344.00,172,172,3.00,3.00,6.00,3,3,0.00,0.00,0,0,1376.00,1376.00,2752.00,1376,1376
1669090081.568020,eth0,0.00,0.00,0.00,0,0,0.00,0.00,0.00,0,0,0.00,0.00,0,0,0.00,0.00,0.00,0,0
1669090081.568032,docker0,0.00,0.00,0.00,0,0,0.00,0.00,0.00,0,0,0.00,0.00,0,0,0.00,0.00,0.00,0,0
1669090081.568042,s1-eth1,54606.00,2416934.00,2471540.00,2416934,54606,817.00,859.00,1676.00,859,817,0.00,0.00,0,0,436848.00,19335472.00,19772320.00,19335472,436848
1669090081.568056,s2-eth2,67098.00,3631244.00,3698342.00,3631244,67098,1009.00,1026.00,2035.00,1026,1009,0.00,0.00,0,0,536784.00,29049952.00,29586736.00,29049952,536784
1669090081.568070,s2-eth3,66948.00,5674380.00,5741328.00,5674380,66948,1004.00,1070.00,2074.00,1070,1004,0.00,0.00,0,0,535584.00,45395040.00,45930624.00,45395040,535584
1669090081.568099,s1-eth3,12079508.00,188652.00,12268160.00,188652,12079508,3054.00,2830.00,5884.00,2830,3054,0.00,0.00,0,0,96636064.00,1509216.00,98145280.00,1509216,96636064
1669090081.568113,s1-eth2,134046.00,9308520.00,9442566.00,9308520,134046,2013.00,2096.00,4109.00,2096,2013,0.00,0.00,0,0,1072368.00,74468160.00,75540528.00,74468160,1072368
1669090081.568152,s2-eth1,9308520.00,134046.00,9442566.00,134046,9308520,2096.00,2013.00,4109.00,2013,2096,0.00,0.00,0,0,74468160.00,1072368.00,75540528.00,1072368,74468160
1669090081.568177,total,21710898.00,21353948.00,43064848.00,21353948,21710898,9996.00,9897.00,19893.00,9897,9996,0.00,0.00,0,0,173687184.00,170831584.00,344518784.00,170831584,173687184
1669090082.568461,lo,1044.00,1044.00,2088.00,1044,1044,10.00,10.00,20.00,10,10,0.00,0.00,0,0,8352.00,8352.00,16704.00,8352,8352
1669090082.568527,eth0,266.00,224.00,490.00,224,266,3.00,3.00,6.00,3,3,0.00,0.00,0,0,2128.00,1792.00,3920.00,1792,2128
1669090082.568541,docker0,0.00,0.00,0.00,0,0,0.00,0.00,0.00,0,0,0.00,0.00,0,0,0.00,0.00,0.00,0,0
1669090082.568551,s1-eth1,62700.00,2913168.00,2975868.00,2913168,62700,950.00,1006.00,1956.00,1006,950,0.00,0.00,0,0,501600.00,23305344.00,23806944.00,23305344,501600
1669090082.568564,s2-eth2,61714.00,3738318.00,3800032.00,3738318,61714,935.00,959.00,1894.00,959,935,0.00,0.00,0,0,493712.00,29906544.00,30400256.00,29906544,493712
1669090082.568578,s2-eth3,60992.00,5522394.00,5583386.00,5522394,60992,924.00,1005.00,1929.00,1005,924,0.00,0.00,0,0,487936.00,44179152.00,44667088.00,44179152,487936
1669090082.568607,s1-eth3,12065078.00,185130.00,12250208.00,185130,12065078,2945.00,2805.00,5750.00,2805,2945,0.00,0.00,0,0,96520624.00,1481040.00,98001664.00,1481040,96520624
1669090082.568621,s1-eth2,122500.00,9253406.00,9375906.00,9253406,122500,1856.00,1963.00,3819.00,1963,1856,0.00,0.00,0,0,980000.00,74027248.00,75007248.00,74027248,980000
1669090082.568635,s2-eth1,9253406.00,122500.00,9375906.00,122500,9253406,1963.00,1856.00,3819.00,1856,1963,0.00,0.00,0,0,74027248.00,980000.00,75007248.00,980000,74027248
1669090082.568658,total,21627700.00,21736184.00,43363884.00,21736184,21627700,9586.00,9607.00,19193.00,9607,9586,0.00,0.00,0,0,173021600.00,173889472.00,346911072.00,173889472,173021600
1669090083.568988,lo,339.00,339.00,678.00,339,339,6.00,6.00,12.00,6,6,0.00,0.00,0,0,2712.00,2712.00,5424.00,2712,2712
1669090083.569041,eth0,296.00,292.00,588.00,292,296,4.00,4.00,8.00,4,4,0.00,0.00,0,0,2368.00,2336.00,4704.00,2336,2368
1669090083.569055,docker0,0.00,0.00,0.00,0,0,0.00,0.00,0.00,0,0,0.00,0.00,0,0,0.00,0.00,0.00,0,0
1669090083.569065,s1-eth1,67386.00,3127942.00,3195328.00,3127942,67386,1021.00,1079.00,2100.00,1079,1021,0.00,0.00,0,0,539088.00,25023536.00,25562624.00,25023536,539088
1669090083.569079,s2-eth2,58344.00,3751536.00,3809880.00,3751536,58344,884.00,896.00,1780.00,896,884,0.00,0.00,0,0,466752.00,30012288.00,30479040.00,30012288,466752
1669090083.569148,s2-eth3,57552.00,5270302.00,5327854.00,5270302,57552,872.00,959.00,1831.00,959,872,0.00,0.00,0,0,460416.00,42162416.00,42622832.00,42162416,460416
1669090083.569180,s1-eth3,12060066.00,183414.00,12243480.00,183414,12060066,2913.00,2779.00,5692.00,2779,2913,0.00,0.00,0,0,96480528.00,1467312.00,97947840.00,1467312,96480528
1669090083.569195,s1-eth2,115962.00,9030658.00,9146620.00,9030658,115962,1757.00,1857.00,3614.00,1857,1757,0.00,0.00,0,0,927696.00,72245264.00,73172960.00,72245264,927696
1669090083.569209,s2-eth1,9030658.00,115962.00,9146620.00,115962,9030658,1857.00,1757.00,3614.00,1757,1857,0.00,0.00,0,0,72245264.00,927696.00,73172960.00,927696,72245264
1669090083.569233,total,21390604.00,21480444.00,42871048.00,21480445,21390603,9314.00,9337.00,18651.00,9337,9314,0.00,0.00,0,0,171124832.00,171843552.00,342968384.00,171843560,171124824
1669090084.569514,lo,228.00,228.00,456.00,228,228,4.00,4.00,8.00,4,4,0.00,0.00,0,0,1824.00,1824.00,3648.00,1824,1824
1669090084.569566,eth0,152.00,132.00,284.00,132,152,2.00,2.00,4.00,2,2,0.00,0.00,0,0,1216.00,1056.00,2272.00,1056,1216
1669090084.569580,docker0,0.00,0.00,0.00,0,0,0.00,0.00,0.00,0,0,0.00,0.00,0,0,0.00,0.00,0.00,0,0
1669090084.569590,s1-eth1,71416.00,3311652.00,3383068.00,3311652,71416,1082.00,1142.00,2224.00,1142,1082,0.00,0.00,0,0,571328.00,26493216.00,27064544.00,26493216,571328
1669090084.569604,s2-eth2,56236.00,3788322.00,3844558.00,3788322,56236,852.00,861.00,1713.00,861,852,0.00,0.00,0,0,449888.00,30306576.00,30756464.00,30306576,449888
1669090084.569618,s2-eth3,55638.00,5053424.00,5109062.00,5053424,55638,843.00,920.00,1763.00,920,843,0.00,0.00,0,0,445104.00,40427392.00,40872496.00,40427392,445104
1669090084.569648,s1-eth3,12063486.00,183084.00,12246570.00,183084,12063486,2899.00,2774.00,5673.00,2774,2899,0.00,0.00,0,0,96507888.00,1464672.00,97972560.00,1464672,96507888
1669090084.569663,s1-eth2,111738.00,8834440.00,8946178.00,8834440,111738,1693.00,1780.00,3473.00,1780,1693,0.00,0.00,0,0,893904.00,70675520.00,71569424.00,70675520,893904
1669090084.569728,s2-eth1,8834440.00,111738.00,8946178.00,111738,8834440,1780.00,1693.00,3473.00,1693,1780,0.00,0.00,0,0,70675520.00,893904.00,71569424.00,893904,70675520
1669090084.569756,total,21193334.00,21283020.00,42476352.00,21283020,21193334,9155.00,9176.00,18331.00,9176,9155,0.00,0.00,0,0,169546672.00,170264160.00,339810816.00,170264160,169546672
1669090085.570043,lo,270.00,270.00,540.00,270,270,4.00,4.00,8.00,4,4,0.00,0.00,0,0,2160.00,2160.00,4320.00,2160,2160
1669090085.570090,eth0,308.00,252.00,560.00,252,308,4.00,4.00,8.00,4,4,0.00,0.00,0,0,2464.00,2016.00,4480.00,2016,2464
1669090085.570104,docker0,0.00,0.00,0.00,0,0,0.00,0.00,0.00,0,0,0.00,0.00,0,0,0.00,0.00,0.00,0,0
1669090085.570116,s1-eth1,72798.00,3362072.00,3434870.00,3362072,72798,1103.00,1160.00,2263.00,1160,1103,0.00,0.00,0,0,582384.00,26896576.00,27478960.00,26896576,582384
1669090085.570130,s2-eth2,56562.00,3805896.00,3862458.00,3805896,56562,857.00,864.00,1721.00,864,857,0.00,0.00,0,0,452496.00,30447168.00,30899664.00,30447168,452496
1669090085.570143,s2-eth3,67254.00,4968412.00,5035666.00,4968412,67254,1019.00,1058.00,2077.00,1058,1019,0.00,0.00,0,0,538032.00,39747296.00,40285328.00,39747296,538032
1669090085.570217,s1-eth3,12067858.00,196614.00,12264472.00,196614,12067858,3053.00,2979.00,6032.00,2979,3053,0.00,0.00,0,0,96542864.00,1572912.00,98115776.00,1572912,96542864
1669090085.570236,s1-eth2,123816.00,8777204.00,8901020.00,8777204,123816,1876.00,1922.00,3798.00,1922,1876,0.00,0.00,0,0,990528.00,70217632.00,71208160.00,70217632,990528
1669090085.570250,s2-eth1,8777204.00,123816.00,8901020.00,123816,8777204,1922.00,1876.00,3798.00,1876,1922,0.00,0.00,0,0,70217632.00,990528.00,71208160.00,990528,70217632
1669090085.570274,total,21166070.00,21234536.00,42400608.00,21234536,21166070,9838.00,9867.00,19705.00,9867,9838,0.00,0.00,0,0,169328560.00,169876288.00,339204864.00,169876288,169328560
1669090086.570558,lo,1158.00,1158.00,2316.00,1158,1158,9.00,9.00,18.00,9,9,0.00,0.00,0,0,9264.00,9264.00,18528.00,9264,9264
1669090086.570671,eth0,0.00,0.00,0.00,0,0,0.00,0.00,0.00,0,0,0.00,0.00,0,0,0.00,0.00,0.00,0,0
1669090086.570684,docker0,0.00,0.00,0.00,0,0,0.00,0.00,0.00,0,0,0.00,0.00,0,0,0.00,0.00,0.00,0,0
1669090086.570695,s1-eth1,76634.00,4961386.00,5038020.00,4961386,76634,1161.00,1149.00,2310.00,1149,1161,0.00,0.00,0,0,613072.00,39691088.00,40304160.00,39691088,613072
1669090086.570712,s2-eth2,55882.00,3385770.00,3441652.00,3385770,55882,839.00,817.00,1656.00,817,839,0.00,0.00,0,0,447056.00,27086160.00,27533216.00,27086160,447056
1669090086.570726,s2-eth3,53034.00,3195550.00,3248584.00,3195550,53034,793.00,765.00,1558.00,765,793,0.00,0.00,0,0,424272.00,25564400.00,25988672.00,25564400,424272
1669090086.570756,s1-eth3,12058036.00,185076.00,12243112.00,185076,12058036,2904.00,2786.00,5690.00,2786,2904,0.00,0.00,0,0,96464288.00,1480608.00,97944896.00,1480608,96464288
1669090086.570771,s1-eth2,108714.00,6590210.00,6698924.00,6590210,108714,1629.00,1585.00,3214.00,1585,1629,0.00,0.00,0,0,869712.00,52721680.00,53591392.00,52721680,869712
1669090086.570785,s2-eth1,6590210.00,108714.00,6698924.00,108714,6590210,1585.00,1629.00,3214.00,1629,1585,0.00,0.00,0,0,52721680.00,869712.00,53591392.00,869712,52721680
1669090086.570808,total,18943668.00,18427864.00,37371532.00,18427864,18943668,8920.00,8740.00,17660.00,8740,8920,0.00,0.00,0,0,151549344.00,147422912.00,298972256.00,147422912,151549344
