1669089854.916786,lo,0.00,0.00,0.00,0,0,0.00,0.00,0.00,0,0,0.00,0.00,0,0,0.00,0.00,0.00,0,0
1669089854.916881,eth0,0.00,0.00,0.00,0,0,0.00,0.00,0.00,0,0,0.00,0.00,0,0,0.00,0.00,0.00,0,0
1669089854.916895,docker0,0.00,0.00,0.00,0,0,0.00,0.00,0.00,0,0,0.00,0.00,0,0,0.00,0.00,0.00,0,0
1669089854.916909,s1-eth1,0.00,0.00,0.00,0,0,0.00,0.00,0.00,0,0,0.00,0.00,0,0,0.00,0.00,0.00,0,0
1669089854.916919,s2-eth2,0.00,0.00,0.00,0,0,0.00,0.00,0.00,0,0,0.00,0.00,0,0,0.00,0.00,0.00,0,0
1669089854.916929,s2-eth3,0.00,0.00,0.00,0,0,0.00,0.00,0.00,0,0,0.00,0.00,0,0,0.00,0.00,0.00,0,0
1669089854.916954,s1-eth3,0.00,0.00,0.00,0,0,0.00,0.00,0.00,0,0,0.00,0.00,0,0,0.00,0.00,0.00,0,0
1669089854.916964,s1-eth2,0.00,0.00,0.00,0,0,0.00,0.00,0.00,0,0,0.00,0.00,0,0,0.00,0.00,0.00,0,0
1669089854.916973,s2-eth1,0.00,0.00,0.00,0,0,0.00,0.00,0.00,0,0,0.00,0.00,0,0,0.00,0.00,0.00,0,0
1669089854.917029,total,0.00,0.00,0.00,0,0,0.00,0.00,0.00,0,0,0.00,0.00,0,0,0.00,0.00,0.00,0,0
1669089855.917324,lo,7340.00,7340.00,14680.00,7340,7340,52.00,52.00,104.00,52,52,0.00,0.00,0,0,58720.00,58720.00,117440.00,58720,58720
1669089855.917394,eth0,0.00,0.00,0.00,0,0,0.00,0.00,0.00,0,0,0.00,0.00,0,0,0.00,0.00,0.00,0,0
1669089855.917412,docker0,0.00,0.00,0.00,0,0,0.00,0.00,0.00,0,0,0.00,0.00,0,0,0.00,0.00,0.00,0,0
1669089855.917424,s1-eth1,77882.00,4872856.00,4950738.00,4872856,77882,933.00,1124.00,2057.00,1124,933,0.00,0.00,0,0,623056.00,38982848.00,39605904.00,38982848,623056
1669089855.917438,s2-eth2,49620.00,4631494.00,4681114.00,4631494,49620,602.00,801.00,1403.00,801,602,0.00,0.00,0,0,396960.00,37051952.00,37448912.00,37051952,396960
1669089855.917452,s2-eth3,69086.00,3146506.00,3215592.00,3146506,69086,865.00,965.00,1830.00,965,865,0.00,0.00,0,0,552688.00,25172048.00,25724736.00,25172048,552688
1669089855.917482,s1-eth3,11993950.00,194350.00,12188300.00,194350,11993950,2721.00,2375.00,5096.00,2375,2721,0.00,0.00,0,0,95951600.00,1554800.00,97506400.00,1554800,95951600
1669089855.917540,s1-eth2,117712.00,7786848.00,7904560.00,7786848,117712,1456.00,1768.00,3224.00,1768,1456,0.00,0.00,0,0,941696.00,62294784.00,63236480.00,62294784,941696
1669089855.917554,s2-eth1,7786848.00,117712.00,7904560.00,117712,7786848,1768.00,1456.00,3224.00,1456,1768,0.00,0.00,0,0,62294784.00,941696.00,63236480.00,941696,62294784
1669089855.917578,total,20102438.00,20757106.00,40859544.00,20757106,20102438,8397.00,8541.00,16938.00,8541,8397,0.00,0.00,0,0,160819504.00,166056848.00,326876352.00,166056848,160819504
1669089856.917894,lo,1932.00,1932.00,3864.00,1932,1932,16.00,16.00,32.00,16,16,0.00,0.00,0,0,15456.00,15456.00,30912.00,15456,15456
1669089856.917956,eth0,5445.00,5919.00,11364.00,5919,5445,15.00,14.00,29.00,14,15,0.00,0.00,0,0,43560.00,47352.00,90912.00,47352,43560
1669089856.917979,docker0,0.00,0.00,0.00,0,0,0.00,0.00,0.00,0,0,0.00,0.00,0,0,0.00,0.00,0.00,0,0
1669089856.918017,s1-eth1,78300.00,3633194.00,3711494.00,3633194,78300,1186.00,1253.00,2439.00,1253,1186,0.00,0.00,0,0,626400.00,29065552.00,29691952.00,29065552,626400
1669089856.918032,s2-eth2,58986.00,5371402.00,5430388.00,5371402,58986,893.00,977.00,1870.00,977,893,0.00,0.00,0,0,471888.00,42971216.00,43443104.00,42971216,471888
1669089856.918046,s2-eth3,68928.00,3194620.00,3263548.00,3194620,68928,1044.00,1102.00,2146.00,1102,1044,0.00,0.00,0,0,551424.00,25556960.00,26108384.00,25556960,551424
1669089856.918077,s1-eth3,12087080.00,205854.00,12292934.00,205854,12087080,3300.00,3119.00,6419.00,3119,3300,0.00,0.00,0,0,96696640.00,1646832.00,98343472.00,1646832,96696640
1669089856.918092,s1-eth2,127800.00,8563216.00,8691016.00,8563216,127800,1936.00,2080.00,4016.00,2080,1936,0.00,0.00,0,0,1022400.00,68505728.00,69528128.00,68505728,1022400
1669089856.918105,s2-eth1,8563216.00,127800.00,8691016.00,127800,8563216,2080.00,1936.00,4016.00,1936,2080,0.00,0.00,0,0,68505728.00,1022400.00,69528128.00,1022400,68505728
1669089856.918130,total,20991688.00,21103936.00,42095624.00,21103937,20991687,10470.00,10497.00,20967.00,10497,10470,0.00,0.00,0,0,167933504.00,168831488.00,336764992.00,168831496,167933496
1669089857.918451,lo,115.00,115.00,230.00,115,115,2.00,2.00,4.00,2,2,0.00,0.00,0,0,920.00,920.00,1840.00,920,920
1669089857.918515,eth0,54.00,92.00,146.00,92,54,1.00,1.00,2.00,1,1,0.00,0.00,0,0,432.00,736.00,1168.00,736,432
1669089857.918529,docker0,0.00,0.00,0.00,0,0,0.00,0.00,0.00,0,0,0.00,0.00,0,0,0.00,0.00,0.00,0,0
1669089857.918540,s1-eth1,74844.00,3752178.00,3827022.00,3752178,74844,1134.00,1169.00,2303.00,1169,1134,0.00,0.00,0,0,598752.00,30017424.00,30616176.00,30017424,598752
1669089857.918554,s2-eth2,55374.00,5054872.00,5110246.00,5054872,55374,839.00,920.00,1759.00,920,839,0.00,0.00,0,0,442992.00,40438976.00,40881968.00,40438976,442992
1669089857.918568,s2-eth3,72138.00,3370958.00,3443096.00,3370958,72138,1093.00,1163.00,2256.00,1163,1093,0.00,0.00,0,0,577104.00,26967664.00,27544768.00,26967664,577104
1669089857.918598,s1-eth3,12081780.00,202158.00,12283938.00,202158,12081780,3242.00,3063.00,6305.00,3063,3242,0.00,0.00,0,0,96654240.00,1617264.00,98271504.00,1617264,96654240
1669089857.918612,s1-eth2,127314.00,8431688.00,8559002.00,8431688,127314,1929.00,2084.00,4013.00,2084,1929,0.00,0.00,0,0,1018512.00,67453504.00,68472016.00,67453504,1018512
1669089857.918626,s2-eth1,8431688.00,127314.00,8559002.00,127314,8431688,2084.00,1929.00,4013.00,1929,2084,0.00,0.00,0,0,67453504.00,1018512.00,68472016.00,1018512,67453504
1669089857.918655,total,20843308.00,20939376.00,41782680.00,20939375,20843307,10324.00,10331.00,20655.00,10331,10324,0.00,0.00,0,0,166746464.00,167515008.00,334261440.00,167515000,166746456
1669089858.918928,lo,6926.00,6926.00,13852.00,6926,6926,54.00,54.00,108.00,54,54,0.00,0.00,0,0,55408.00,55408.00,110816.00,55408,55408
1669089858.918979,eth0,152.00,132.00,284.00,132,152,2.00,2.00,4.00,2,2,0.00,0.00,0,0,1216.00,1056.00,2272.00,1056,1216
1669089858.918993,docker0,0.00,0.00,0.00,0,0,0.00,0.00,0.00,0,0,0.00,0.00,0,0,0.00,0.00,0.00,0,0
1669089858.919004,s1-eth1,56456.00,3779656.00,3836112.00,3779656,56456,856.00,862.00,1718.00,862,856,0.00,0.00,0,0,451648.00,30237248.00,30688896.00,30237248,451648
1669089858.919019,s2-eth2,70316.00,4949086.00,5019402.00,4949086,70316,1066.00,1095.00,2161.00,1095,1066,0.00,0.00,0,0,562528.00,39592688.00,40155216.00,39592688,562528
1669089858.919032,s2-eth3,74012.00,3418504.00,3492516.00,3418504,74012,1122.00,1182.00,2304.00,1182,1122,0.00,0.00,0,0,592096.00,27348032.00,27940128.00,27348032,592096
1669089858.919062,s1-eth3,12063720.00,200178.00,12263898.00,200178,12063720,3100.00,3033.00,6133.00,3033,3100,0.00,0.00,0,0,96509760.00,1601424.00,98111184.00,1601424,96509760
1669089858.919077,s1-eth2,144100.00,8364544.00,8508644.00,8364544,144100,2184.00,2274.00,4458.00,2274,2184,0.00,0.00,0,0,1152800.00,66916352.00,68069152.00,66916352,1152800
1669089858.919091,s2-eth1,8364544.00,144100.00,8508644.00,144100,8364544,2274.00,2184.00,4458.00,2184,2274,0.00,0.00,0,0,66916352.00,1152800.00,68069152.00,1152800,66916352
1669089858.919115,total,20780226.00,20863126.00,41643352.00,20863126,20780226,10658.00,10686.00,21344.00,10686,10658,0.00,0.00,0,0,166241808.00,166905008.00,333146816.00,166905008,166241808
1669089859.919301,lo,2428.00,2428.00,4856.00,2428,2428,20.00,20.00,40.00,20,20,0.00,0.00,0,0,19424.00,19424.00,38848.00,19424,19424
1669089859.919399,eth0,98.00,40.00,138.00,40,98,1.00,1.00,2.00,1,1,0.00,0.00,0,0,784.00,320.00,1104.00,320,784
1669089859.919413,docker0,0.00,0.00,0.00,0,0,0.00,0.00,0.00,0,0,0.00,0.00,0,0,0.00,0.00,0.00,0,0
1669089859.919424,s1-eth1,56838.00,3814914.00,3871752.00,3814914,56838,861.00,869.00,1730.00,869,861,0.00,0.00,0,0,454704.00,30519312.00,30974016.00,30519312,454704
1669089859.919438,s2-eth2,71886.00,4833562.00,4905448.00,4833562,71886,1089.00,1099.00,2188.00,1099,1089,0.00,0.00,0,0,575088.00,38668496.00,39243584.00,38668496,575088
1669089859.919452,s2-eth3,75912.00,3490952.00,3566864.00,3490952,75912,1150.00,1204.00,2354.00,1204,1150,0.00,0.00,0,0,607296.00,27927616.00,28534912.00,27927616,607296
1669089859.919524,s1-eth3,12067700.00,204208.00,12271908.00,204208,12067700,3160.00,3094.00,6254.00,3094,3160,0.00,0.00,0,0,96541600.00,1633664.00,98175264.00,1633664,96541600
1669089859.919542,s1-eth2,147584.00,8326032.00,8473616.00,8326032,147584,2236.00,2304.00,4540.00,2304,2236,0.00,0.00,0,0,1180672.00,66608256.00,67788928.00,66608256,1180672
1669089859.919570,s2-eth1,8326032.00,147584.00,8473616.00,147584,8326032,2304.00,2236.00,4540.00,2236,2304,0.00,0.00,0,0,66608256.00,1180672.00,67788928.00,1180672,66608256
1669089859.919593,total,20748478.00,20819720.00,41568200.00,20819720,20748478,10821.00,10827.00,21648.00,10827,10821,0.00,0.00,0,0,165987824.00,166557760.00,332545600.00,166557760,165987824
1669089860.919861,lo,0.00,0.00,0.00,0,0,0.00,0.00,0.00,0,0,0.00,0.00,0,0,0.00,0.00,0.00,0,0
1669089860.919908,eth0,0.00,0.00,0.00,0,0,0.00,0.00,0.00,0,0,0.00,0.00,0,0,0.00,0.00,0.00,0,0
1669089860.919921,docker0,0.00,0.00,0.00,0,0,0.00,0.00,0.00,0,0,0.00,0.00,0,0,0.00,0.00,0.00,0,0
1669089860.919931,s1-eth1,60348.00,3509332.00,3569680.00,3509332,60348,904.00,934.00,1838.00,934,904,0.00,0.00,0,0,482784.00,28074656.00,28557440.00,28074656,482784
1669089860.919946,s2-eth2,70782.00,4205324.00,4276106.00,4205324,70782,1063.00,1102.00,2165.00,1102,1063,0.00,0.00,0,0,566256.00,33642592.00,34208848.00,33642592,566256
1669089860.919961,s2-eth3,76428.00,4157028.00,4233456.00,4157028,76428,1158.00,1182.00,2340.00,1182,1158,0.00,0.00,0,0,611424.00,33256224.00,33867648.00,33256224,611424
1669089860.919991,s1-eth3,12077308.00,207294.00,12284602.00,207294,12077308,3262.00,3121.00,6383.00,3121,3262,0.00,0.00,0,0,96618464.00,1658352.00,98276816.00,1658352,96618464
1669089860.920006,s1-eth2,147078.00,8363866.00,8510944.00,8363866,147078,2219.00,2285.00,4504.00,2285,2219,0.00,0.00,0,0,1176624.00,66910928.00,68087552.00,66910928,1176624
1669089860.920020,s2-eth1,8363866.00,147078.00,8510944.00,147078,8363866,2285.00,2219.00,4504.00,2219,2285,0.00,0.00,0,0,66910928.00,1176624.00,68087552.00,1176624,66910928
1669089860.920044,total,20795810.00,20589922.00,41385732.00,20589922,20795810,10891.00,10843.00,21734.00,10843,10891,0.00,0.00,0,0,166366480.00,164719376.00,331085856.00,164719376,166366480
1669089861.920282,lo,0.00,0.00,0.00,0,0,0.00,0.00,0.00,0,0,0.00,0.00,0,0,0.00,0.00,0.00,0,0
1669089861.920372,eth0,0.00,0.00,0.00,0,0,0.00,0.00,0.00,0,0,0.00,0.00,0,0,0.00,0.00,0.00,0,0
1669089861.920392,docker0,0.00,0.00,0.00,0,0,0.00,0.00,0.00,0,0,0.00,0.00,0,0,0.00,0.00,0.00,0,0
1669089861.920403,s1-eth1,69366.00,3215354.00,3284720.00,3215354,69366,1051.00,1109.00,2160.00,1109,1051,0.00,0.00,0,0,554928.00,25722832.00,26277760.00,25722832,554928
1669089861.920425,s2-eth2,80586.00,3733770.00,3814356.00,3733770,80586,1221.00,1285.00,2506.00,1285,1221,0.00,0.00,0,0,644688.00,29870160.00,30514848.00,29870160,644688
1669089861.920464,s2-eth3,57288.00,5227782.00,5285070.00,5227782,57288,868.00,951.00,1819.00,951,868,0.00,0.00,0,0,458304.00,41822256.00,42280560.00,41822256,458304
1669089861.920498,s1-eth3,12091206.00,207240.00,12298446.00,207240,12091206,3319.00,3140.00,6459.00,3140,3319,0.00,0.00,0,0,96729648.00,1657920.00,98387568.00,1657920,96729648
1669089861.920513,s1-eth2,137874.00,8961552.00,9099426.00,8961552,137874,2089.00,2236.00,4325.00,2236,2089,0.00,0.00,0,0,1102992.00,71692416.00,72795408.00,71692416,1102992
1669089861.920528,s2-eth1,8961552.00,137874.00,9099426.00,137874,8961552,2236.00,2089.00,4325.00,2089,2236,0.00,0.00,0,0,71692416.00,1102992.00,72795408.00,1102992,71692416
1669089861.920551,total,21397872.00,21483572.00,42881444.00,21483572,21397872,10784.00,10810.00,21594.00,10810,10784,0.00,0.00,0,0,171182976.00,171868576.00,343051552.00,171868576,171182976
1669089862.920857,lo,114.00,114.00,228.00,114,114,2.00,2.00,4.00,2,2,0.00,0.00,0,0,912.00,912.00,1824.00,912,912
1669089862.920904,eth0,54.00,84.00,138.00,84,54,1.00,1.00,2.00,1,1,0.00,0.00,0,0,432.00,672.00,1104.00,672,432
1669089862.920922,docker0,0.00,0.00,0.00,0,0,0.00,0.00,0.00,0,0,0.00,0.00,0,0,0.00,0.00,0.00,0,0
1669089862.920933,s1-eth1,72468.00,3359110.00,3431578.00,3359110,72468,1098.00,1159.00,2257.00,1159,1098,0.00,0.00,0,0,579744.00,26872880.00,27452624.00,26872880,579744
1669089862.920948,s2-eth2,79872.00,3774376.00,3854248.00,3774376,79872,1210.00,1264.00,2474.00,1264,1210,0.00,0.00,0,0,638976.00,30195008.00,30833984.00,30195008,638976
1669089862.920975,s2-eth3,55704.00,5037496.00,5093200.00,5037496,55704,844.00,920.00,1764.00,920,844,0.00,0.00,0,0,445632.00,40299968.00,40745600.00,40299968,445632
1669089862.921024,s1-eth3,12088640.00,208308.00,12296948.00,208308,12088640,3324.00,3156.00,6480.00,3156,3324,0.00,0.00,0,0,96709120.00,1666464.00,98375584.00,1666464,96709120
1669089862.921041,s1-eth2,135708.00,8808844.00,8944552.00,8808844,135708,2056.00,2182.00,4238.00,2182,2056,0.00,0.00,0,0,1085664.00,70470752.00,71556416.00,70470752,1085664
1669089862.921055,s2-eth1,8808844.00,135708.00,8944552.00,135708,8808844,2182.00,2056.00,4238.00,2056,2182,0.00,0.00,0,0,70470752.00,1085664.00,71556416.00,1085664,70470752
1669089862.921078,total,21241404.00,21324040.00,42565444.00,21324040,21241404,10717.00,10740.00,21457.00,10740,10717,0.00,0.00,0,0,169931232.00,170592320.00,340523552.00,170592320,169931232
1669089863.921373,lo,224.00,224.00,448.00,224,224,4.00,4.00,8.00,4,4,0.00,0.00,0,0,1792.00,1792.00,3584.00,1792,1792
1669089863.921429,eth0,152.00,124.00,276.00,124,152,2.00,2.00,4.00,2,2,0.00,0.00,0,0,1216.00,992.00,2208.00,992,1216
1669089863.921444,docker0,0.00,0.00,0.00,0,0,0.00,0.00,0.00,0,0,0.00,0.00,0,0,0.00,0.00,0.00,0,0
1669089863.921455,s1-eth1,68772.00,3062980.00,3131752.00,3062980,68772,1030.00,1082.00,2112.00,1082,1030,0.00,0.00,0,0,550176.00,24503840.00,25054016.00,24503840,550176
1669089863.921493,s2-eth2,65270.00,3342762.00,3408032.00,3342762,65270,967.00,1021.00,1988.00,1021,967,0.00,0.00,0,0,522160.00,26742096.00,27264256.00,26742096,522160
1669089863.921507,s2-eth3,67452.00,5556296.00,5623748.00,5556296,67452,1022.00,1036.00,2058.00,1036,1022,0.00,0.00,0,0,539616.00,44450368.00,44989984.00,44450368,539616
1669089863.921538,s1-eth3,12075650.00,201230.00,12276880.00,201230,12075650,3193.00,3015.00,6208.00,3015,3193,0.00,0.00,0,0,96605200.00,1609840.00,98215040.00,1609840,96605200
1669089863.921552,s1-eth2,132590.00,8900638.00,9033228.00,8900638,132590,1987.00,2059.00,4046.00,2059,1987,0.00,0.00,0,0,1060720.00,71205104.00,72265824.00,71205104,1060720
1669089863.921566,s2-eth1,8900638.00,132590.00,9033228.00,132590,8900638,2059.00,1987.00,4046.00,1987,2059,0.00,0.00,0,0,71205104.00,1060720.00,72265824.00,1060720,71205104
1669089863.921589,total,21310748.00,21196844.00,42507592.00,21196844,21310748,10264.00,10206.00,20470.00,10206,10264,0.00,0.00,0,0,170485984.00,169574752.00,340060736.00,169574752,170485984
1669089864.921852,lo,454.00,454.00,908.00,454,454,8.00,8.00,16.00,8,8,0.00,0.00,0,0,3632.00,3632.00,7264.00,3632,3632
1669089864.921901,eth0,98.00,40.00,138.00,40,98,1.00,1.00,2.00,1,1,0.00,0.00,0,0,784.00,320.00,1104.00,320,784
1669089864.921914,docker0,0.00,0.00,0.00,0,0,0.00,0.00,0.00,0,0,0.00,0.00,0,0,0.00,0.00,0.00,0,0
1669089864.921925,s1-eth1,57750.00,2684892.00,2742642.00,2684892,57750,875.00,926.00,1801.00,926,875,0.00,0.00,0,0,462000.00,21479136.00,21941136.00,21479136,462000
1669089864.921939,s2-eth2,60390.00,2809362.00,2869752.00,2809362,60390,915.00,969.00,1884.00,969,915,0.00,0.00,0,0,483120.00,22474896.00,22958016.00,22474896,483120
1669089864.921953,s2-eth3,59664.00,6619236.00,6678900.00,6619236,59664,904.00,906.00,1810.00,906,904,0.00,0.00,0,0,477312.00,52953888.00,53431200.00,52953888,477312
1669089864.921983,s1-eth3,12039638.00,178002.00,12217640.00,178002,12039638,2779.00,2697.00,5476.00,2697,2779,0.00,0.00,0,0,96317104.00,1424016.00,97741120.00,1424016,96317104
1669089864.921997,s1-eth2,120120.00,9428598.00,9548718.00,9428598,120120,1820.00,1875.00,3695.00,1875,1820,0.00,0.00,0,0,960960.00,75428784.00,76389744.00,75428784,960960
1669089864.922011,s2-eth1,9428598.00,120120.00,9548718.00,120120,9428598,1875.00,1820.00,3695.00,1820,1875,0.00,0.00,0,0,75428784.00,960960.00,76389744.00,960960,75428784
1669089864.922042,total,21766712.00,21840704.00,43607416.00,21840704,21766712,9177.00,9202.00,18379.00,9202,9177,0.00,0.00,0,0,174133696.00,174725632.00,348859328.00,174725632,174133696
1669089865.922312,lo,0.00,0.00,0.00,0,0,0.00,0.00,0.00,0,0,0.00,0.00,0,0,0.00,0.00,0.00,0,0
1669089865.922394,eth0,0.00,0.00,0.00,0,0,0.00,0.00,0.00,0,0,0.00,0.00,0,0,0.00,0.00,0.00,0,0
1669089865.922407,docker0,0.00,0.00,0.00,0,0,0.00,0.00,0.00,0,0,0.00,0.00,0,0,0.00,0.00,0.00,0,0
1669089865.922418,s1-eth1,61776.00,2861230.00,2923006.00,2861230,61776,936.00,987.00,1923.00,987,936,0.00,0.00,0,0,494208.00,22889840.00,23384048.00,22889840,494208
1669089865.922433,s2-eth2,62700.00,2896774.00,2959474.00,2896774,62700,950.00,999.00,1949.00,999,950,0.00,0.00,0,0,501600.00,23174192.00,23675792.00,23174192,501600
1669089865.922447,s2-eth3,57222.00,6371030.00,6428252.00,6371030,57222,867.00,875.00,1742.00,875,867,0.00,0.00,0,0,457776.00,50968240.00,51426016.00,50968240,457776
1669089865.922477,s1-eth3,12050904.00,181698.00,12232602.00,181698,12050904,2840.00,2753.00,5593.00,2753,2840,0.00,0.00,0,0,96407232.00,1453584.00,97860816.00,1453584,96407232
1669089865.922491,s1-eth2,119988.00,9267804.00,9387792.00,9267804,119988,1818.00,1874.00,3692.00,1874,1818,0.00,0.00,0,0,959904.00,74142432.00,75102336.00,74142432,959904
1669089865.922505,s2-eth1,9267804.00,119988.00,9387792.00,119988,9267804,1874.00,1818.00,3692.00,1818,1874,0.00,0.00,0,0,74142432.00,959904.00,75102336.00,959904,74142432
1669089865.922555,total,21620394.00,21698524.00,43318920.00,21698524,21620394,9285.00,9306.00,18591.00,9306,9285,0.00,0.00,0,0,172963152.00,173588192.00,346551360.00,173588192,172963152
1669089866.922931,lo,1158.00,1158.00,2316.00,1158,1158,9.00,9.00,18.00,9,9,0.00,0.00,0,0,9264.00,9264.00,18528.00,9264,9264
1669089866.922993,eth0,0.00,0.00,0.00,0,0,0.00,0.00,0.00,0,0,0.00,0.00,0,0,0.00,0.00,0.00,0,0
1669089866.923013,docker0,0.00,0.00,0.00,0,0,0.00,0.00,0.00,0,0,0.00,0.00,0,0,0.00,0.00,0.00,0,0
1669089866.923024,s1-eth1,64494.00,2972338.00,3036832.00,2972338,64494,977.00,1025.00,2002.00,1025,977,0.00,0.00,0,0,515952.00,23778704.00,24294656.00,23778704,515952
1669089866.923061,s2-eth2,66268.00,3064226.00,3130494.00,3064226,66268,1004.00,1057.00,2061.00,1057,1004,0.00,0.00,0,0,530144.00,24513808.00,25043952.00,24513808,530144
1669089866.923076,s2-eth3,64024.00,6096408.00,6160432.00,6096408,64024,970.00,1058.00,2028.00,1058,970,0.00,0.00,0,0,512192.00,48771264.00,49283456.00,48771264,512192
1669089866.923108,s1-eth3,12067284.00,194436.00,12261720.00,194436,12067284,3110.00,2946.00,6056.00,2946,3110,0.00,0.00,0,0,96538272.00,1555488.00,98093760.00,1555488,96538272
1669089866.923123,s1-eth2,130152.00,9162086.00,9292238.00,9162086,130152,1972.00,2115.00,4087.00,2115,1972,0.00,0.00,0,0,1041216.00,73296688.00,74337904.00,73296688,1041216
1669089866.923137,s2-eth1,9162086.00,130152.00,9292238.00,130152,9162086,2115.00,1972.00,4087.00,1972,2115,0.00,0.00,0,0,73296688.00,1041216.00,74337904.00,1041216,73296688
1669089866.923173,total,21555466.00,21620804.00,43176272.00,21620804,21555466,10157.00,10182.00,20339.00,10182,10157,0.00,0.00,0,0,172443728.00,172966432.00,345410176.00,172966432,172443728
1669089867.923402,lo,2430.00,2430.00,4860.00,2430,2430,20.00,20.00,40.00,20,20,0.00,0.00,0,0,19440.00,19440.00,38880.00,19440,19440
1669089867.923464,eth0,54.00,84.00,138.00,84,54,1.00,1.00,2.00,1,1,0.00,0.00,0,0,432.00,672.00,1104.00,672,432
1669089867.923479,docker0,0.00,0.00,0.00,0,0,0.00,0.00,0.00,0,0,0.00,0.00,0,0,0.00,0.00,0.00,0,0
1669089867.923490,s1-eth1,64292.00,4043128.00,4107420.00,4043128,64292,974.00,970.00,1944.00,970,974,0.00,0.00,0,0,514336.00,32345024.00,32859360.00,32345024,514336
1669089867.923503,s2-eth2,62250.00,3951174.00,4013424.00,3951174,62250,943.00,937.00,1880.00,937,943,0.00,0.00,0,0,498000.00,31609392.00,32107392.00,31609392,498000
1669089867.923517,s2-eth3,62310.00,3965056.00,4027366.00,3965056,62310,927.00,928.00,1855.00,928,927,0.00,0.00,0,0,498480.00,31720448.00,32218928.00,31720448,498480
1669089867.923548,s1-eth3,12065536.00,188296.00,12253832.00,188296,12065536,2886.00,2836.00,5722.00,2836,2886,0.00,0.00,0,0,96524288.00,1506368.00,98030656.00,1506368,96524288
1669089867.923563,s1-eth2,124214.00,7917744.00,8041958.00,7917744,124214,1865.00,1866.00,3731.00,1866,1865,0.00,0.00,0,0,993712.00,63341952.00,64335664.00,63341952,993712
1669089867.923614,s2-eth1,7917744.00,124214.00,8041958.00,124214,7917744,1866.00,1865.00,3731.00,1865,1866,0.00,0.00,0,0,63341952.00,993712.00,64335664.00,993712,63341952
1669089867.923642,total,20298830.00,20192126.00,40490956.00,20192126,20298830,9482.00,9423.00,18905.00,9423,9482,0.00,0.00,0,0,162390640.00,161537008.00,323927648.00,161537008,162390640
1669089868.923932,lo,610.00,610.00,1220.00,610,610,7.00,7.00,14.00,7,7,0.00,0.00,0,0,4880.00,4880.00,9760.00,4880,4880
1669089868.924019,eth0,152.00,124.00,276.00,124,152,2.00,2.00,4.00,2,2,0.00,0.00,0,0,1216.00,992.00,2208.00,992,1216
1669089868.924032,docker0,0.00,0.00,0.00,0,0,0.00,0.00,0.00,0,0,0.00,0.00,0,0,0.00,0.00,0.00,0,0
1669089868.924043,s1-eth1,61314.00,4127760.00,4189074.00,4127760,61314,929.00,936.00,1865.00,936,929,0.00,0.00,0,0,490512.00,33022080.00,33512592.00,33022080,490512
1669089868.924057,s2-eth2,60856.00,4083858.00,4144714.00,4083858,60856,922.00,929.00,1851.00,929,922,0.00,0.00,0,0,486848.00,32670864.00,33157712.00,32670864,486848
1669089868.924076,s2-eth3,58480.00,3929310.00,3987790.00,3929310,58480,886.00,891.00,1777.00,891,886,0.00,0.00,0,0,467840.00,31434480.00,31902320.00,31434480,467840
1669089868.924163,s1-eth3,12061548.00,180510.00,12242058.00,180510,12061548,2738.00,2735.00,5473.00,2735,2738,0.00,0.00,0,0,96492384.00,1444080.00,97936464.00,1444080,96492384
1669089868.924185,s1-eth2,119266.00,8013168.00,8132434.00,8013168,119266,1807.00,1820.00,3627.00,1820,1807,0.00,0.00,0,0,954128.00,64105344.00,65059472.00,64105344,954128
1669089868.924198,s2-eth1,8013168.00,119266.00,8132434.00,119266,8013168,1820.00,1807.00,3627.00,1807,1820,0.00,0.00,0,0,64105344.00,954128.00,65059472.00,954128,64105344
1669089868.924225,total,20375394.00,20454606.00,40830000.00,20454606,20375394,9111.00,9127.00,18238.00,9127,9111,0.00,0.00,0,0,163003152.00,163636848.00,326640000.00,163636848,163003152
1669089869.924486,lo,110.00,110.00,220.00,110,110,2.00,2.00,4.00,2,2,0.00,0.00,0,0,880.00,880.00,1760.00,880,880
1669089869.924534,eth0,98.00,40.00,138.00,40,98,1.00,1.00,2.00,1,1,0.00,0.00,0,0,784.00,320.00,1104.00,320,784
1669089869.924548,docker0,0.00,0.00,0.00,0,0,0.00,0.00,0.00,0,0,0.00,0.00,0,0,0.00,0.00,0.00,0,0
1669089869.924559,s1-eth1,61314.00,4114596.00,4175910.00,4114596,61314,929.00,934.00,1863.00,934,929,0.00,0.00,0,0,490512.00,32916768.00,33407280.00,32916768,490512
1669089869.924573,s2-eth2,59598.00,4008756.00,4068354.00,4008756,59598,903.00,910.00,1813.00,910,903,0.00,0.00,0,0,476784.00,32070048.00,32546832.00,32070048,476784
1669089869.924587,s2-eth3,59598.00,4004346.00,4063944.00,4004346,59598,903.00,909.00,1812.00,909,903,0.00,0.00,0,0,476784.00,32034768.00,32511552.00,32034768,476784
1669089869.924617,s1-eth3,12065958.00,180510.00,12246468.00,180510,12065958,2739.00,2735.00,5474.00,2735,2739,0.00,0.00,0,0,96527664.00,1444080.00,97971744.00,1444080,96527664
1669089869.924632,s1-eth2,119196.00,8008692.00,8127888.00,8008692,119196,1806.00,1818.00,3624.00,1818,1806,0.00,0.00,0,0,953568.00,64069536.00,65023104.00,64069536,953568
1669089869.924646,s2-eth1,8008692.00,119196.00,8127888.00,119196,8008692,1818.00,1806.00,3624.00,1806,1818,0.00,0.00,0,0,64069536.00,953568.00,65023104.00,953568,64069536
1669089869.924706,total,20374564.00,20436246.00,40810808.00,20436246,20374564,9101.00,9115.00,18216.00,9115,9101,0.00,0.00,0,0,162996512.00,163489968.00,326486464.00,163489968,162996512
1669089870.924988,lo,0.00,0.00,0.00,0,0,0.00,0.00,0.00,0,0,0.00,0.00,0,0,0.00,0.00,0.00,0,0
1669089870.925088,eth0,0.00,0.00,0.00,0,0,0.00,0.00,0.00,0,0,0.00,0.00,0,0,0.00,0.00,0.00,0,0
1669089870.925100,docker0,0.00,0.00,0.00,0,0,0.00,0.00,0.00,0,0,0.00,0.00,0,0,0.00,0.00,0.00,0,0
1669089870.925129,s1-eth1,61182.00,4110318.00,4171500.00,4110318,61182,927.00,935.00,1862.00,935,927,0.00,0.00,0,0,489456.00,32882544.00,33372000.00,32882544,489456
1669089870.925145,s2-eth2,59598.00,4013100.00,4072698.00,4013100,59598,903.00,910.00,1813.00,910,903,0.00,0.00,0,0,476784.00,32104800.00,32581584.00,32104800,476784
1669089870.925158,s2-eth3,59664.00,3999936.00,4059600.00,3999936,59664,904.00,908.00,1812.00,908,904,0.00,0.00,0,0,477312.00,31999488.00,32476800.00,31999488,477312
1669089870.925202,s1-eth3,12057138.00,180444.00,12237582.00,180444,12057138,2737.00,2734.00,5471.00,2734,2737,0.00,0.00,0,0,96457104.00,1443552.00,97900656.00,1443552,96457104
1669089870.925216,s1-eth2,119328.00,8013036.00,8132364.00,8013036,119328,1808.00,1818.00,3626.00,1818,1808,0.00,0.00,0,0,954624.00,64104288.00,65058912.00,64104288,954624
1669089870.925230,s2-eth1,8013036.00,119328.00,8132364.00,119328,8013036,1818.00,1808.00,3626.00,1808,1818,0.00,0.00,0,0,64104288.00,954624.00,65058912.00,954624,64104288
1669089870.925254,total,20369946.00,20436162.00,40806108.00,20436162,20369946,9097.00,9113.00,18210.00,9113,9097,0.00,0.00,0,0,162959568.00,163489296.00,326448864.00,163489296,162959568
1669089871.925578,lo,0.00,0.00,0.00,0,0,0.00,0.00,0.00,0,0,0.00,0.00,0,0,0.00,0.00,0.00,0,0
1669089871.925632,eth0,90.00,76.00,166.00,76,90,1.00,1.00,2.00,1,1,0.00,0.00,0,0,720.00,608.00,1328.00,608,720
1669089871.925654,docker0,0.00,0.00,0.00,0,0,0.00,0.00,0.00,0,0,0.00,0.00,0,0,0.00,0.00,0.00,0,0
1669089871.925666,s1-eth1,61842.00,4149942.00,4211784.00,4149942,61842,937.00,943.00,1880.00,943,937,0.00,0.00,0,0,494736.00,33199536.00,33694272.00,33199536,494736
1669089871.925681,s2-eth2,58518.00,3816102.00,3874620.00,3816102,58518,877.00,887.00,1764.00,887,877,0.00,0.00,0,0,468144.00,30528816.00,30996960.00,30528816,468144
1669089871.925695,s2-eth3,59202.00,3986772.00,4045974.00,3986772,59202,897.00,906.00,1803.00,906,897,0.00,0.00,0,0,473616.00,31894176.00,32367792.00,31894176,473616
1669089871.925726,s1-eth3,12051940.00,179562.00,12231502.00,179562,12051940,2746.00,2711.00,5457.00,2711,2746,0.00,0.00,0,0,96415520.00,1436496.00,97852016.00,1436496,96415520
1669089871.925741,s1-eth2,117720.00,7807284.00,7925004.00,7807284,117720,1774.00,1794.00,3568.00,1794,1774,0.00,0.00,0,0,941760.00,62458272.00,63400032.00,62458272,941760
1669089871.925754,s2-eth1,7807284.00,117720.00,7925004.00,117720,7807284,1794.00,1774.00,3568.00,1774,1794,0.00,0.00,0,0,62458272.00,941760.00,63400032.00,941760,62458272
1669089871.925778,total,20156596.00,20057458.00,40214056.00,20057458,20156596,9026.00,9016.00,18042.00,9016,9026,0.00,0.00,0,0,161252768.00,160459664.00,321712448.00,160459664,161252768
1669089872.926097,lo,286.00,286.00,572.00,286,286,5.00,5.00,10.00,5,5,0.00,0.00,0,0,2288.00,2288.00,4576.00,2288,2288
1669089872.926147,eth0,54.00,84.00,138.00,84,54,1.00,1.00,2.00,1,1,0.00,0.00,0,0,432.00,672.00,1104.00,672,432
1669089872.926161,docker0,0.00,0.00,0.00,0,0,0.00,0.00,0.00,0,0,0.00,0.00,0,0,0.00,0.00,0.00,0,0
1669089872.926172,s1-eth1,75108.00,5033716.00,5108824.00,5033716,75108,1138.00,1126.00,2264.00,1126,1138,0.00,0.00,0,0,600864.00,40269728.00,40870592.00,40269728,600864
1669089872.926186,s2-eth2,50556.00,2355124.00,2405680.00,2355124,50556,760.00,822.00,1582.00,822,760,0.00,0.00,0,0,404448.00,18840992.00,19245440.00,18840992,404448
1669089872.926200,s2-eth3,69734.00,4506500.00,4576234.00,4506500,69734,1039.00,1058.00,2097.00,1058,1039,0.00,0.00,0,0,557872.00,36052000.00,36609872.00,36052000,557872
1669089872.926267,s1-eth3,12071938.00,195332.00,12267270.00,195332,12071938,3049.00,2936.00,5985.00,2936,3049,0.00,0.00,0,0,96575504.00,1562656.00,98138160.00,1562656,96575504
1669089872.926287,s1-eth2,120224.00,6863072.00,6983296.00,6863072,120224,1798.00,1880.00,3678.00,1880,1798,0.00,0.00,0,0,961792.00,54904576.00,55866368.00,54904576,961792
1669089872.926301,s2-eth1,6863072.00,120224.00,6983296.00,120224,6863072,1880.00,1798.00,3678.00,1798,1880,0.00,0.00,0,0,54904576.00,961792.00,55866368.00,961792,54904576
1669089872.926325,total,19250972.00,19074338.00,38325312.00,19074338,19250972,9670.00,9626.00,19296.00,9626,9670,0.00,0.00,0,0,154007776.00,152594704.00,306602496.00,152594704,154007776
1669089873.926595,lo,396.00,396.00,792.00,396,396,7.00,7.00,14.00,7,7,0.00,0.00,0,0,3168.00,3168.00,6336.00,3168,3168
1669089873.926645,eth0,152.00,124.00,276.00,124,152,2.00,2.00,4.00,2,2,0.00,0.00,0,0,1216.00,992.00,2208.00,992,1216
1669089873.926674,docker0,0.00,0.00,0.00,0,0,0.00,0.00,0.00,0,0,0.00,0.00,0,0,0.00,0.00,0.00,0,0
1669089873.926685,s1-eth1,62238.00,6853226.00,6915464.00,6853226,62238,943.00,941.00,1884.00,941,943,0.00,0.00,0,0,497904.00,54825808.00,55323712.00,54825808,497904
1669089873.926699,s2-eth2,41184.00,1915890.00,1957074.00,1915890,41184,624.00,661.00,1285.00,661,624,0.00,0.00,0,0,329472.00,15327120.00,15656592.00,15327120,329472
1669089873.926713,s2-eth3,72402.00,3370958.00,3443360.00,3370958,72402,1097.00,1163.00,2260.00,1163,1097,0.00,0.00,0,0,579216.00,26967664.00,27546880.00,26967664,579216
1669089873.926780,s1-eth3,12058128.00,175890.00,12234018.00,175890,12058128,2752.00,2665.00,5417.00,2665,2752,0.00,0.00,0,0,96465024.00,1407120.00,97872144.00,1407120,96465024
1669089873.926799,s1-eth2,113586.00,5283886.00,5397472.00,5283886,113586,1721.00,1823.00,3544.00,1823,1721,0.00,0.00,0,0,908688.00,42271088.00,43179776.00,42271088,908688
1669089873.926812,s2-eth1,5283886.00,113586.00,5397472.00,113586,5283886,1823.00,1721.00,3544.00,1721,1823,0.00,0.00,0,0,42271088.00,908688.00,43179776.00,908688,42271088
1669089873.926848,total,17631972.00,17713956.00,35345928.00,17713956,17631972,8969.00,8983.00,17952.00,8983,8969,0.00,0.00,0,0,141055776.00,141711648.00,282767424.00,141711648,141055776
1669089874.927225,lo,110.00,110.00,220.00,110,110,2.00,2.00,4.00,2,2,0.00,0.00,0,0,880.00,880.00,1760.00,880,880
1669089874.927273,eth0,98.00,40.00,138.00,40,98,1.00,1.00,2.00,1,1,0.00,0.00,0,0,784.00,320.00,1104.00,320,784
1669089874.927287,docker0,0.00,0.00,0.00,0,0,0.00,0.00,0.00,0,0,0.00,0.00,0,0,0.00,0.00,0.00,0,0
1669089874.927298,s1-eth1,58938.00,6553548.00,6612486.00,6553548,58938,893.00,898.00,1791.00,898,893,0.00,0.00,0,0,471504.00,52428384.00,52899888.00,52428384,471504
1669089874.927313,s2-eth2,45540.00,2121848.00,2167388.00,2121848,45540,690.00,732.00,1422.00,732,690,0.00,0.00,0,0,364320.00,16974784.00,17339104.00,16974784,364320
1669089874.927327,s2-eth3,74910.00,3461332.00,3536242.00,3461332,74910,1135.00,1194.00,2329.00,1194,1135,0.00,0.00,0,0,599280.00,27690656.00,28289936.00,27690656,599280
1669089874.927388,s1-eth3,12054254.00,179322.00,12233576.00,179322,12054254,2803.00,2717.00,5520.00,2717,2803,0.00,0.00,0,0,96434032.00,1434576.00,97868608.00,1434576,96434032
1669089874.927406,s1-eth2,120450.00,5581666.00,5702116.00,5581666,120450,1825.00,1925.00,3750.00,1925,1825,0.00,0.00,0,0,963600.00,44653328.00,45616928.00,44653328,963600
1669089874.927421,s2-eth1,5581666.00,120450.00,5702116.00,120450,5581666,1925.00,1825.00,3750.00,1825,1925,0.00,0.00,0,0,44653328.00,963600.00,45616928.00,963600,44653328
1669089874.927444,total,17935966.00,18018316.00,35954280.00,18018316,17935966,9274.00,9294.00,18568.00,9294,9274,0.00,0.00,0,0,143487728.00,144146528.00,287634240.00,144146528,143487728
1669089875.927697,lo,0.00,0.00,0.00,0,0,0.00,0.00,0.00,0,0,0.00,0.00,0,0,0.00,0.00,0.00,0,0
1669089875.927745,eth0,0.00,0.00,0.00,0,0,0.00,0.00,0.00,0,0,0.00,0.00,0,0,0.00,0.00,0.00,0,0
1669089875.927758,docker0,0.00,0.00,0.00,0,0,0.00,0.00,0.00,0,0,0.00,0.00,0,0,0.00,0.00,0.00,0,0
1669089875.927769,s1-eth1,57156.00,6334566.00,6391722.00,6334566,57156,866.00,871.00,1737.00,871,866,0.00,0.00,0,0,457248.00,50676528.00,51133776.00,50676528,457248
1669089875.927784,s2-eth2,49236.00,2281862.00,2331098.00,2281862,49236,746.00,787.00,1533.00,787,746,0.00,0.00,0,0,393888.00,18254896.00,18648784.00,18254896,393888
1669089875.927851,s2-eth3,75900.00,3508724.00,3584624.00,3508724,75900,1150.00,1210.00,2360.00,1210,1150,0.00,0.00,0,0,607200.00,28069792.00,28676992.00,28069792,607200
1669089875.927887,s1-eth3,12064728.00,182424.00,12247152.00,182424,12064728,2852.00,2764.00,5616.00,2764,2852,0.00,0.00,0,0,96517824.00,1459392.00,97977216.00,1459392,96517824
1669089875.927902,s1-eth2,125202.00,5795062.00,5920264.00,5795062,125202,1897.00,1999.00,3896.00,1999,1897,0.00,0.00,0,0,1001616.00,46360496.00,47362112.00,46360496,1001616
1669089875.927934,s2-eth1,5795062.00,125202.00,5920264.00,125202,5795062,1999.00,1897.00,3896.00,1897,1999,0.00,0.00,0,0,46360496.00,1001616.00,47362112.00,1001616,46360496
1669089875.928009,total,18167284.00,18227840.00,36395124.00,18227840,18167284,9510.00,9528.00,19038.00,9528,9510,0.00,0.00,0,0,145338272.00,145822720.00,291160992.00,145822720,145338272
1669089876.928325,lo,0.00,0.00,0.00,0,0,0.00,0.00,0.00,0,0,0.00,0.00,0,0,0.00,0.00,0.00,0,0
1669089876.929219,eth0,0.00,0.00,0.00,0,0,0.00,0.00,0.00,0,0,0.00,0.00,0,0,0.00,0.00,0.00,0,0
1669089876.929247,docker0,0.00,0.00,0.00,0,0,0.00,0.00,0.00,0,0,0.00,0.00,0,0,0.00,0.00,0.00,0,0
1669089876.929259,s1-eth1,64183.82,6049530.50,6113714.50,6055580,64248,959.04,965.03,1924.08,966,960,0.00,0.00,0,0,513470.53,48396244.00,48909716.00,48444640,513984
1669089876.929275,s2-eth2,52195.80,2350076.00,2402271.75,2352426,52248,771.23,824.18,1595.40,825,772,0.00,0.00,0,0,417566.44,18800608.00,19218174.00,18819408,417984
1669089876.929290,s2-eth3,73868.13,3354835.25,3428703.50,3358190,73942,1097.90,1165.83,2263.74,1167,1099,0.00,0.00,0,0,590945.06,26838682.00,27429628.00,26865520,591536
1669089876.929323,s1-eth3,12051916.00,190181.83,12242098.00,190372,12063968,3012.99,2827.17,5840.16,2830,3016,0.00,0.00,0,0,96415328.00,1521454.62,97936784.00,1522976,96511744
1669089876.929359,s1-eth2,126063.94,5704911.00,5830975.00,5710616,126190,1869.13,1990.01,3859.14,1992,1871,0.00,0.00,0,0,1008511.50,45639288.00,46647800.00,45684928,1009520
1669089876.929375,s2-eth1,5704911.00,126063.94,5830975.00,126190,5710616,1990.01,1869.13,3859.14,1871,1992,0.00,0.00,0,0,45639288.00,1008511.50,46647800.00,1009520,45684928
1669089876.929399,total,18073140.00,17775598.00,35848736.00,17793374,18091212,9700.30,9641.36,19341.66,9651,9710,0.00,0.00,0,0,144585120.00,142204784.00,286789888.00,142346992,144729696
1669089877.929587,lo,285.71,285.71,571.43,286,286,5.00,5.00,9.99,5,5,0.00,0.00,0,0,2285.71,2285.71,4571.43,2288,2288
1669089877.929695,eth0,54.00,84.00,138.00,84,54,1.00,1.00,2.00,1,1,0.00,0.00,0,0,432.00,672.00,1104.00,672,432
1669089877.929709,docker0,0.00,0.00,0.00,0,0,0.00,0.00,0.00,0,0,0.00,0.00,0,0,0.00,0.00,0.00,0,0
1669089877.929720,s1-eth1,65010.00,5941472.00,6006482.00,5941472,65010,985.00,1080.00,2065.00,1080,985,0.00,0.00,0,0,520080.00,47531776.00,48051856.00,47531776,520080
1669089877.929734,s2-eth2,57684.00,2687854.00,2745538.00,2687854,57684,874.00,927.00,1801.00,927,874,0.00,0.00,0,0,461472.00,21502832.00,21964304.00,21502832,461472
1669089877.929761,s2-eth3,76626.00,3547296.00,3623922.00,3547296,76626,1161.00,1224.00,2385.00,1224,1161,0.00,0.00,0,0,613008.00,28378368.00,28991376.00,28378368,613008
1669089877.929821,s1-eth3,12082102.00,199452.00,12281554.00,199452,12082102,3203.00,3022.00,6225.00,3022,3203,0.00,0.00,0,0,96656816.00,1595616.00,98252432.00,1595616,96656816
1669089877.929836,s1-eth2,134376.00,6235150.00,6369526.00,6235150,134376,2036.00,2151.00,4187.00,2151,2036,0.00,0.00,0,0,1075008.00,49881200.00,50956208.00,49881200,1075008
1669089877.929850,s2-eth1,6235150.00,134376.00,6369526.00,134376,6235150,2151.00,2036.00,4187.00,2036,2151,0.00,0.00,0,0,49881200.00,1075008.00,50956208.00,1075008,49881200
1669089877.929873,total,18651288.00,18745970.00,37397256.00,18745970,18651288,10416.00,10446.00,20862.00,10446,10416,0.00,0.00,0,0,149210304.00,149967760.00,299178048.00,149967760,149210304
1669089878.930221,lo,396.00,396.00,792.00,396,396,7.00,7.00,14.00,7,7,0.00,0.00,0,0,3168.00,3168.00,6336.00,3168,3168
1669089878.930284,eth0,152.00,124.00,276.00,124,152,2.00,2.00,4.00,2,2,0.00,0.00,0,0,1216.00,992.00,2208.00,992,1216
1669089878.930297,docker0,0.00,0.00,0.00,0,0,0.00,0.00,0.00,0,0,0.00,0.00,0,0,0.00,0.00,0.00,0,0
1669089878.930309,s1-eth1,62106.00,5666014.00,5728120.00,5666014,62106,941.00,1031.00,1972.00,1031,941,0.00,0.00,0,0,496848.00,45328112.00,45824960.00,45328112,496848
1669089878.930323,s2-eth2,61644.00,2858268.00,2919912.00,2858268,61644,934.00,986.00,1920.00,986,934,0.00,0.00,0,0,493152.00,22866144.00,23359296.00,22866144,493152
1669089878.930338,s2-eth3,78474.00,3642080.00,3720554.00,3642080,78474,1189.00,1256.00,2445.00,1256,1189,0.00,0.00,0,0,627792.00,29136640.00,29764432.00,29136640,627792
1669089878.930368,s1-eth3,12080728.00,202092.00,12282820.00,202092,12080728,3248.00,3062.00,6310.00,3062,3248,0.00,0.00,0,0,96645824.00,1616736.00,98262560.00,1616736,96645824
1669089878.930420,s1-eth2,139986.00,6494424.00,6634410.00,6494424,139986,2121.00,2240.00,4361.00,2240,2121,0.00,0.00,0,0,1119888.00,51955392.00,53075280.00,51955392,1119888
1669089878.930435,s2-eth1,6494424.00,139986.00,6634410.00,139986,6494424,2240.00,2121.00,4361.00,2121,2240,0.00,0.00,0,0,51955392.00,1119888.00,53075280.00,1119888,51955392
1669089878.930458,total,18917910.00,19003384.00,37921296.00,19003384,18917910,10682.00,10705.00,21387.00,10705,10682,0.00,0.00,0,0,151343280.00,152027072.00,303370368.00,152027072,151343280
1669089879.930830,lo,110.00,110.00,220.00,110,110,2.00,2.00,4.00,2,2,0.00,0.00,0,0,880.00,880.00,1760.00,880,880
1669089879.930877,eth0,98.00,40.00,138.00,40,98,1.00,1.00,2.00,1,1,0.00,0.00,0,0,784.00,320.00,1104.00,320,784
1669089879.930902,docker0,0.00,0.00,0.00,0,0,0.00,0.00,0.00,0,0,0.00,0.00,0,0,0.00,0.00,0.00,0,0
1669089879.930914,s1-eth1,60192.00,5491590.00,5551782.00,5491590,60192,912.00,999.00,1911.00,999,912,0.00,0.00,0,0,481536.00,43932720.00,44414256.00,43932720,481536
1669089879.930928,s2-eth2,65142.00,3015320.00,3080462.00,3015320,65142,987.00,1040.00,2027.00,1040,987,0.00,0.00,0,0,521136.00,24122560.00,24643696.00,24122560,521136
1669089879.930942,s2-eth3,78738.00,3640632.00,3719370.00,3640632,78738,1193.00,1256.00,2449.00,1256,1193,0.00,0.00,0,0,629904.00,29125056.00,29754960.00,29125056,629904
1669089879.931002,s1-eth3,12075270.00,204204.00,12279474.00,204204,12075270,3275.00,3094.00,6369.00,3094,3275,0.00,0.00,0,0,96602160.00,1633632.00,98235792.00,1633632,96602160
1669089879.931020,s1-eth2,144012.00,6652990.00,6797002.00,6652990,144012,2182.00,2295.00,4477.00,2295,2182,0.00,0.00,0,0,1152096.00,53223920.00,54376016.00,53223920,1152096
1669089879.931033,s2-eth1,6652990.00,144012.00,6797002.00,144012,6652990,2295.00,2182.00,4477.00,2182,2295,0.00,0.00,0,0,53223920.00,1152096.00,54376016.00,1152096,53223920
1669089879.931057,total,19076552.00,19148898.00,38225448.00,19148898,19076552,10847.00,10869.00,21716.00,10869,10847,0.00,0.00,0,0,152612416.00,153191184.00,305803584.00,153191184,152612416
1669089880.931355,lo,0.00,0.00,0.00,0,0,0.00,0.00,0.00,0,0,0.00,0.00,0,0,0.00,0.00,0.00,0,0
1669089880.931400,eth0,0.00,0.00,0.00,0,0,0.00,0.00,0.00,0,0,0.00,0.00,0,0,0.00,0.00,0.00,0,0
1669089880.931412,docker0,0.00,0.00,0.00,0,0,0.00,0.00,0.00,0,0,0.00,0.00,0,0,0.00,0.00,0.00,0,0
1669089880.931423,s1-eth1,63762.00,4845848.00,4909610.00,4845848,63762,955.00,1000.00,1955.00,1000,955,0.00,0.00,0,0,510096.00,38766784.00,39276880.00,38766784,510096
1669089880.931438,s2-eth2,61062.00,2821210.00,2882272.00,2821210,61062,919.00,973.00,1892.00,973,919,0.00,0.00,0,0,488496.00,22569680.00,23058176.00,22569680,488496
1669089880.931484,s2-eth3,78870.00,4233516.00,4312386.00,4233516,78870,1195.00,1222.00,2417.00,1222,1195,0.00,0.00,0,0,630960.00,33868128.00,34499088.00,33868128,630960
1669089880.931515,s1-eth3,12088104.00,203694.00,12291798.00,203694,12088104,3272.00,3069.00,6341.00,3069,3272,0.00,0.00,0,0,96704832.00,1629552.00,98334384.00,1629552,96704832
1669089880.931530,s1-eth2,139866.00,7060650.00,7200516.00,7060650,139866,2113.00,2197.00,4310.00,2197,2113,0.00,0.00,0,0,1118928.00,56485200.00,57604128.00,56485200,1118928
1669089880.931543,s2-eth1,7060650.00,139866.00,7200516.00,139866,7060650,2197.00,2113.00,4310.00,2113,2197,0.00,0.00,0,0,56485200.00,1118928.00,57604128.00,1118928,56485200
1669089880.931567,total,19492314.00,19304784.00,38797096.00,19304784,19492314,10651.00,10574.00,21225.00,10574,10651,0.00,0.00,0,0,155938512.00,154438272.00,310376768.00,154438272,155938512
1669089881.931855,lo,0.00,0.00,0.00,0,0,0.00,0.00,0.00,0,0,0.00,0.00,0,0,0.00,0.00,0.00,0,0
1669089881.931910,eth0,0.00,0.00,0.00,0,0,0.00,0.00,0.00,0,0,0.00,0.00,0,0,0.00,0.00,0.00,0,0
1669089881.931929,docker0,0.00,0.00,0.00,0,0,0.00,0.00,0.00,0,0,0.00,0.00,0,0,0.00,0.00,0.00,0,0
1669089881.931940,s1-eth1,62436.00,4198386.00,4260822.00,4198386,62436,946.00,953.00,1899.00,953,946,0.00,0.00,0,0,499488.00,33587088.00,34086576.00,33587088,499488
1669089881.931996,s2-eth2,54978.00,2564898.00,2619876.00,2564898,54978,833.00,885.00,1718.00,885,833,0.00,0.00,0,0,439824.00,20519184.00,20959008.00,20519184,439824
1669089881.932015,s2-eth3,59140.00,5383118.00,5442258.00,5383118,59140,896.00,979.00,1875.00,979,896,0.00,0.00,0,0,473120.00,43064944.00,43538064.00,43064944,473120
1669089881.932045,s1-eth3,12060636.00,176286.00,12236922.00,176286,12060636,2790.00,2671.00,5461.00,2671,2790,0.00,0.00,0,0,96485088.00,1410288.00,97895376.00,1410288,96485088
1669089881.932060,s1-eth2,113982.00,7948082.00,8062064.00,7948082,113982,1727.00,1865.00,3592.00,1865,1727,0.00,0.00,0,0,911856.00,63584656.00,64496512.00,63584656,911856
1669089881.932073,s2-eth1,7948082.00,113982.00,8062064.00,113982,7948082,1865.00,1727.00,3592.00,1727,1865,0.00,0.00,0,0,63584656.00,911856.00,64496512.00,911856,63584656
1669089881.932096,total,20299254.00,20384752.00,40684008.00,20384752,20299254,9057.00,9080.00,18137.00,9080,9057,0.00,0.00,0,0,162394032.00,163078016.00,325472064.00,163078016,162394032
1669089882.932295,lo,1158.00,1158.00,2316.00,1158,1158,9.00,9.00,18.00,9,9,0.00,0.00,0,0,9264.00,9264.00,18528.00,9264,9264
1669089882.932344,eth0,0.00,0.00,0.00,0,0,0.00,0.00,0.00,0,0,0.00,0.00,0,0,0.00,0.00,0.00,0,0
1669089882.932355,docker0,0.00,0.00,0.00,0,0,0.00,0.00,0.00,0,0,0.00,0.00,0,0,0.00,0.00,0.00,0,0
1669089882.932366,s1-eth1,62642.00,4202796.00,4265438.00,4202796,62642,949.00,954.00,1903.00,954,949,0.00,0.00,0,0,501136.00,33622368.00,34123504.00,33622368,501136
1669089882.932381,s2-eth2,59408.00,2742684.00,2802092.00,2742684,59408,900.00,946.00,1846.00,946,900,0.00,0.00,0,0,475264.00,21941472.00,22416736.00,21941472,475264
1669089882.932395,s2-eth3,56958.00,5204420.00,5261378.00,5204420,56958,863.00,948.00,1811.00,948,863,0.00,0.00,0,0,455664.00,41635360.00,42091024.00,41635360,455664
1669089882.932425,s1-eth3,12067562.00,178662.00,12246224.00,178662,12067562,2829.00,2707.00,5536.00,2707,2829,0.00,0.00,0,0,96540496.00,1429296.00,97969792.00,1429296,96540496
1669089882.932440,s1-eth2,116160.00,7947174.00,8063334.00,7947174,116160,1760.00,1895.00,3655.00,1895,1760,0.00,0.00,0,0,929280.00,63577392.00,64506672.00,63577392,929280
1669089882.932480,s2-eth1,7947174.00,116160.00,8063334.00,116160,7947174,1895.00,1760.00,3655.00,1760,1895,0.00,0.00,0,0,63577392.00,929280.00,64506672.00,929280,63577392
1669089882.932515,total,20311062.00,20393054.00,40704116.00,20393054,20311062,9205.00,9219.00,18424.00,9219,9205,0.00,0.00,0,0,162488496.00,163144432.00,325632928.00,163144432,162488496
1669089883.932785,lo,338.00,338.00,676.00,338,338,6.00,6.00,12.00,6,6,0.00,0.00,0,0,2704.00,2704.00,5408.00,2704,2704
1669089883.932833,eth0,206.00,208.00,414.00,208,206,3.00,3.00,6.00,3,3,0.00,0.00,0,0,1648.00,1664.00,3312.00,1664,1648
1669089883.932847,docker0,0.00,0.00,0.00,0,0,0.00,0.00,0.00,0,0,0.00,0.00,0,0,0.00,0.00,0.00,0,0
1669089883.932858,s1-eth1,62506.00,4198386.00,4260892.00,4198386,62506,947.00,953.00,1900.00,953,947,0.00,0.00,0,0,500048.00,33587088.00,34087136.00,33587088,500048
1669089883.932872,s2-eth2,61380.00,2846420.00,2907800.00,2846420,61380,930.00,982.00,1912.00,982,930,0.00,0.00,0,0,491040.00,22771360.00,23262400.00,22771360,491040
1669089883.932886,s2-eth3,56034.00,5096010.00,5152044.00,5096010,56034,849.00,929.00,1778.00,929,849,0.00,0.00,0,0,448272.00,40768080.00,41216352.00,40768080,448272
1669089883.932916,s1-eth3,12064200.00,179850.00,12244050.00,179850,12064200,2844.00,2725.00,5569.00,2725,2844,0.00,0.00,0,0,96513600.00,1438800.00,97952400.00,1438800,96513600
1669089883.932930,s1-eth2,117414.00,7942430.00,8059844.00,7942430,117414,1779.00,1911.00,3690.00,1911,1779,0.00,0.00,0,0,939312.00,63539440.00,64478752.00,63539440,939312
1669089883.932944,s2-eth1,7942430.00,117414.00,8059844.00,117414,7942430,1911.00,1779.00,3690.00,1779,1911,0.00,0.00,0,0,63539440.00,939312.00,64478752.00,939312,63539440
1669089883.932968,total,20304508.00,20381056.00,40685564.00,20381056,20304508,9269.00,9288.00,18557.00,9288,9269,0.00,0.00,0,0,162436064.00,163048448.00,325484512.00,163048448,162436064
1669089884.933267,lo,110.00,110.00,220.00,110,110,2.00,2.00,4.00,2,2,0.00,0.00,0,0,880.00,880.00,1760.00,880,880
1669089884.933350,eth0,98.00,40.00,138.00,40,98,1.00,1.00,2.00,1,1,0.00,0.00,0,0,784.00,320.00,1104.00,320,784
1669089884.933364,docker0,0.00,0.00,0.00,0,0,0.00,0.00,0.00,0,0,0.00,0.00,0,0,0.00,0.00,0.00,0,0
1669089884.933375,s1-eth1,62886.00,4067868.00,4130754.00,4067868,62886,943.00,950.00,1893.00,950,943,0.00,0.00,0,0,503088.00,32542944.00,33046032.00,32542944,503088
1669089884.933389,s2-eth2,62898.00,2902698.00,2965596.00,2902698,62898,953.00,1001.00,1954.00,1001,953,0.00,0.00,0,0,503184.00,23221584.00,23724768.00,23221584,503184
1669089884.933403,s2-eth3,59994.00,5019868.00,5079862.00,5019868,59994,909.00,982.00,1891.00,982,909,0.00,0.00,0,0,479952.00,40158944.00,40638896.00,40158944,479952
1669089884.933432,s1-eth3,12051378.00,186108.00,12237486.00,186108,12051378,2913.00,2810.00,5723.00,2810,2913,0.00,0.00,0,0,96411024.00,1488864.00,97899888.00,1488864,96411024
1669089884.933448,s1-eth2,123090.00,7922500.00,8045590.00,7922500,123090,1865.00,1982.00,3847.00,1982,1865,0.00,0.00,0,0,984720.00,63380000.00,64364720.00,63380000,984720
1669089884.933462,s2-eth1,7922500.00,123090.00,8045590.00,123090,7922500,1982.00,1865.00,3847.00,1865,1982,0.00,0.00,0,0,63380000.00,984720.00,64364720.00,984720,63380000
1669089884.933485,total,20282954.00,20222282.00,40505236.00,20222282,20282954,9568.00,9593.00,19161.00,9593,9568,0.00,0.00,0,0,162263632.00,161778256.00,324041888.00,161778256,162263632
1669089885.933688,lo,2650.00,2650.00,5300.00,2650,2650,20.00,20.00,40.00,20,20,0.00,0.00,0,0,21200.00,21200.00,42400.00,21200,21200
1669089885.933756,eth0,0.00,0.00,0.00,0,0,0.00,0.00,0.00,0,0,0.00,0.00,0,0,0.00,0.00,0.00,0,0
1669089885.933769,docker0,0.00,0.00,0.00,0,0,0.00,0.00,0.00,0,0,0.00,0.00,0,0,0.00,0.00,0.00,0,0
1669089885.933779,s1-eth1,56162.00,2624208.00,2680370.00,2624208,56162,849.00,906.00,1755.00,906,849,0.00,0.00,0,0,449296.00,20993664.00,21442960.00,20993664,449296
1669089885.933794,s2-eth2,79542.00,3685132.00,3764674.00,3685132,79542,1205.00,1272.00,2477.00,1272,1205,0.00,0.00,0,0,636336.00,29481056.00,30117392.00,29481056,636336
1669089885.933808,s2-eth3,65818.00,5819968.00,5885786.00,5819968,65818,997.00,1060.00,2057.00,1060,997,0.00,0.00,0,0,526544.00,46559744.00,47086288.00,46559744,526544
1669089885.933836,s1-eth3,12080146.00,200764.00,12280910.00,200764,12080146,3239.00,3040.00,6279.00,3040,3239,0.00,0.00,0,0,96641168.00,1606112.00,98247280.00,1606112,96641168
1669089885.933850,s1-eth2,145014.00,9505166.00,9650180.00,9505166,145014,2197.00,2333.00,4530.00,2333,2197,0.00,0.00,0,0,1160112.00,76041328.00,77201440.00,76041328,1160112
1669089885.933864,s2-eth1,9505166.00,145014.00,9650180.00,145014,9505166,2333.00,2197.00,4530.00,2197,2333,0.00,0.00,0,0,76041328.00,1160112.00,77201440.00,1160112,76041328
1669089885.933916,total,21934498.00,21982902.00,43917400.00,21982902,21934498,10840.00,10828.00,21668.00,10828,10840,0.00,0.00,0,0,175475984.00,175863216.00,351339200.00,175863216,175475984
1669089886.934175,lo,0.00,0.00,0.00,0,0,0.00,0.00,0.00,0,0,0.00,0.00,0,0,0.00,0.00,0.00,0,0
1669089886.934228,eth0,0.00,0.00,0.00,0,0,0.00,0.00,0.00,0,0,0.00,0.00,0,0,0.00,0.00,0.00,0,0
1669089886.934247,docker0,0.00,0.00,0.00,0,0,0.00,0.00,0.00,0,0,0.00,0.00,0,0,0.00,0.00,0.00,0,0
1669089886.934259,s1-eth1,41388.00,1845990.00,1887378.00,1845990,41388,618.00,655.00,1273.00,655,618,0.00,0.00,0,0,331104.00,14767920.00,15099024.00,14767920,331104
1669089886.934274,s2-eth2,67134.00,3931504.00,3998638.00,3931504,67134,1017.00,1012.00,2029.00,1012,1017,0.00,0.00,0,0,537072.00,31452032.00,31989104.00,31452032,537072
1669089886.934288,s2-eth3,60918.00,6269946.00,6330864.00,6269946,60918,923.00,945.00,1868.00,945,923,0.00,0.00,0,0,487344.00,50159568.00,50646912.00,50159568,487344
1669089886.934317,s1-eth3,12058244.00,169374.00,12227618.00,169374,12058244,2666.00,2557.00,5223.00,2557,2666,0.00,0.00,0,0,96465952.00,1354992.00,97820944.00,1354992,96465952
1669089886.934332,s1-eth2,127920.00,10192696.00,10320616.00,10192696,127920,1938.00,1956.00,3894.00,1956,1938,0.00,0.00,0,0,1023360.00,81541568.00,82564928.00,81541568,1023360
1669089886.934363,s2-eth1,10192696.00,127920.00,10320616.00,127920,10192696,1956.00,1938.00,3894.00,1938,1956,0.00,0.00,0,0,81541568.00,1023360.00,82564928.00,1023360,81541568
1669089886.934391,total,22548300.00,22537430.00,45085728.00,22537430,22548300,9118.00,9063.00,18181.00,9063,9118,0.00,0.00,0,0,180386400.00,180299440.00,360685824.00,180299440,180386400
1669089887.934674,lo,114.00,114.00,228.00,114,114,2.00,2.00,4.00,2,2,0.00,0.00,0,0,912.00,912.00,1824.00,912,912
1669089887.934723,eth0,144.00,160.00,304.00,160,144,2.00,2.00,4.00,2,2,0.00,0.00,0,0,1152.00,1280.00,2432.00,1280,1152
1669089887.934737,docker0,0.00,0.00,0.00,0,0,0.00,0.00,0.00,0,0,0.00,0.00,0,0,0.00,0.00,0.00,0,0
1669089887.934748,s1-eth1,39798.00,1852174.00,1891972.00,1852174,39798,603.00,639.00,1242.00,639,603,0.00,0.00,0,0,318384.00,14817392.00,15135776.00,14817392,318384
1669089887.934762,s2-eth2,60126.00,4039758.00,4099884.00,4039758,60126,911.00,919.00,1830.00,919,911,0.00,0.00,0,0,481008.00,32318064.00,32799072.00,32318064,481008
1669089887.934808,s2-eth3,61446.00,6219670.00,6281116.00,6219670,61446,931.00,995.00,1926.00,995,931,0.00,0.00,0,0,491568.00,49757360.00,50248928.00,49757360,491568
1669089887.934844,s1-eth3,12039788.00,161436.00,12201224.00,161436,12039788,2518.00,2446.00,4964.00,2446,2518,0.00,0.00,0,0,96318304.00,1291488.00,97609792.00,1291488,96318304
1669089887.934859,s1-eth2,121638.00,10262324.00,10383962.00,10262324,121638,1843.00,1914.00,3757.00,1914,1843,0.00,0.00,0,0,973104.00,82098592.00,83071696.00,82098592,973104
1669089887.934873,s2-eth1,10262324.00,121638.00,10383962.00,121638,10262324,1914.00,1843.00,3757.00,1843,1914,0.00,0.00,0,0,82098592.00,973104.00,83071696.00,973104,82098592
1669089887.934897,total,22585378.00,22657274.00,45242652.00,22657274,22585378,8724.00,8760.00,17484.00,8760,8724,0.00,0.00,0,0,180683024.00,181258192.00,361941216.00,181258192,180683024
1669089888.935161,lo,224.00,224.00,448.00,224,224,4.00,4.00,8.00,4,4,0.00,0.00,0,0,1792.00,1792.00,3584.00,1792,1792
1669089888.935215,eth0,152.00,124.00,276.00,124,152,2.00,2.00,4.00,2,2,0.00,0.00,0,0,1216.00,992.00,2208.00,992,1216
1669089888.935229,docker0,0.00,0.00,0.00,0,0,0.00,0.00,0.00,0,0,0.00,0.00,0,0,0.00,0.00,0.00,0,0
1669089888.935240,s1-eth1,43560.00,2018112.00,2061672.00,2018112,43560,660.00,696.00,1356.00,696,660,0.00,0.00,0,0,348480.00,16144896.00,16493376.00,16144896,348480
1669089888.935254,s2-eth2,60060.00,4030740.00,4090800.00,4030740,60060,910.00,914.00,1824.00,914,910,0.00,0.00,0,0,480480.00,32245920.00,32726400.00,32245920,480480
1669089888.935268,s2-eth3,66528.00,6061726.00,6128254.00,6061726,66528,1008.00,1103.00,2111.00,1103,1008,0.00,0.00,0,0,532224.00,48493808.00,49026032.00,48493808,532224
1669089888.935297,s1-eth3,12056144.00,170148.00,12226292.00,170148,12056144,2700.00,2578.00,5278.00,2578,2700,0.00,0.00,0,0,96449152.00,1361184.00,97810336.00,1361184,96449152
1669089888.935312,s1-eth2,126588.00,10092466.00,10219054.00,10092466,126588,1918.00,2017.00,3935.00,2017,1918,0.00,0.00,0,0,1012704.00,80739728.00,81752432.00,80739728,1012704
1669089888.935326,s2-eth1,10092466.00,126588.00,10219054.00,126588,10092466,2017.00,1918.00,3935.00,1918,2017,0.00,0.00,0,0,80739728.00,1012704.00,81752432.00,1012704,80739728
1669089888.935349,total,22445722.00,22500128.00,44945848.00,22500128,22445722,9219.00,9232.00,18451.00,9232,9219,0.00,0.00,0,0,179565776.00,180001024.00,359566784.00,180001024,179565776
1669089889.935608,lo,110.00,110.00,220.00,110,110,2.00,2.00,4.00,2,2,0.00,0.00,0,0,880.00,880.00,1760.00,880,880
1669089889.935656,eth0,98.00,40.00,138.00,40,98,1.00,1.00,2.00,1,1,0.00,0.00,0,0,784.00,320.00,1104.00,320,784
1669089889.935670,docker0,0.00,0.00,0.00,0,0,0.00,0.00,0.00,0,0,0.00,0.00,0,0,0.00,0.00,0.00,0,0
1669089889.935680,s1-eth1,46020.00,2032860.00,2078880.00,2032860,46020,688.00,722.00,1410.00,722,688,0.00,0.00,0,0,368160.00,16262880.00,16631040.00,16262880,368160
1669089889.935695,s2-eth2,60324.00,4048446.00,4108770.00,4048446,60324,914.00,919.00,1833.00,919,914,0.00,0.00,0,0,482592.00,32387568.00,32870160.00,32387568,482592
1669089889.935725,s2-eth3,65208.00,5941538.00,6006746.00,5941538,65208,988.00,1081.00,2069.00,1081,988,0.00,0.00,0,0,521664.00,47532304.00,48053968.00,47532304,521664
1669089889.935754,s1-eth3,12051148.00,171552.00,12222700.00,171552,12051148,2734.00,2590.00,5324.00,2590,2734,0.00,0.00,0,0,96409184.00,1372416.00,97781600.00,1372416,96409184
1669089889.935769,s1-eth2,125532.00,9992880.00,10118412.00,9992880,125532,1902.00,2000.00,3902.00,2000,1902,0.00,0.00,0,0,1004256.00,79943040.00,80947296.00,79943040,1004256
1669089889.935783,s2-eth1,9992880.00,125532.00,10118412.00,125532,9992880,2000.00,1902.00,3902.00,1902,2000,0.00,0.00,0,0,79943040.00,1004256.00,80947296.00,1004256,79943040
1669089889.935807,total,22341320.00,22312958.00,44654280.00,22312958,22341320,9229.00,9217.00,18446.00,9217,9229,0.00,0.00,0,0,178730560.00,178503664.00,357234240.00,178503664,178730560
1669089890.936074,lo,344.00,344.00,688.00,344,344,6.00,6.00,12.00,6,6,0.00,0.00,0,0,2752.00,2752.00,5504.00,2752,2752
1669089890.936146,eth0,0.00,0.00,0.00,0,0,0.00,0.00,0.00,0,0,0.00,0.00,0,0,0.00,0.00,0.00,0,0
1669089890.936160,docker0,0.00,0.00,0.00,0,0,0.00,0.00,0.00,0,0,0.00,0.00,0,0,0.00,0.00,0.00,0,0
1669089890.936171,s1-eth1,28314.00,1324674.00,1352988.00,1324674,28314,429.00,457.00,886.00,457,429,0.00,0.00,0,0,226512.00,10597392.00,10823904.00,10597392,226512
1669089890.936185,s2-eth2,66726.00,4471872.00,4538598.00,4471872,66726,1011.00,1016.00,2027.00,1016,1011,0.00,0.00,0,0,533808.00,35774976.00,36308784.00,35774976,533808
1669089890.936199,s2-eth3,57684.00,6305408.00,6363092.00,6305408,57684,874.00,868.00,1742.00,868,874,0.00,0.00,0,0,461472.00,50443264.00,50904736.00,50443264,461472
1669089890.936229,s1-eth3,12035808.00,152790.00,12188598.00,152790,12035808,2348.00,2315.00,4663.00,2315,2348,0.00,0.00,0,0,96286464.00,1222320.00,97508784.00,1222320,96286464
1669089890.936244,s1-eth2,124476.00,10771488.00,10895964.00,10771488,124476,1886.00,1884.00,3770.00,1884,1886,0.00,0.00,0,0,995808.00,86171904.00,87167712.00,86171904,995808
1669089890.936258,s2-eth1,10771488.00,124476.00,10895964.00,124476,10771488,1884.00,1886.00,3770.00,1886,1884,0.00,0.00,0,0,86171904.00,995808.00,87167712.00,995808,86171904
1669089890.936282,total,23084840.00,23151052.00,46235892.00,23151052,23084840,8438.00,8432.00,16870.00,8432,8438,0.00,0.00,0,0,184678720.00,185208416.00,369887136.00,185208416,184678720
1669089891.936589,lo,0.00,0.00,0.00,0,0,0.00,0.00,0.00,0,0,0.00,0.00,0,0,0.00,0.00,0.00,0,0
1669089891.936666,eth0,0.00,0.00,0.00,0,0,0.00,0.00,0.00,0,0,0.00,0.00,0,0,0.00,0.00,0.00,0,0
1669089891.936678,docker0,0.00,0.00,0.00,0,0,0.00,0.00,0.00,0,0,0.00,0.00,0,0,0.00,0.00,0.00,0,0
1669089891.936696,s1-eth1,33594.00,1560252.00,1593846.00,1560252,33594,509.00,538.00,1047.00,538,509,0.00,0.00,0,0,268752.00,12482016.00,12750768.00,12482016,268752
1669089891.936712,s2-eth2,67188.00,4509322.00,4576510.00,4509322,67188,1018.00,1013.00,2031.00,1013,1018,0.00,0.00,0,0,537504.00,36074576.00,36612080.00,36074576,537504
1669089891.936727,s2-eth3,62082.00,5803174.00,5865256.00,5803174,62082,929.00,1003.00,1932.00,1003,929,0.00,0.00,0,0,496656.00,46425392.00,46922048.00,46425392,496656
1669089891.936758,s1-eth3,12053154.00,162864.00,12216018.00,162864,12053154,2545.00,2456.00,5001.00,2456,2545,0.00,0.00,0,0,96425232.00,1302912.00,97728144.00,1302912,96425232
1669089891.936773,s1-eth2,129270.00,10318288.00,10447558.00,10318288,129270,1947.00,2016.00,3963.00,2016,1947,0.00,0.00,0,0,1034160.00,82546304.00,83580464.00,82546304,1034160
1669089891.936787,s2-eth1,10318288.00,129270.00,10447558.00,129270,10318288,2016.00,1947.00,3963.00,1947,2016,0.00,0.00,0,0,82546304.00,1034160.00,83580464.00,1034160,82546304
1669089891.936812,total,22663576.00,22483170.00,45146744.00,22483170,22663576,8964.00,8973.00,17937.00,8973,8964,0.00,0.00,0,0,181308608.00,179865360.00,361173952.00,179865360,181308608
1669089892.937102,lo,114.00,114.00,228.00,114,114,2.00,2.00,4.00,2,2,0.00,0.00,0,0,912.00,912.00,1824.00,912,912
1669089892.937226,eth0,54.00,84.00,138.00,84,54,1.00,1.00,2.00,1,1,0.00,0.00,0,0,432.00,672.00,1104.00,672,432
1669089892.937240,docker0,0.00,0.00,0.00,0,0,0.00,0.00,0.00,0,0,0.00,0.00,0,0,0.00,0.00,0.00,0,0
1669089892.937251,s1-eth1,48180.00,2237432.00,2285612.00,2237432,48180,730.00,772.00,1502.00,772,730,0.00,0.00,0,0,385440.00,17899456.00,18284896.00,17899456,385440
1669089892.937266,s2-eth2,64548.00,5838924.00,5903472.00,5838924,64548,978.00,1062.00,2040.00,1062,978,0.00,0.00,0,0,516384.00,46711392.00,47227776.00,46711392,516384
1669089892.937280,s2-eth3,61512.00,4057398.00,4118910.00,4057398,61512,932.00,923.00,1855.00,923,932,0.00,0.00,0,0,492096.00,32459184.00,32951280.00,32459184,492096
1669089892.937311,s1-eth3,12066028.00,174240.00,12240268.00,174240,12066028,2762.00,2640.00,5402.00,2640,2762,0.00,0.00,0,0,96528224.00,1393920.00,97922144.00,1393920,96528224
1669089892.937326,s1-eth2,126060.00,9893426.00,10019486.00,9893426,126060,1910.00,1985.00,3895.00,1985,1910,0.00,0.00,0,0,1008480.00,79147408.00,80155888.00,79147408,1008480
1669089892.937339,s2-eth1,9893426.00,126060.00,10019486.00,126060,9893426,1985.00,1910.00,3895.00,1910,1985,0.00,0.00,0,0,79147408.00,1008480.00,80155888.00,1008480,79147408
1669089892.937382,total,22259922.00,22327678.00,44587600.00,22327678,22259922,9300.00,9295.00,18595.00,9295,9300,0.00,0.00,0,0,178079376.00,178621424.00,356700800.00,178621424,178079376
1669089893.937670,lo,224.00,224.00,448.00,224,224,4.00,4.00,8.00,4,4,0.00,0.00,0,0,1792.00,1792.00,3584.00,1792,1792
1669089893.937718,eth0,152.00,124.00,276.00,124,152,2.00,2.00,4.00,2,2,0.00,0.00,0,0,1216.00,992.00,2208.00,992,1216
1669089893.937732,docker0,0.00,0.00,0.00,0,0,0.00,0.00,0.00,0,0,0.00,0.00,0,0,0.00,0.00,0.00,0,0
1669089893.937743,s1-eth1,52140.00,2418180.00,2470320.00,2418180,52140,790.00,834.00,1624.00,834,790,0.00,0.00,0,0,417120.00,19345440.00,19762560.00,19345440,417120
1669089893.937757,s2-eth2,60588.00,5522394.00,5582982.00,5522394,60588,918.00,1005.00,1923.00,1005,918,0.00,0.00,0,0,484704.00,44179152.00,44663856.00,44179152,484704
1669089893.937772,s2-eth3,62370.00,4185222.00,4247592.00,4185222,62370,945.00,951.00,1896.00,951,945,0.00,0.00,0,0,498960.00,33481776.00,33980736.00,33481776,498960
1669089893.937801,s1-eth3,12065306.00,175098.00,12240404.00,175098,12065306,2773.00,2653.00,5426.00,2653,2773,0.00,0.00,0,0,96522448.00,1400784.00,97923232.00,1400784,96522448
1669089893.937816,s1-eth2,122892.00,9704654.00,9827546.00,9704654,122892,1862.00,1955.00,3817.00,1955,1862,0.00,0.00,0,0,983136.00,77637232.00,78620368.00,77637232,983136
1669089893.937830,s2-eth1,9704654.00,122892.00,9827546.00,122892,9704654,1955.00,1862.00,3817.00,1862,1955,0.00,0.00,0,0,77637232.00,983136.00,78620368.00,983136,77637232
1669089893.937855,total,22068326.00,22128788.00,44197112.00,22128788,22068326,9249.00,9266.00,18515.00,9266,9249,0.00,0.00,0,0,176546608.00,177030304.00,353576896.00,177030304,176546608
1669089894.938174,lo,110.00,110.00,220.00,110,110,2.00,2.00,4.00,2,2,0.00,0.00,0,0,880.00,880.00,1760.00,880,880
1669089894.938227,eth0,98.00,40.00,138.00,40,98,1.00,1.00,2.00,1,1,0.00,0.00,0,0,784.00,320.00,1104.00,320,784
1669089894.938241,docker0,0.00,0.00,0.00,0,0,0.00,0.00,0.00,0,0,0.00,0.00,0,0,0.00,0.00,0.00,0,0
1669089894.938253,s1-eth1,55968.00,2588594.00,2644562.00,2588594,55968,848.00,893.00,1741.00,893,848,0.00,0.00,0,0,447744.00,20708752.00,21156496.00,20708752,447744
1669089894.938267,s2-eth2,60198.00,5183166.00,5243364.00,5183166,60198,895.00,999.00,1894.00,999,895,0.00,0.00,0,0,481584.00,41465328.00,41946912.00,41465328,481584
1669089894.938281,s2-eth3,61710.00,4145136.00,4206846.00,4145136,61710,935.00,936.00,1871.00,936,935,0.00,0.00,0,0,493680.00,33161088.00,33654768.00,33161088,493680
1669089894.938313,s1-eth3,12045966.00,177876.00,12223842.00,177876,12045966,2831.00,2678.00,5509.00,2678,2831,0.00,0.00,0,0,96367728.00,1423008.00,97790736.00,1423008,96367728
1669089894.938328,s1-eth2,121974.00,9329750.00,9451724.00,9329750,121974,1831.00,1935.00,3766.00,1935,1831,0.00,0.00,0,0,975792.00,74638000.00,75613792.00,74638000,975792
1669089894.938378,s2-eth1,9329750.00,121974.00,9451724.00,121974,9329750,1935.00,1831.00,3766.00,1831,1935,0.00,0.00,0,0,74638000.00,975792.00,75613792.00,975792,74638000
1669089894.938404,total,21675774.00,21546646.00,43222420.00,21546646,21675774,9278.00,9275.00,18553.00,9275,9278,0.00,0.00,0,0,173406192.00,172373168.00,345779360.00,172373168,173406192
1669089895.938664,lo,344.00,344.00,688.00,344,344,6.00,6.00,12.00,6,6,0.00,0.00,0,0,2752.00,2752.00,5504.00,2752,2752
1669089895.938710,eth0,0.00,0.00,0.00,0,0,0.00,0.00,0.00,0,0,0.00,0.00,0,0,0.00,0.00,0.00,0,0
1669089895.938722,docker0,0.00,0.00,0.00,0,0,0.00,0.00,0.00,0,0,0.00,0.00,0,0,0.00,0.00,0.00,0,0
1669089895.938736,s1-eth1,73470.00,3220824.00,3294294.00,3220824,73470,1093.00,1148.00,2241.00,1148,1093,0.00,0.00,0,0,587760.00,25766592.00,26354352.00,25766592,587760
1669089895.938751,s2-eth2,77418.00,3830114.00,3907532.00,3830114,77418,1173.00,1209.00,2382.00,1209,1173,0.00,0.00,0,0,619344.00,30640912.00,31260256.00,30640912,619344
1669089895.938765,s2-eth3,59766.00,4842944.00,4902710.00,4842944,59766,897.00,956.00,1853.00,956,897,0.00,0.00,0,0,478128.00,38743552.00,39221680.00,38743552,478128
1669089895.938795,s1-eth3,12092600.00,210588.00,12303188.00,210588,12092600,3384.00,3162.00,6546.00,3162,3384,0.00,0.00,0,0,96740800.00,1684704.00,98425504.00,1684704,96740800
1669089895.938810,s1-eth2,137118.00,8676020.00,8813138.00,8676020,137118,2069.00,2166.00,4235.00,2166,2069,0.00,0.00,0,0,1096944.00,69408160.00,70505104.00,69408160,1096944
1669089895.938824,s2-eth1,8676020.00,137118.00,8813138.00,137118,8676020,2166.00,2069.00,4235.00,2069,2166,0.00,0.00,0,0,69408160.00,1096944.00,70505104.00,1096944,69408160
1669089895.938848,total,21116736.00,20917952.00,42034688.00,20917952,21116736,10788.00,10716.00,21504.00,10716,10788,0.00,0.00,0,0,168933888.00,167343616.00,336277504.00,167343616,168933888
1669089896.939083,lo,0.00,0.00,0.00,0,0,0.00,0.00,0.00,0,0,0.00,0.00,0,0,0.00,0.00,0.00,0,0
1669089896.939140,eth0,0.00,0.00,0.00,0,0,0.00,0.00,0.00,0,0,0.00,0.00,0,0,0.00,0.00,0.00,0,0
1669089896.940091,docker0,0.00,0.00,0.00,0,0,0.00,0.00,0.00,0,0,0.00,0.00,0,0,0.00,0.00,0.00,0,0
1669089896.940114,s1-eth1,62109.89,2890921.25,2953031.00,2893812,62172,941.06,997.00,1938.06,998,942,0.00,0.00,0,0,496879.12,23127370.00,23624248.00,23150496,497376
1669089896.940131,s2-eth2,58615.39,5354332.00,5412947.00,5359686,58674,888.11,974.03,1862.14,975,889,0.00,0.00,0,0,468923.09,42834656.00,43303576.00,42877488,469392
1669089896.940147,s2-eth3,58021.98,3903686.50,3961708.50,3907590,58080,879.12,890.11,1769.23,891,880,0.00,0.00,0,0,464175.84,31229492.00,31693668.00,31260720,464640
1669089896.940224,s1-eth3,12050504.00,178813.19,12229317.00,178992,12062554,2838.16,2709.29,5547.45,2712,2841,0.00,0.00,0,0,96404032.00,1430505.50,97834536.00,1431936,96500432
1669089896.940244,s1-eth2,116835.17,9268276.00,9385111.00,9277544,116952,1770.23,1866.13,3636.36,1868,1772,0.00,0.00,0,0,934681.38,74146208.00,75080888.00,74220352,935616
1669089896.940259,s2-eth1,9268276.00,116835.17,9385111.00,116952,9277544,1866.13,1770.23,3636.36,1772,1868,0.00,0.00,0,0,74146208.00,934681.38,75080888.00,935616,74220352
1669089896.940285,total,21614362.00,21712864.00,43327224.00,21734576,21635976,9182.82,9206.79,18389.61,9216,9192,0.00,0.00,0,0,172914896.00,173702912.00,346617792.00,173876608,173087808
1669089897.940561,lo,113.89,113.89,227.77,114,114,2.00,2.00,4.00,2,2,0.00,0.00,0,0,911.09,911.09,1822.18,912,912
1669089897.940609,eth0,53.95,83.92,137.86,84,54,1.00,1.00,2.00,1,1,0.00,0.00,0,0,431.57,671.33,1102.90,672,432
1669089897.940624,docker0,0.00,0.00,0.00,0,0,0.00,0.00,0.00,0,0,0.00,0.00,0,0,0.00,0.00,0.00,0,0
1669089897.940635,s1-eth1,65868.00,3055340.00,3121208.00,3055340,65868,998.00,1054.00,2052.00,1054,998,0.00,0.00,0,0,526944.00,24442720.00,24969664.00,24442720,526944
1669089897.940650,s2-eth2,55440.00,5049014.00,5104454.00,5049014,55440,840.00,919.00,1759.00,919,840,0.00,0.00,0,0,443520.00,40392112.00,40835632.00,40392112,443520
1669089897.940681,s2-eth3,60192.00,4053054.00,4113246.00,4053054,60192,912.00,923.00,1835.00,923,912,0.00,0.00,0,0,481536.00,32424432.00,32905968.00,32424432,481536
1669089897.940712,s1-eth3,12073486.00,181434.00,12254920.00,181434,12073486,2875.00,2749.00,5624.00,2749,2875,0.00,0.00,0,0,96587888.00,1451472.00,98039360.00,1451472,96587888
1669089897.940726,s1-eth2,115434.00,9093248.00,9208682.00,9093248,115434,1749.00,1840.00,3589.00,1840,1749,0.00,0.00,0,0,923472.00,72745984.00,73669456.00,72745984,923472
1669089897.940740,s2-eth1,9093248.00,115434.00,9208682.00,115434,9093248,1840.00,1749.00,3589.00,1749,1840,0.00,0.00,0,0,72745984.00,923472.00,73669456.00,923472,72745984
1669089897.940764,total,21463836.00,21547722.00,43011560.00,21547722,21463836,9217.00,9237.00,18454.00,9237,9217,0.00,0.00,0,0,171710688.00,172381776.00,344092480.00,172381776,171710688
1669089898.941025,lo,224.00,224.00,448.00,224,224,4.00,4.00,8.00,4,4,0.00,0.00,0,0,1792.00,1792.00,3584.00,1792,1792
1669089898.941076,eth0,152.00,124.00,276.00,124,152,2.00,2.00,4.00,2,2,0.00,0.00,0,0,1216.00,992.00,2208.00,992,1216
1669089898.941090,docker0,0.00,0.00,0.00,0,0,0.00,0.00,0.00,0,0,0.00,0.00,0,0,0.00,0.00,0.00,0,0
1669089898.941101,s1-eth1,69300.00,3206468.00,3275768.00,3206468,69300,1050.00,1106.00,2156.00,1106,1050,0.00,0.00,0,0,554400.00,25651744.00,26206144.00,25651744,554400
1669089898.941115,s2-eth2,63360.00,5060222.00,5123582.00,5060222,63360,960.00,1023.00,1983.00,1023,960,0.00,0.00,0,0,506880.00,40481776.00,40988656.00,40481776,506880
1669089898.941129,s2-eth3,57750.00,3880998.00,3938748.00,3880998,57750,875.00,883.00,1758.00,883,875,0.00,0.00,0,0,462000.00,31047984.00,31509984.00,31047984,462000
1669089898.941160,s1-eth3,12065804.00,190476.00,12256280.00,190476,12065804,2978.00,2886.00,5864.00,2886,2978,0.00,0.00,0,0,96526432.00,1523808.00,98050240.00,1523808,96526432
1669089898.941174,s1-eth2,121176.00,8941220.00,9062396.00,8941220,121176,1836.00,1906.00,3742.00,1906,1836,0.00,0.00,0,0,969408.00,71529760.00,72499168.00,71529760,969408
1669089898.941188,s2-eth1,8941220.00,121176.00,9062396.00,121176,8941220,1906.00,1836.00,3742.00,1836,1906,0.00,0.00,0,0,71529760.00,969408.00,72499168.00,969408,71529760
1669089898.941246,total,21318986.00,21400908.00,42719896.00,21400908,21318986,9611.00,9646.00,19257.00,9646,9611,0.00,0.00,0,0,170551888.00,171207264.00,341759168.00,171207264,170551888
1669089899.941562,lo,110.00,110.00,220.00,110,110,2.00,2.00,4.00,2,2,0.00,0.00,0,0,880.00,880.00,1760.00,880,880
1669089899.941611,eth0,98.00,40.00,138.00,40,98,1.00,1.00,2.00,1,1,0.00,0.00,0,0,784.00,320.00,1104.00,320,784
1669089899.941624,docker0,0.00,0.00,0.00,0,0,0.00,0.00,0.00,0,0,0.00,0.00,0,0,0.00,0.00,0.00,0,0
1669089899.941635,s1-eth1,70992.00,3179880.00,3250872.00,3179880,70992,1066.00,1120.00,2186.00,1120,1066,0.00,0.00,0,0,567936.00,25439040.00,26006976.00,25439040,567936
1669089899.941649,s2-eth2,72864.00,4886280.00,4959144.00,4886280,72864,1104.00,1108.00,2212.00,1108,1104,0.00,0.00,0,0,582912.00,39090240.00,39673152.00,39090240,582912
1669089899.941663,s2-eth3,58794.00,3891860.00,3950654.00,3891860,58794,887.00,894.00,1781.00,894,887,0.00,0.00,0,0,470352.00,31134880.00,31605232.00,31134880,470352
1669089899.941739,s1-eth3,12037198.00,202674.00,12239872.00,202674,12037198,3115.00,3057.00,6172.00,3057,3115,0.00,0.00,0,0,96297584.00,1621392.00,97918976.00,1621392,96297584
1669089899.941758,s1-eth2,131736.00,8778140.00,8909876.00,8778140,131736,1992.00,2002.00,3994.00,2002,1992,0.00,0.00,0,0,1053888.00,70225120.00,71279008.00,70225120,1053888
1669089899.941773,s2-eth1,8778140.00,131736.00,8909876.00,131736,8778140,2002.00,1992.00,3994.00,1992,2002,0.00,0.00,0,0,70225120.00,1053888.00,71279008.00,1053888,70225120
1669089899.941800,total,21149932.00,21070720.00,42220652.00,21070720,21149932,10169.00,10176.00,20345.00,10176,10169,0.00,0.00,0,0,169199456.00,168565760.00,337765216.00,168565760,169199456
1669089900.942072,lo,344.00,344.00,688.00,344,344,6.00,6.00,12.00,6,6,0.00,0.00,0,0,2752.00,2752.00,5504.00,2752,2752
1669089900.942120,eth0,0.00,0.00,0.00,0,0,0.00,0.00,0.00,0,0,0.00,0.00,0,0,0.00,0.00,0.00,0,0
1669089900.942150,docker0,0.00,0.00,0.00,0,0,0.00,0.00,0.00,0,0,0.00,0.00,0,0,0.00,0.00,0.00,0,0
1669089900.942161,s1-eth1,53970.00,2471958.00,2525928.00,2471958,53970,815.00,859.00,1674.00,859,815,0.00,0.00,0,0,431760.00,19775664.00,20207424.00,19775664,431760
1669089900.942174,s2-eth2,63228.00,6650242.00,6713470.00,6650242,63228,958.00,937.00,1895.00,937,958,0.00,0.00,0,0,505824.00,53201936.00,53707760.00,53201936,505824
1669089900.942225,s2-eth3,61734.00,2897760.00,2959494.00,2897760,61734,931.00,992.00,1923.00,992,931,0.00,0.00,0,0,493872.00,23182080.00,23675952.00,23182080,493872
1669089900.942255,s1-eth3,12046362.00,178908.00,12225270.00,178908,12046362,2837.00,2704.00,5541.00,2704,2837,0.00,0.00,0,0,96370896.00,1431264.00,97802160.00,1431264,96370896
1669089900.942270,s1-eth2,124950.00,9553860.00,9678810.00,9553860,124950,1889.00,1930.00,3819.00,1930,1889,0.00,0.00,0,0,999600.00,76430880.00,77430480.00,76430880,999600
1669089900.942283,s2-eth1,9553860.00,124950.00,9678810.00,124950,9553860,1930.00,1889.00,3819.00,1889,1930,0.00,0.00,0,0,76430880.00,999600.00,77430480.00,999600,76430880
1669089900.942307,total,21904448.00,21878022.00,43782472.00,21878022,21904448,9366.00,9317.00,18683.00,9317,9366,0.00,0.00,0,0,175235584.00,175024176.00,350259776.00,175024176,175235584
1669089901.942664,lo,5692.00,5692.00,11384.00,5692,5692,47.00,47.00,94.00,47,47,0.00,0.00,0,0,45536.00,45536.00,91072.00,45536,45536
1669089901.942725,eth0,184.00,148.00,332.00,148,184,2.00,2.00,4.00,2,2,0.00,0.00,0,0,1472.00,1184.00,2656.00,1184,1472
1669089901.942746,docker0,0.00,0.00,0.00,0,0,0.00,0.00,0.00,0,0,0.00,0.00,0,0,0.00,0.00,0.00,0,0
1669089901.942758,s1-eth1,58386.00,2707182.00,2765568.00,2707182,58386,885.00,935.00,1820.00,935,885,0.00,0.00,0,0,467088.00,21657456.00,22124544.00,21657456,467088
1669089901.942784,s2-eth2,57594.00,6400230.00,6457824.00,6400230,57594,873.00,879.00,1752.00,879,873,0.00,0.00,0,0,460752.00,51201840.00,51662592.00,51201840,460752
1669089901.942799,s2-eth3,65514.00,3033134.00,3098648.00,3033134,65514,993.00,1047.00,2040.00,1047,993,0.00,0.00,0,0,524112.00,24265072.00,24789184.00,24265072,524112
1669089901.942829,s1-eth3,12056690.00,181494.00,12238184.00,181494,12056690,2841.00,2751.00,5592.00,2751,2841,0.00,0.00,0,0,96453520.00,1451952.00,97905472.00,1451952,96453520
1669089901.942844,s1-eth2,123042.00,9424478.00,9547520.00,9424478,123042,1865.00,1923.00,3788.00,1923,1865,0.00,0.00,0,0,984336.00,75395824.00,76380160.00,75395824,984336
1669089901.942858,s2-eth1,9424478.00,123042.00,9547520.00,123042,9424478,1923.00,1865.00,3788.00,1865,1923,0.00,0.00,0,0,75395824.00,984336.00,76380160.00,984336,75395824
1669089901.942883,total,21791580.00,21875400.00,43666980.00,21875400,21791580,9429.00,9449.00,18878.00,9449,9429,0.00,0.00,0,0,174332640.00,175003200.00,349335840.00,175003200,174332640
1669089902.943276,lo,114.00,114.00,228.00,114,114,2.00,2.00,4.00,2,2,0.00,0.00,0,0,912.00,912.00,1824.00,912,912
1669089902.943328,eth0,54.00,84.00,138.00,84,54,1.00,1.00,2.00,1,1,0.00,0.00,0,0,432.00,672.00,1104.00,672,432
1669089902.943342,docker0,0.00,0.00,0.00,0,0,0.00,0.00,0.00,0,0,0.00,0.00,0,0,0.00,0.00,0.00,0,0
1669089902.943353,s1-eth1,61452.00,2831742.00,2893194.00,2831742,61452,930.00,979.00,1909.00,979,930,0.00,0.00,0,0,491616.00,22653936.00,23145552.00,22653936,491616
1669089902.943367,s2-eth2,62202.00,6135096.00,6197298.00,6135096,62202,941.00,1008.00,1949.00,1008,941,0.00,0.00,0,0,497616.00,49080768.00,49578384.00,49080768,497616
1669089902.943382,s2-eth3,67584.00,3138342.00,3205926.00,3138342,67584,1024.00,1083.00,2107.00,1083,1024,0.00,0.00,0,0,540672.00,25106736.00,25647408.00,25106736,540672
1669089902.943431,s1-eth3,12063642.00,191064.00,12254706.00,191064,12063642,3033.00,2892.00,5925.00,2892,3033,0.00,0.00,0,0,96509136.00,1528512.00,98037648.00,1528512,96509136
1669089902.943446,s1-eth2,129666.00,9279428.00,9409094.00,9279428,129666,1963.00,2094.00,4057.00,2094,1963,0.00,0.00,0,0,1037328.00,74235424.00,75272752.00,74235424,1037328
1669089902.943459,s2-eth1,9279428.00,129666.00,9409094.00,129666,9279428,2094.00,1963.00,4057.00,1963,2094,0.00,0.00,0,0,74235424.00,1037328.00,75272752.00,1037328,74235424
1669089902.943508,total,21664142.00,21705536.00,43369680.00,21705536,21664142,9988.00,10022.00,20010.00,10022,9988,0.00,0.00,0,0,173313136.00,173644288.00,346957440.00,173644288,173313136
1669089903.943813,lo,342.00,342.00,684.00,342,342,6.00,6.00,12.00,6,6,0.00,0.00,0,0,2736.00,2736.00,5472.00,2736,2736
1669089903.943864,eth0,296.00,300.00,596.00,300,296,4.00,4.00,8.00,4,4,0.00,0.00,0,0,2368.00,2400.00,4768.00,2400,2368
1669089903.943878,docker0,0.00,0.00,0.00,0,0,0.00,0.00,0.00,0,0,0.00,0.00,0,0,0.00,0.00,0.00,0,0
1669089903.943889,s1-eth1,55284.00,2473080.00,2528364.00,2473080,55284,828.00,876.00,1704.00,876,828,0.00,0.00,0,0,442272.00,19784640.00,20226912.00,19784640,442272
1669089903.943903,s2-eth2,71502.00,4675000.00,4746502.00,4675000,71502,1075.00,1088.00,2163.00,1088,1075,0.00,0.00,0,0,572016.00,37400000.00,37972016.00,37400000,572016
1669089903.943917,s2-eth3,72468.00,4747532.00,4820000.00,4747532,72468,1098.00,1090.00,2188.00,1090,1098,0.00,0.00,0,0,579744.00,37980256.00,38560000.00,37980256,579744
1669089903.943947,s1-eth3,12076162.00,199494.00,12275656.00,199494,12076162,3113.00,3005.00,6118.00,3005,3113,0.00,0.00,0,0,96609296.00,1595952.00,98205248.00,1595952,96609296
1669089903.943962,s1-eth2,144090.00,9415160.00,9559250.00,9415160,144090,2175.00,2176.00,4351.00,2176,2175,0.00,0.00,0,0,1152720.00,75321280.00,76474000.00,75321280,1152720
1669089903.943976,s2-eth1,9415160.00,144090.00,9559250.00,144090,9415160,2176.00,2175.00,4351.00,2175,2176,0.00,0.00,0,0,75321280.00,1152720.00,76474000.00,1152720,75321280
1669089903.944000,total,21835304.00,21654998.00,43490304.00,21654998,21835304,10475.00,10420.00,20895.00,10420,10475,0.00,0.00,0,0,174682432.00,173239984.00,347922432.00,173239984,174682432
1669089904.944313,lo,110.00,110.00,220.00,110,110,2.00,2.00,4.00,2,2,0.00,0.00,0,0,880.00,880.00,1760.00,880,880
1669089904.944362,eth0,98.00,40.00,138.00,40,98,1.00,1.00,2.00,1,1,0.00,0.00,0,0,784.00,320.00,1104.00,320,784
1669089904.944376,docker0,0.00,0.00,0.00,0,0,0.00,0.00,0.00,0,0,0.00,0.00,0,0,0.00,0.00,0.00,0,0
1669089904.944387,s1-eth1,59796.00,2767894.00,2827690.00,2767894,59796,906.00,955.00,1861.00,955,906,0.00,0.00,0,0,478368.00,22143152.00,22621520.00,22143152,478368
1669089904.944402,s2-eth2,68112.00,4573302.00,4641414.00,4573302,68112,1032.00,1039.00,2071.00,1039,1032,0.00,0.00,0,0,544896.00,36586416.00,37131312.00,36586416,544896
1669089904.944444,s2-eth3,71280.00,4807032.00,4878312.00,4807032,71280,1080.00,1092.00,2172.00,1092,1080,0.00,0.00,0,0,570240.00,38456256.00,39026496.00,38456256,570240
1669089904.944476,s1-eth3,12053972.00,199056.00,12253028.00,199056,12053972,3062.00,3016.00,6078.00,3016,3062,0.00,0.00,0,0,96431776.00,1592448.00,98024224.00,1592448,96431776
1669089904.944490,s1-eth2,139326.00,9389154.00,9528480.00,9389154,139326,2111.00,2133.00,4244.00,2133,2111,0.00,0.00,0,0,1114608.00,75113232.00,76227840.00,75113232,1114608
1669089904.944505,s2-eth1,9389154.00,139326.00,9528480.00,139326,9389154,2133.00,2111.00,4244.00,2111,2133,0.00,0.00,0,0,75113232.00,1114608.00,76227840.00,1114608,75113232
1669089904.944530,total,21781848.00,21875914.00,43657760.00,21875914,21781848,10327.00,10349.00,20676.00,10349,10327,0.00,0.00,0,0,174254784.00,175007312.00,349262080.00,175007312,174254784
1669089905.944740,lo,543.00,543.00,1086.00,543,543,8.00,8.00,16.00,8,8,0.00,0.00,0,0,4344.00,4344.00,8688.00,4344,4344
1669089905.944808,eth0,332.00,340.00,672.00,340,332,4.00,5.00,9.00,5,4,0.00,0.00,0,0,2656.00,2720.00,5376.00,2720,2656
1669089905.944823,docker0,0.00,0.00,0.00,0,0,0.00,0.00,0.00,0,0,0.00,0.00,0,0,0.00,0.00,0.00,0,0
1669089905.944834,s1-eth1,62568.00,2905660.00,2968228.00,2905660,62568,948.00,1002.00,1950.00,1002,948,0.00,0.00,0,0,500544.00,23245280.00,23745824.00,23245280,500544
1669089905.944849,s2-eth2,68046.00,4573434.00,4641480.00,4573434,68046,1031.00,1041.00,2072.00,1041,1031,0.00,0.00,0,0,544368.00,36587472.00,37131840.00,36587472,544368
1669089905.944878,s2-eth3,69366.00,4648272.00,4717638.00,4648272,69366,1051.00,1056.00,2107.00,1056,1051,0.00,0.00,0,0,554928.00,37186176.00,37741104.00,37186176,554928
1669089905.944952,s1-eth3,12060886.00,200046.00,12260932.00,200046,12060886,3079.00,3031.00,6110.00,3031,3079,0.00,0.00,0,0,96487088.00,1600368.00,98087456.00,1600368,96487088
1669089905.944971,s1-eth2,137478.00,9217296.00,9354774.00,9217296,137478,2083.00,2096.00,4179.00,2096,2083,0.00,0.00,0,0,1099824.00,73738368.00,74838192.00,73738368,1099824
1669089905.944984,s2-eth1,9217296.00,137478.00,9354774.00,137478,9217296,2096.00,2083.00,4179.00,2083,2096,0.00,0.00,0,0,73738368.00,1099824.00,74838192.00,1099824,73738368
1669089905.945009,total,21616516.00,21683068.00,43299584.00,21683069,21616515,10300.00,10322.00,20622.00,10322,10300,0.00,0.00,0,0,172932128.00,173464544.00,346396672.00,173464552,172932120
1669089906.945287,lo,344.00,344.00,688.00,344,344,6.00,6.00,12.00,6,6,0.00,0.00,0,0,2752.00,2752.00,5504.00,2752,2752
1669089906.946075,eth0,0.00,0.00,0.00,0,0,0.00,0.00,0.00,0,0,0.00,0.00,0,0,0.00,0.00,0.00,0,0
1669089906.946096,docker0,0.00,0.00,0.00,0,0,0.00,0.00,0.00,0,0,0.00,0.00,0,0,0.00,0.00,0.00,0,0
1669089906.946107,s1-eth1,66000.00,3052287.75,3118287.75,3055340,66066,1000.00,1052.95,2052.95,1054,1001,0.00,0.00,0,0,528000.00,24418302.00,24946302.00,24442720,528528
1669089906.946135,s2-eth2,66395.61,4467470.50,4533866.50,4471938,66462,1005.99,1015.98,2021.98,1017,1007,0.00,0.00,0,0,531164.88,35739764.00,36270932.00,35775504,531696
1669089906.946151,s2-eth3,68571.43,4603846.50,4672417.50,4608450,68640,1038.96,1043.96,2082.92,1045,1040,0.00,0.00,0,0,548571.44,36830772.00,37379340.00,36867600,549120
1669089906.946185,s1-eth3,12048644.00,200967.03,12249611.00,201168,12060692,3094.91,3044.96,6139.86,3048,3098,0.00,0.00,0,0,96389152.00,1607736.25,97996888.00,1609344,96485536
1669089906.946201,s1-eth2,135098.91,9080128.00,9215227.00,9089208,135234,2046.95,2061.94,4108.89,2064,2049,0.00,0.00,0,0,1080791.25,72641024.00,73721816.00,72713664,1081872
1669089906.946215,s2-eth1,9080128.00,135098.91,9215227.00,135234,9089208,2061.94,2046.95,4108.89,2049,2064,0.00,0.00,0,0,72641024.00,1080791.25,73721816.00,1081872,72713664
1669089906.946240,total,21465182.00,21540142.00,43005324.00,21561682,21486646,10254.75,10272.73,20527.47,10283,10265,0.00,0.00,0,0,171721456.00,172321136.00,344042592.00,172493456,171893168
1669089907.946570,lo,347.65,347.65,695.30,348,348,5.99,5.99,11.99,6,6,0.00,0.00,0,0,2781.22,2781.22,5562.44,2784,2784
1669089907.946653,eth0,162.00,268.00,430.00,268,162,3.00,3.00,6.00,3,3,0.00,0.00,0,0,1296.00,2144.00,3440.00,2144,1296
1669089907.946667,docker0,0.00,0.00,0.00,0,0,0.00,0.00,0.00,0,0,0.00,0.00,0,0,0.00,0.00,0.00,0,0
1669089907.946678,s1-eth1,46946.00,1951838.00,1998784.00,1951838,46946,689.00,723.00,1412.00,723,689,0.00,0.00,0,0,375568.00,15614704.00,15990272.00,15614704,375568
1669089907.946692,s2-eth2,61644.00,5055606.00,5117250.00,5055606,61644,934.00,975.00,1909.00,975,934,0.00,0.00,0,0,493152.00,40444848.00,40938000.00,40444848,493152
1669089907.946706,s2-eth3,60654.00,5024472.00,5085126.00,5024472,60654,919.00,964.00,1883.00,964,919,0.00,0.00,0,0,485232.00,40195776.00,40681008.00,40195776,485232
1669089907.946737,s1-eth3,12076944.00,169178.00,12246122.00,169178,12076944,2708.00,2541.00,5249.00,2541,2708,0.00,0.00,0,0,96615552.00,1353424.00,97968976.00,1353424,96615552
1669089907.946776,s1-eth2,122166.00,10068362.00,10190528.00,10068362,122166,1851.00,1937.00,3788.00,1937,1851,0.00,0.00,0,0,977328.00,80546896.00,81524224.00,80546896,977328
1669089907.946790,s2-eth1,10068362.00,122166.00,10190528.00,122166,10068362,1937.00,1851.00,3788.00,1851,1937,0.00,0.00,0,0,80546896.00,977328.00,81524224.00,977328,80546896
1669089907.946814,total,22437226.00,22392238.00,44829464.00,22392238,22437226,9047.00,9000.00,18047.00,9000,9047,0.00,0.00,0,0,179497808.00,179137904.00,358635712.00,179137904,179497808
1669089908.947089,lo,485.00,485.00,970.00,485,485,8.00,8.00,16.00,8,8,0.00,0.00,0,0,3880.00,3880.00,7760.00,3880,3880
1669089908.947137,eth0,328.00,272.00,600.00,272,328,4.00,4.00,8.00,4,4,0.00,0.00,0,0,2624.00,2176.00,4800.00,2176,2624
1669089908.947166,docker0,0.00,0.00,0.00,0,0,0.00,0.00,0.00,0,0,0.00,0.00,0,0,0.00,0.00,0.00,0,0
1669089908.947177,s1-eth1,43428.00,2018112.00,2061540.00,2018112,43428,658.00,696.00,1354.00,696,658,0.00,0.00,0,0,347424.00,16144896.00,16492320.00,16144896,347424
1669089908.947191,s2-eth2,57684.00,4955492.00,5013176.00,4955492,57684,874.00,950.00,1824.00,950,874,0.00,0.00,0,0,461472.00,39643936.00,40105408.00,39643936,461472
1669089908.947204,s2-eth3,56496.00,5144256.00,5200752.00,5144256,56496,856.00,936.00,1792.00,936,856,0.00,0.00,0,0,451968.00,41154048.00,41606016.00,41154048,451968
1669089908.947234,s1-eth3,12043744.00,157608.00,12201352.00,157608,12043744,2556.00,2388.00,4944.00,2388,2556,0.00,0.00,0,0,96349952.00,1260864.00,97610816.00,1260864,96349952
1669089908.947248,s1-eth2,114114.00,10105606.00,10219720.00,10105606,114114,1729.00,1887.00,3616.00,1887,1729,0.00,0.00,0,0,912912.00,80844848.00,81757760.00,80844848,912912
1669089908.947263,s2-eth1,10105606.00,114114.00,10219720.00,114114,10105606,1887.00,1729.00,3616.00,1729,1887,0.00,0.00,0,0,80844848.00,912912.00,81757760.00,912912,80844848
1669089908.947286,total,22421884.00,22495944.00,44917832.00,22495945,22421885,8572.00,8598.00,17170.00,8598,8572,0.00,0.00,0,0,179375072.00,179967552.00,359342656.00,179967560,179375080
1669089909.947607,lo,110.00,110.00,220.00,110,110,2.00,2.00,4.00,2,2,0.00,0.00,0,0,880.00,880.00,1760.00,880,880
1669089909.947687,eth0,98.00,40.00,138.00,40,98,1.00,1.00,2.00,1,1,0.00,0.00,0,0,784.00,320.00,1104.00,320,784
1669089909.947701,docker0,0.00,0.00,0.00,0,0,0.00,0.00,0.00,0,0,0.00,0.00,0,0,0.00,0.00,0.00,0,0
1669089909.947711,s1-eth1,47434.00,2056622.00,2104056.00,2056622,47434,697.00,731.00,1428.00,731,697,0.00,0.00,0,0,379472.00,16452976.00,16832448.00,16452976,379472
1669089909.947726,s2-eth2,74382.00,5038782.00,5113164.00,5038782,74382,1127.00,1115.00,2242.00,1115,1127,0.00,0.00,0,0,595056.00,40310256.00,40905312.00,40310256,595056
1669089909.947740,s2-eth3,56370.00,4757442.00,4813812.00,4757442,56370,845.00,933.00,1778.00,933,845,0.00,0.00,0,0,450960.00,38059536.00,38510496.00,38059536,450960
1669089909.947770,s1-eth3,12057414.00,178186.00,12235600.00,178186,12057414,2807.00,2669.00,5476.00,2669,2807,0.00,0.00,0,0,96459312.00,1425488.00,97884800.00,1425488,96459312
1669089909.947810,s1-eth2,130752.00,9794776.00,9925528.00,9794776,130752,1972.00,2048.00,4020.00,2048,1972,0.00,0.00,0,0,1046016.00,78358208.00,79404224.00,78358208,1046016
1669089909.947824,s2-eth1,9794776.00,130752.00,9925528.00,130752,9794776,2048.00,1972.00,4020.00,1972,2048,0.00,0.00,0,0,78358208.00,1046016.00,79404224.00,1046016,78358208
1669089909.947850,total,22161336.00,21956710.00,44118048.00,21956710,22161336,9499.00,9471.00,18970.00,9471,9499,0.00,0.00,0,0,177290688.00,175653680.00,352944384.00,175653680,177290688
1669089910.948071,lo,117.00,117.00,234.00,117,117,2.00,2.00,4.00,2,2,0.00,0.00,0,0,936.00,936.00,1872.00,936,936
1669089910.948152,eth0,54.00,92.00,146.00,92,54,1.00,1.00,2.00,1,1,0.00,0.00,0,0,432.00,736.00,1168.00,736,432
1669089910.948166,docker0,0.00,0.00,0.00,0,0,0.00,0.00,0.00,0,0,0.00,0.00,0,0,0.00,0.00,0.00,0,0
1669089910.948177,s1-eth1,37818.00,1757324.00,1795142.00,1757324,37818,573.00,606.00,1179.00,606,573,0.00,0.00,0,0,302544.00,14058592.00,14361136.00,14058592,302544
1669089910.948191,s2-eth2,61512.00,6758380.00,6819892.00,6758380,61512,932.00,930.00,1862.00,930,932,0.00,0.00,0,0,492096.00,54067040.00,54559136.00,54067040,492096
1669089910.948205,s2-eth3,78474.00,3618384.00,3696858.00,3618384,78474,1189.00,1248.00,2437.00,1248,1189,0.00,0.00,0,0,627792.00,28947072.00,29574864.00,28947072,627792
1669089910.948235,s1-eth3,12051024.00,177804.00,12228828.00,177804,12051024,2776.00,2694.00,5470.00,2694,2776,0.00,0.00,0,0,96408192.00,1422432.00,97830624.00,1422432,96408192
1669089910.948284,s1-eth2,139986.00,10373802.00,10513788.00,10373802,139986,2121.00,2177.00,4298.00,2177,2121,0.00,0.00,0,0,1119888.00,82990416.00,84110304.00,82990416,1119888
1669089910.948300,s2-eth1,10373802.00,139986.00,10513788.00,139986,10373802,2177.00,2121.00,4298.00,2121,2177,0.00,0.00,0,0,82990416.00,1119888.00,84110304.00,1119888,82990416
1669089910.948340,total,22742788.00,22825888.00,45568676.00,22825889,22742787,9771.00,9779.00,19550.00,9779,9771,0.00,0.00,0,0,181942304.00,182607104.00,364549408.00,182607112,181942296
1669089911.948638,lo,344.00,344.00,688.00,344,344,6.00,6.00,12.00,6,6,0.00,0.00,0,0,2752.00,2752.00,5504.00,2752,2752
1669089911.948701,eth0,0.00,0.00,0.00,0,0,0.00,0.00,0.00,0,0,0.00,0.00,0,0,0.00,0.00,0.00,0,0
1669089911.948721,docker0,0.00,0.00,0.00,0,0,0.00,0.00,0.00,0,0,0.00,0.00,0,0,0.00,0.00,0.00,0,0
1669089911.948733,s1-eth1,43692.00,2031474.00,2075166.00,2031474,43692,662.00,701.00,1363.00,701,662,0.00,0.00,0,0,349536.00,16251792.00,16601328.00,16251792,349536
1669089911.948747,s2-eth2,58278.00,6458834.00,6517112.00,6458834,58278,883.00,889.00,1772.00,889,883,0.00,0.00,0,0,466224.00,51670672.00,52136896.00,51670672,466224
1669089911.948761,s2-eth3,78540.00,3628784.00,3707324.00,3628784,78540,1190.00,1252.00,2442.00,1252,1190,0.00,0.00,0,0,628320.00,29030272.00,29658592.00,29030272,628320
1669089911.948793,s1-eth3,12048334.00,180576.00,12228910.00,180576,12048334,2823.00,2736.00,5559.00,2736,2823,0.00,0.00,0,0,96386672.00,1444608.00,97831280.00,1444608,96386672
1669089911.948808,s1-eth2,136884.00,10089000.00,10225884.00,10089000,136884,2074.00,2140.00,4214.00,2140,2074,0.00,0.00,0,0,1095072.00,80712000.00,81807072.00,80712000,1095072
1669089911.948821,s2-eth1,10089000.00,136884.00,10225884.00,136884,10089000,2140.00,2074.00,4214.00,2074,2140,0.00,0.00,0,0,80712000.00,1095072.00,81807072.00,1095072,80712000
1669089911.948845,total,22455072.00,22525896.00,44980968.00,22525896,22455072,9778.00,9798.00,19576.00,9798,9778,0.00,0.00,0,0,179640576.00,180207168.00,359847744.00,180207168,179640576
1669089912.949121,lo,1272.00,1272.00,2544.00,1272,1272,11.00,11.00,22.00,11,11,0.00,0.00,0,0,10176.00,10176.00,20352.00,10176,10176
1669089912.949170,eth0,54.00,84.00,138.00,84,54,1.00,1.00,2.00,1,1,0.00,0.00,0,0,432.00,672.00,1104.00,672,432
1669089912.949184,docker0,0.00,0.00,0.00,0,0,0.00,0.00,0.00,0,0,0.00,0.00,0,0,0.00,0.00,0.00,0,0
1669089912.949199,s1-eth1,48308.00,2105990.00,2154298.00,2105990,48308,718.00,755.00,1473.00,755,718,0.00,0.00,0,0,386464.00,16847920.00,17234384.00,16847920,386464
1669089912.949214,s2-eth2,58168.00,6224390.00,6282558.00,6224390,58168,878.00,891.00,1769.00,891,878,0.00,0.00,0,0,465344.00,49795120.00,50260464.00,49795120,465344
1669089912.949228,s2-eth3,78672.00,3640636.00,3719308.00,3640636,78672,1192.00,1256.00,2448.00,1256,1192,0.00,0.00,0,0,629376.00,29125088.00,29754464.00,29125088,629376
1669089912.949258,s1-eth3,12058688.00,184962.00,12243650.00,184962,12058688,2892.00,2785.00,5677.00,2785,2892,0.00,0.00,0,0,96469504.00,1479696.00,97949200.00,1479696,96469504
1669089912.949273,s1-eth2,136782.00,9873982.00,10010764.00,9873982,136782,2069.00,2151.00,4220.00,2151,2069,0.00,0.00,0,0,1094256.00,78991856.00,80086112.00,78991856,1094256
1669089912.949287,s2-eth1,9873982.00,136782.00,10010764.00,136782,9873982,2151.00,2069.00,4220.00,2069,2151,0.00,0.00,0,0,78991856.00,1094256.00,80086112.00,1094256,78991856
1669089912.949311,total,22255926.00,22168098.00,44424024.00,22168098,22255926,9912.00,9919.00,19831.00,9919,9912,0.00,0.00,0,0,178047408.00,177344784.00,355392192.00,177344784,178047408
1669089913.949606,lo,225.00,225.00,450.00,225,225,4.00,4.00,8.00,4,4,0.00,0.00,0,0,1800.00,1800.00,3600.00,1800,1800
1669089913.949655,eth0,152.00,124.00,276.00,124,152,2.00,2.00,4.00,2,2,0.00,0.00,0,0,1216.00,992.00,2208.00,992,1216
1669089913.949669,docker0,0.00,0.00,0.00,0,0,0.00,0.00,0.00,0,0,0.00,0.00,0,0,0.00,0.00,0.00,0,0
1669089913.949680,s1-eth1,42222.00,1932676.00,1974898.00,1932676,42222,637.00,674.00,1311.00,674,637,0.00,0.00,0,0,337776.00,15461408.00,15799184.00,15461408,337776
1669089913.949694,s2-eth2,71010.00,4656832.00,4727842.00,4656832,71010,1069.00,1076.00,2145.00,1076,1069,0.00,0.00,0,0,568080.00,37254656.00,37822736.00,37254656,568080
1669089913.949708,s2-eth3,64152.00,5419784.00,5483936.00,5419784,64152,972.00,1008.00,1980.00,1008,972,0.00,0.00,0,0,513216.00,43358272.00,43871488.00,43358272,513216
1669089913.949764,s1-eth3,12058796.00,177294.00,12236090.00,177294,12058796,2806.00,2677.00,5483.00,2677,2806,0.00,0.00,0,0,96470368.00,1418352.00,97888720.00,1418352,96470368
1669089913.949778,s1-eth2,135150.00,10067796.00,10202946.00,10067796,135150,2041.00,2082.00,4123.00,2082,2041,0.00,0.00,0,0,1081200.00,80542368.00,81623568.00,80542368,1081200
1669089913.949792,s2-eth1,10067796.00,135150.00,10202946.00,135150,10067796,2082.00,2041.00,4123.00,2041,2082,0.00,0.00,0,0,80542368.00,1081200.00,81623568.00,1081200,80542368
1669089913.949816,total,22439504.00,22389880.00,44829384.00,22389881,22439503,9613.00,9564.00,19177.00,9564,9613,0.00,0.00,0,0,179516032.00,179119040.00,358635072.00,179119048,179516024
1669089914.950079,lo,110.00,110.00,220.00,110,110,2.00,2.00,4.00,2,2,0.00,0.00,0,0,880.00,880.00,1760.00,880,880
1669089914.950128,eth0,98.00,40.00,138.00,40,98,1.00,1.00,2.00,1,1,0.00,0.00,0,0,784.00,320.00,1104.00,320,784
1669089914.950142,docker0,0.00,0.00,0.00,0,0,0.00,0.00,0.00,0,0,0.00,0.00,0,0,0.00,0.00,0.00,0,0
1669089914.950153,s1-eth1,48708.00,2264090.00,2312798.00,2264090,48708,738.00,781.00,1519.00,781,738,0.00,0.00,0,0,389664.00,18112720.00,18502384.00,18112720,389664
1669089914.950168,s2-eth2,67522.00,4537890.00,4605412.00,4537890,67522,1023.00,1029.00,2052.00,1029,1023,0.00,0.00,0,0,540176.00,36303120.00,36843296.00,36303120,540176
1669089914.950216,s2-eth3,58546.00,5336320.00,5394866.00,5336320,58546,887.00,972.00,1859.00,972,887,0.00,0.00,0,0,468368.00,42690560.00,43158928.00,42690560,468368
1669089914.950253,s1-eth3,12051482.00,174636.00,12226118.00,174636,12051482,2761.00,2646.00,5407.00,2646,2761,0.00,0.00,0,0,96411856.00,1397088.00,97808944.00,1397088,96411856
1669089914.950268,s1-eth2,125862.00,9877172.00,10003034.00,9877172,125862,1907.00,2002.00,3909.00,2002,1907,0.00,0.00,0,0,1006896.00,79017376.00,80024272.00,79017376,1006896
1669089914.950282,s2-eth1,9877172.00,125862.00,10003034.00,125862,9877172,2002.00,1907.00,3909.00,1907,2002,0.00,0.00,0,0,79017376.00,1006896.00,80024272.00,1006896,79017376
1669089914.950308,total,22229500.00,22316120.00,44545620.00,22316120,22229500,9321.00,9340.00,18661.00,9340,9321,0.00,0.00,0,0,177836000.00,178528960.00,356364960.00,178528960,177836000
1669089915.950612,lo,0.00,0.00,0.00,0,0,0.00,0.00,0.00,0,0,0.00,0.00,0,0,0.00,0.00,0.00,0,0
1669089915.950661,eth0,0.00,0.00,0.00,0,0,0.00,0.00,0.00,0,0,0.00,0.00,0,0,0.00,0.00,0.00,0,0
1669089915.950674,docker0,0.00,0.00,0.00,0,0,0.00,0.00,0.00,0,0,0.00,0.00,0,0,0.00,0.00,0.00,0,0
1669089915.950684,s1-eth1,62832.00,6546844.00,6609676.00,6546844,62832,952.00,950.00,1902.00,950,952,0.00,0.00,0,0,502656.00,52374752.00,52877408.00,52374752,502656
1669089915.950700,s2-eth2,43824.00,2967654.00,3011478.00,2967654,43824,664.00,603.00,1267.00,603,664,0.00,0.00,0,0,350592.00,23741232.00,24091824.00,23741232,350592
1669089915.950714,s2-eth3,25344.00,1985998.00,2011342.00,1985998,25344,384.00,363.00,747.00,363,384,0.00,0.00,0,0,202752.00,15887984.00,16090736.00,15887984,202752
1669089915.950745,s1-eth3,12057410.00,131736.00,12189146.00,131736,12057410,2061.00,1996.00,4057.00,1996,2061,0.00,0.00,0,0,96459280.00,1053888.00,97513168.00,1053888,96459280
1669089915.950760,s1-eth2,69036.00,4959510.00,5028546.00,4959510,69036,1046.00,967.00,2013.00,967,1046,0.00,0.00,0,0,552288.00,39676080.00,40228368.00,39676080,552288
1669089915.950774,s2-eth1,4959510.00,69036.00,5028546.00,69036,4959510,967.00,1046.00,2013.00,1046,967,0.00,0.00,0,0,39676080.00,552288.00,40228368.00,552288,39676080
1669089915.950798,total,17217956.00,16660778.00,33878736.00,16660778,17217956,6074.00,5925.00,11999.00,5925,6074,0.00,0.00,0,0,137743648.00,133286224.00,271029888.00,133286224,137743648
