1668556215.921812,lo,0.00,0.00,0.00,0,0,0.00,0.00,0.00,0,0,0.00,0.00,0,0,0.00,0.00,0.00,0,0
1668556215.921858,eth0,0.00,0.00,0.00,0,0,0.00,0.00,0.00,0,0,0.00,0.00,0,0,0.00,0.00,0.00,0,0
1668556215.921871,docker0,0.00,0.00,0.00,0,0,0.00,0.00,0.00,0,0,0.00,0.00,0,0,0.00,0.00,0.00,0,0
1668556215.921885,s1-eth1,0.00,0.00,0.00,0,0,0.00,0.00,0.00,0,0,0.00,0.00,0,0,0.00,0.00,0.00,0,0
1668556215.921896,s2-eth2,0.00,0.00,0.00,0,0,0.00,0.00,0.00,0,0,0.00,0.00,0,0,0.00,0.00,0.00,0,0
1668556215.921936,s2-eth3,0.00,0.00,0.00,0,0,0.00,0.00,0.00,0,0,0.00,0.00,0,0,0.00,0.00,0.00,0,0
1668556215.921961,s1-eth3,0.00,0.00,0.00,0,0,0.00,0.00,0.00,0,0,0.00,0.00,0,0,0.00,0.00,0.00,0,0
1668556215.921972,s1-eth2,0.00,0.00,0.00,0,0,0.00,0.00,0.00,0,0,0.00,0.00,0,0,0.00,0.00,0.00,0,0
1668556215.921982,s2-eth1,0.00,0.00,0.00,0,0,0.00,0.00,0.00,0,0,0.00,0.00,0,0,0.00,0.00,0.00,0,0
1668556215.922008,total,0.00,0.00,0.00,0,0,0.00,0.00,0.00,0,0,0.00,0.00,0,0,0.00,0.00,0.00,0,0
1668556216.922273,lo,7336.00,7336.00,14672.00,7336,7336,51.00,51.00,102.00,51,51,0.00,0.00,0,0,58688.00,58688.00,117376.00,58688,58688
1668556216.922309,eth0,0.00,40.00,40.00,40,0,0.00,1.00,1.00,1,0,0.00,0.00,0,0,0.00,320.00,320.00,320,0
1668556216.922321,docker0,0.00,0.00,0.00,0,0,0.00,0.00,0.00,0,0,0.00,0.00,0,0,0.00,0.00,0.00,0,0
1668556216.922332,s1-eth1,78648.00,5915628.00,5994276.00,5915628,78648,984.00,1148.00,2132.00,1148,984,0.00,0.00,0,0,629184.00,47325024.00,47954208.00,47325024,629184
1668556216.922346,s2-eth2,56714.00,3635592.00,3692306.00,3635592,56714,735.00,894.00,1629.00,894,735,0.00,0.00,0,0,453712.00,29084736.00,29538448.00,29084736,453712
1668556216.922360,s2-eth3,62586.00,3117802.00,3180388.00,3117802,62586,801.00,925.00,1726.00,925,801,0.00,0.00,0,0,500688.00,24942416.00,25443104.00,24942416,500688
1668556216.922390,s1-eth3,12060066.00,195816.00,12255882.00,195816,12060066,2845.00,2496.00,5341.00,2496,2845,0.00,0.00,0,0,96480528.00,1566528.00,98047056.00,1566528,96480528
1668556216.922405,s1-eth2,118022.00,6770992.00,6889014.00,6770992,118022,1521.00,1822.00,3343.00,1822,1521,0.00,0.00,0,0,944176.00,54167936.00,55112112.00,54167936,944176
1668556216.922420,s2-eth1,6770992.00,118022.00,6889014.00,118022,6770992,1822.00,1521.00,3343.00,1521,1822,0.00,0.00,0,0,54167936.00,944176.00,55112112.00,944176,54167936
1668556216.922443,total,19154364.00,19761228.00,38915592.00,19761228,19154364,8759.00,8858.00,17617.00,8858,8759,0.00,0.00,0,0,153234912.00,158089824.00,311324736.00,158089824,153234912
1668556217.922607,lo,1743.00,1743.00,3486.00,1743,1743,14.00,14.00,28.00,14,14,0.00,0.00,0,0,13944.00,13944.00,27888.00,13944,13944
1668556217.922643,eth0,5155.00,5660.00,10815.00,5660,5155,11.00,11.00,22.00,11,11,0.00,0.00,0,0,41240.00,45280.00,86520.00,45280,41240
1668556217.922658,docker0,0.00,0.00,0.00,0,0,0.00,0.00,0.00,0,0,0.00,0.00,0,0,0.00,0.00,0.00,0,0
1668556217.922668,s1-eth1,61932.00,6116140.00,6178072.00,6116140,61932,938.00,1006.00,1944.00,1006,938,0.00,0.00,0,0,495456.00,48929120.00,49424576.00,48929120,495456
1668556217.922693,s2-eth2,60084.00,2794642.00,2854726.00,2794642,60084,910.00,965.00,1875.00,965,910,0.00,0.00,0,0,480672.00,22357136.00,22837808.00,22357136,480672
1668556217.922707,s2-eth3,70644.00,3268670.00,3339314.00,3268670,70644,1070.00,1127.00,2197.00,1127,1070,0.00,0.00,0,0,565152.00,26149360.00,26714512.00,26149360,565152
1668556217.922735,s1-eth3,12065472.00,192456.00,12257928.00,192456,12065472,3060.00,2916.00,5976.00,2916,3060,0.00,0.00,0,0,96523776.00,1539648.00,98063424.00,1539648,96523776
1668556217.922749,s1-eth2,130746.00,6063312.00,6194058.00,6063312,130746,1981.00,2092.00,4073.00,2092,1981,0.00,0.00,0,0,1045968.00,48506496.00,49552464.00,48506496,1045968
1668556217.922763,s2-eth1,6063312.00,130746.00,6194058.00,130746,6063312,2092.00,1981.00,4073.00,1981,2092,0.00,0.00,0,0,48506496.00,1045968.00,49552464.00,1045968,48506496
1668556217.922787,total,18459088.00,18573368.00,37032456.00,18573369,18459088,10076.00,10112.00,20188.00,10112,10076,0.00,0.00,0,0,147672704.00,148586944.00,296259648.00,148586952,147672704
1668556218.923011,lo,0.00,0.00,0.00,0,0,0.00,0.00,0.00,0,0,0.00,0.00,0,0,0.00,0.00,0.00,0,0
1668556218.923091,eth0,0.00,40.00,40.00,40,0,0.00,1.00,1.00,1,0,0.00,0.00,0,0,0.00,320.00,320.00,320,0
1668556218.923106,docker0,0.00,0.00,0.00,0,0,0.00,0.00,0.00,0,0,0.00,0.00,0,0,0.00,0.00,0.00,0,0
1668556218.923117,s1-eth1,63228.00,5774486.00,5837714.00,5774486,63228,958.00,1051.00,2009.00,1051,958,0.00,0.00,0,0,505824.00,46195888.00,46701712.00,46195888,505824
1668556218.923131,s2-eth2,64416.00,2987148.00,3051564.00,2987148,64416,976.00,1030.00,2006.00,1030,976,0.00,0.00,0,0,515328.00,23897184.00,24412512.00,23897184,515328
1668556218.923145,s2-eth3,72468.00,3382806.00,3455274.00,3382806,72468,1098.00,1167.00,2265.00,1167,1098,0.00,0.00,0,0,579744.00,27062448.00,27642192.00,27062448,579744
1668556218.923174,s1-eth3,12052882.00,200112.00,12252994.00,200112,12052882,3221.00,3032.00,6253.00,3032,3221,0.00,0.00,0,0,96423056.00,1600896.00,98023952.00,1600896,96423056
1668556218.923221,s1-eth2,136752.00,6372916.00,6509668.00,6372916,136752,2072.00,2198.00,4270.00,2198,2072,0.00,0.00,0,0,1094016.00,50983328.00,52077344.00,50983328,1094016
1668556218.923236,s2-eth1,6372916.00,136752.00,6509668.00,136752,6372916,2198.00,2072.00,4270.00,2072,2198,0.00,0.00,0,0,50983328.00,1094016.00,52077344.00,1094016,50983328
1668556218.923264,total,18762662.00,18854260.00,37616920.00,18854260,18762662,10523.00,10551.00,21074.00,10551,10523,0.00,0.00,0,0,150101296.00,150834080.00,300935360.00,150834080,150101296
1668556219.923501,lo,772.00,772.00,1544.00,772,772,6.00,6.00,12.00,6,6,0.00,0.00,0,0,6176.00,6176.00,12352.00,6176,6176
1668556219.923540,eth0,90.00,76.00,166.00,76,90,1.00,1.00,2.00,1,1,0.00,0.00,0,0,720.00,608.00,1328.00,608,720
1668556219.923574,docker0,0.00,0.00,0.00,0,0,0.00,0.00,0.00,0,0,0.00,0.00,0,0,0.00,0.00,0.00,0,0
1668556219.923586,s1-eth1,61058.00,5563400.00,5624458.00,5563400,61058,925.00,1012.00,1937.00,1012,925,0.00,0.00,0,0,488464.00,44507200.00,44995664.00,44507200,488464
1668556219.923600,s2-eth2,67856.00,3147228.00,3215084.00,3147228,67856,1028.00,1086.00,2114.00,1086,1028,0.00,0.00,0,0,542848.00,25177824.00,25720672.00,25177824,542848
1668556219.923614,s2-eth3,75108.00,3464364.00,3539472.00,3464364,75108,1138.00,1196.00,2334.00,1196,1138,0.00,0.00,0,0,600864.00,27714912.00,28315776.00,27714912,600864
1668556219.923642,s1-eth3,12096796.00,203742.00,12300538.00,203742,12096796,3272.00,3087.00,6359.00,3087,3272,0.00,0.00,0,0,96774368.00,1629936.00,98404304.00,1629936,96774368
1668556219.923657,s1-eth2,142890.00,6605668.00,6748558.00,6605668,142890,2165.00,2280.00,4445.00,2280,2165,0.00,0.00,0,0,1143120.00,52845344.00,53988464.00,52845344,1143120
1668556219.923671,s2-eth1,6605668.00,142890.00,6748558.00,142890,6605668,2280.00,2165.00,4445.00,2165,2280,0.00,0.00,0,0,52845344.00,1143120.00,53988464.00,1143120,52845344
1668556219.923695,total,19050238.00,19128140.00,38178376.00,19128140,19050238,10815.00,10833.00,21648.00,10833,10815,0.00,0.00,0,0,152401904.00,153025120.00,305427008.00,153025120,152401904
1668556220.923944,lo,13641.00,13641.00,27282.00,13641,13641,104.00,104.00,208.00,104,104,0.00,0.00,0,0,109128.00,109128.00,218256.00,109128,109128
1668556220.923982,eth0,304.00,216.00,520.00,216,304,4.00,3.00,7.00,3,4,0.00,0.00,0,0,2432.00,1728.00,4160.00,1728,2432
1668556220.923996,docker0,0.00,0.00,0.00,0,0,0.00,0.00,0.00,0,0,0.00,0.00,0,0,0.00,0.00,0.00,0,0
1668556220.924007,s1-eth1,59868.00,5408260.00,5468128.00,5408260,59868,908.00,988.00,1896.00,988,908,0.00,0.00,0,0,478944.00,43266080.00,43745024.00,43266080,478944
1668556220.924021,s2-eth2,69966.00,3224436.00,3294402.00,3224436,69966,1061.00,1116.00,2177.00,1116,1061,0.00,0.00,0,0,559728.00,25795488.00,26355216.00,25795488,559728
1668556220.924035,s2-eth3,76094.00,3507468.00,3583562.00,3507468,76094,1153.00,1214.00,2367.00,1214,1153,0.00,0.00,0,0,608752.00,28059744.00,28668496.00,28059744,608752
1668556220.924068,s1-eth3,12073506.00,204802.00,12278308.00,204802,12073506,3293.00,3103.00,6396.00,3103,3293,0.00,0.00,0,0,96588048.00,1638416.00,98226464.00,1638416,96588048
1668556220.924083,s1-eth2,145506.00,6739262.00,6884768.00,6739262,145506,2205.00,2331.00,4536.00,2331,2205,0.00,0.00,0,0,1164048.00,53914096.00,55078144.00,53914096,1164048
1668556220.924107,s2-eth1,6739262.00,145506.00,6884768.00,145506,6739262,2331.00,2205.00,4536.00,2205,2331,0.00,0.00,0,0,53914096.00,1164048.00,55078144.00,1164048,53914096
1668556220.924131,total,19178148.00,19243592.00,38421736.00,19243591,19178147,11059.00,11064.00,22123.00,11064,11059,0.00,0.00,0,0,153425184.00,153948736.00,307373888.00,153948728,153425176
1668556221.924360,lo,0.00,0.00,0.00,0,0,0.00,0.00,0.00,0,0,0.00,0.00,0,0,0.00,0.00,0.00,0,0
1668556221.924394,eth0,0.00,40.00,40.00,40,0,0.00,1.00,1.00,1,0,0.00,0.00,0,0,0.00,320.00,320.00,320,0
1668556221.924408,docker0,0.00,0.00,0.00,0,0,0.00,0.00,0.00,0,0,0.00,0.00,0,0,0.00,0.00,0.00,0,0
1668556221.924419,s1-eth1,62568.00,6155434.00,6218002.00,6155434,62568,948.00,1009.00,1957.00,1009,948,0.00,0.00,0,0,500544.00,49243472.00,49744016.00,49243472,500544
1668556221.924433,s2-eth2,60456.00,3753842.00,3814298.00,3753842,60456,916.00,909.00,1825.00,909,916,0.00,0.00,0,0,483648.00,30030736.00,30514384.00,30030736,483648
1668556221.924447,s2-eth3,46434.00,2115070.00,2161504.00,2115070,46434,695.00,739.00,1434.00,739,695,0.00,0.00,0,0,371472.00,16920560.00,17292032.00,16920560,371472
1668556221.924475,s1-eth3,12054630.00,169566.00,12224196.00,169566,12054630,2699.00,2561.00,5260.00,2561,2699,0.00,0.00,0,0,96437040.00,1356528.00,97793568.00,1356528,96437040
1668556221.924490,s1-eth2,107010.00,5861540.00,5968550.00,5861540,107010,1613.00,1646.00,3259.00,1646,1613,0.00,0.00,0,0,856080.00,46892320.00,47748400.00,46892320,856080
1668556221.924504,s2-eth1,5861540.00,107010.00,5968550.00,107010,5861540,1646.00,1613.00,3259.00,1613,1646,0.00,0.00,0,0,46892320.00,856080.00,47748400.00,856080,46892320
1668556221.924527,total,18192638.00,18162502.00,36355140.00,18162502,18192638,8517.00,8478.00,16995.00,8478,8517,0.00,0.00,0,0,145541104.00,145300016.00,290841120.00,145300016,145541104
1668556222.924760,lo,0.00,0.00,0.00,0,0,0.00,0.00,0.00,0,0,0.00,0.00,0,0,0.00,0.00,0.00,0,0
1668556222.924794,eth0,0.00,0.00,0.00,0,0,0.00,0.00,0.00,0,0,0.00,0.00,0,0,0.00,0.00,0.00,0,0
1668556222.924806,docker0,0.00,0.00,0.00,0,0,0.00,0.00,0.00,0,0,0.00,0.00,0,0,0.00,0.00,0.00,0,0
1668556222.924817,s1-eth1,65802.00,5989916.00,6055718.00,5989916,65802,997.00,1090.00,2087.00,1090,997,0.00,0.00,0,0,526416.00,47919328.00,48445744.00,47919328,526416
1668556222.924837,s2-eth2,56496.00,3797142.00,3853638.00,3797142,56496,856.00,863.00,1719.00,863,856,0.00,0.00,0,0,451968.00,30377136.00,30829104.00,30377136,451968
1668556222.924851,s2-eth3,50292.00,2330768.00,2381060.00,2330768,50292,762.00,804.00,1566.00,804,762,0.00,0.00,0,0,402336.00,18646144.00,19048480.00,18646144,402336
1668556222.924879,s1-eth3,12058916.00,172590.00,12231506.00,172590,12058916,2742.00,2615.00,5357.00,2615,2742,0.00,0.00,0,0,96471328.00,1380720.00,97852048.00,1380720,96471328
1668556222.924894,s1-eth2,106722.00,6132386.00,6239108.00,6132386,106722,1617.00,1669.00,3286.00,1669,1617,0.00,0.00,0,0,853776.00,49059088.00,49912864.00,49059088,853776
1668556222.924908,s2-eth1,6132386.00,106722.00,6239108.00,106722,6132386,1669.00,1617.00,3286.00,1617,1669,0.00,0.00,0,0,49059088.00,853776.00,49912864.00,853776,49059088
1668556222.924931,total,18470614.00,18529524.00,37000136.00,18529524,18470614,8643.00,8658.00,17301.00,8658,8643,0.00,0.00,0,0,147764912.00,148236192.00,296001088.00,148236192,147764912
1668556223.925103,lo,0.00,0.00,0.00,0,0,0.00,0.00,0.00,0,0,0.00,0.00,0,0,0.00,0.00,0.00,0,0
1668556223.925136,eth0,0.00,0.00,0.00,0,0,0.00,0.00,0.00,0,0,0.00,0.00,0,0,0.00,0.00,0.00,0,0
1668556223.925165,docker0,0.00,0.00,0.00,0,0,0.00,0.00,0.00,0,0,0.00,0.00,0,0,0.00,0.00,0.00,0,0
1668556223.925177,s1-eth1,64218.00,5852154.00,5916372.00,5852154,64218,973.00,1065.00,2038.00,1065,973,0.00,0.00,0,0,513744.00,46817232.00,47330976.00,46817232,513744
1668556223.925192,s2-eth2,57024.00,3836700.00,3893724.00,3836700,57024,864.00,870.00,1734.00,870,864,0.00,0.00,0,0,456192.00,30693600.00,31149792.00,30693600,456192
1668556223.925216,s2-eth3,52668.00,2434504.00,2487172.00,2434504,52668,798.00,840.00,1638.00,840,798,0.00,0.00,0,0,421344.00,19476032.00,19897376.00,19476032,421344
1668556223.925244,s1-eth3,12059972.00,173844.00,12233816.00,173844,12059972,2758.00,2634.00,5392.00,2634,2758,0.00,0.00,0,0,96479776.00,1390752.00,97870528.00,1390752,96479776
1668556223.925259,s1-eth2,109626.00,6271204.00,6380830.00,6271204,109626,1661.00,1710.00,3371.00,1710,1661,0.00,0.00,0,0,877008.00,50169632.00,51046640.00,50169632,877008
1668556223.925273,s2-eth1,6271204.00,109626.00,6380830.00,109626,6271204,1710.00,1661.00,3371.00,1661,1710,0.00,0.00,0,0,50169632.00,877008.00,51046640.00,877008,50169632
1668556223.925296,total,18614712.00,18678032.00,37292744.00,18678032,18614712,8764.00,8780.00,17544.00,8780,8764,0.00,0.00,0,0,148917696.00,149424256.00,298341952.00,149424256,148917696
1668556224.925613,lo,0.00,0.00,0.00,0,0,0.00,0.00,0.00,0,0,0.00,0.00,0,0,0.00,0.00,0.00,0,0
1668556224.925684,eth0,0.00,0.00,0.00,0,0,0.00,0.00,0.00,0,0,0.00,0.00,0,0,0.00,0.00,0.00,0,0
1668556224.926697,docker0,0.00,0.00,0.00,0,0,0.00,0.00,0.00,0,0,0.00,0.00,0,0,0.00,0.00,0.00,0,0
1668556224.926712,s1-eth1,64285.71,5871225.00,5935510.50,5877096,64350,974.03,1046.95,2020.98,1048,975,0.00,0.00,0,0,514285.72,46969800.00,47484084.00,47016768,514800
1668556224.926729,s2-eth2,54705.30,3457414.75,3512120.00,3460872,54760,813.19,835.16,1648.35,836,814,0.00,0.00,0,0,437642.38,27659318.00,28096960.00,27686976,438080
1668556224.926744,s2-eth3,56637.36,2630393.75,2687031.00,2633024,56694,858.14,907.09,1765.23,908,859,0.00,0.00,0,0,453098.91,21043150.00,21496248.00,21064192,453552
1668556224.926774,s1-eth3,12039649.00,175694.31,12215343.00,175870,12051688,2805.19,2646.35,5451.55,2649,2808,0.00,0.00,0,0,96317192.00,1405554.50,97722744.00,1406960,96413504
1668556224.926789,s1-eth2,111540.46,6092214.00,6203754.50,6098306,111652,1674.33,1743.26,3417.58,1745,1676,0.00,0.00,0,0,892323.69,48737712.00,49630036.00,48786448,893216
1668556224.926828,s2-eth1,6092214.00,111540.46,6203754.50,111652,6098306,1743.26,1674.33,3417.58,1676,1745,0.00,0.00,0,0,48737712.00,892323.69,49630036.00,893216,48786448
1668556224.926855,total,18419032.00,18338482.00,36757516.00,18356820,18437450,8868.13,8853.15,17721.28,8862,8877,0.00,0.00,0,0,147352256.00,146707856.00,294060128.00,146854560,147499600
1668556225.927089,lo,791.21,791.21,1582.42,792,792,13.99,13.99,27.97,14,14,0.00,0.00,0,0,6329.67,6329.67,12659.34,6336,6336
1668556225.927127,eth0,303.70,207.79,511.49,208,304,4.00,3.00,6.99,3,4,0.00,0.00,0,0,2429.57,1662.34,4091.91,1664,2432
1668556225.927162,docker0,0.00,0.00,0.00,0,0,0.00,0.00,0.00,0,0,0.00,0.00,0,0,0.00,0.00,0.00,0,0
1668556225.927176,s1-eth1,60060.00,6656030.00,6716090.00,6656030,60060,910.00,915.00,1825.00,915,910,0.00,0.00,0,0,480480.00,53248240.00,53728720.00,53248240,480480
1668556225.927190,s2-eth2,51216.00,2379674.00,2430890.00,2379674,51216,776.00,821.00,1597.00,821,776,0.00,0.00,0,0,409728.00,19037392.00,19447120.00,19037392,409728
1668556225.927204,s2-eth3,66990.00,3095360.00,3162350.00,3095360,66990,1015.00,1068.00,2083.00,1068,1015,0.00,0.00,0,0,535920.00,24762880.00,25298800.00,24762880,535920
1668556225.927231,s1-eth3,12069390.00,178332.00,12247722.00,178332,12069390,2791.00,2702.00,5493.00,2702,2791,0.00,0.00,0,0,96555120.00,1426656.00,97981776.00,1426656,96555120
1668556225.927246,s1-eth2,118140.00,5472072.00,5590212.00,5472072,118140,1790.00,1888.00,3678.00,1888,1790,0.00,0.00,0,0,945120.00,43776576.00,44721696.00,43776576,945120
1668556225.927260,s2-eth1,5472072.00,118140.00,5590212.00,118140,5472072,1888.00,1790.00,3678.00,1790,1888,0.00,0.00,0,0,43776576.00,945120.00,44721696.00,945120,43776576
1668556225.927288,total,17838964.00,17900608.00,35739572.00,17900608,17838964,9188.00,9201.00,18389.00,9201,9188,0.00,0.00,0,0,142711712.00,143204864.00,285916576.00,143204864,142711712
1668556226.927567,lo,0.00,0.00,0.00,0,0,0.00,0.00,0.00,0,0,0.00,0.00,0,0,0.00,0.00,0.00,0,0
1668556226.927601,eth0,0.00,40.00,40.00,40,0,0.00,1.00,1.00,1,0,0.00,0.00,0,0,0.00,320.00,320.00,320,0
1668556226.927647,docker0,0.00,0.00,0.00,0,0,0.00,0.00,0.00,0,0,0.00,0.00,0,0,0.00,0.00,0.00,0,0
1668556226.927659,s1-eth1,60168.00,6171936.00,6232104.00,6171936,60168,900.00,908.00,1808.00,908,900,0.00,0.00,0,0,481344.00,49375488.00,49856832.00,49375488,481344
1668556226.927674,s2-eth2,55110.00,2542650.00,2597760.00,2542650,55110,835.00,877.00,1712.00,877,835,0.00,0.00,0,0,440880.00,20341200.00,20782080.00,20341200,440880
1668556226.927688,s2-eth3,66852.00,3054354.00,3121206.00,3054354,66852,1004.00,1061.00,2065.00,1061,1004,0.00,0.00,0,0,534816.00,24434832.00,24969648.00,24434832,534816
1668556226.927715,s1-eth3,12052818.00,182130.00,12234948.00,182130,12052818,2869.00,2739.00,5608.00,2739,2869,0.00,0.00,0,0,96422544.00,1457040.00,97879584.00,1457040,96422544
1668556226.927730,s1-eth2,121896.00,5594042.00,5715938.00,5594042,121896,1838.00,1937.00,3775.00,1937,1838,0.00,0.00,0,0,975168.00,44752336.00,45727504.00,44752336,975168
1668556226.927744,s2-eth1,5594042.00,121896.00,5715938.00,121896,5594042,1937.00,1838.00,3775.00,1838,1937,0.00,0.00,0,0,44752336.00,975168.00,45727504.00,975168,44752336
1668556226.927767,total,17950886.00,17667048.00,35617936.00,17667048,17950886,9383.00,9361.00,18744.00,9361,9383,0.00,0.00,0,0,143607088.00,141336384.00,284943488.00,141336384,143607088
1668556227.928062,lo,772.00,772.00,1544.00,772,772,6.00,6.00,12.00,6,6,0.00,0.00,0,0,6176.00,6176.00,12352.00,6176,6176
1668556227.928100,eth0,0.00,0.00,0.00,0,0,0.00,0.00,0.00,0,0,0.00,0.00,0,0,0.00,0.00,0.00,0,0
1668556227.928112,docker0,0.00,0.00,0.00,0,0,0.00,0.00,0.00,0,0,0.00,0.00,0,0,0.00,0.00,0.00,0,0
1668556227.928123,s1-eth1,60064.00,5279254.00,5339318.00,5279254,60064,910.00,963.00,1873.00,963,910,0.00,0.00,0,0,480512.00,42234032.00,42714544.00,42234032,480512
1668556227.928137,s2-eth2,62972.00,4135396.00,4198368.00,4135396,62972,954.00,942.00,1896.00,942,954,0.00,0.00,0,0,503776.00,33083168.00,33586944.00,33083168,503776
1668556227.928151,s2-eth3,58876.00,2744268.00,2803144.00,2744268,58876,892.00,948.00,1840.00,948,892,0.00,0.00,0,0,471008.00,21954144.00,22425152.00,21954144,471008
1668556227.928180,s1-eth3,12070528.00,181566.00,12252094.00,181566,12070528,2874.00,2751.00,5625.00,2751,2874,0.00,0.00,0,0,96564224.00,1452528.00,98016752.00,1452528,96564224
1668556227.928195,s1-eth2,121704.00,6876768.00,6998472.00,6876768,121704,1844.00,1890.00,3734.00,1890,1844,0.00,0.00,0,0,973632.00,55014144.00,55987776.00,55014144,973632
1668556227.928209,s2-eth1,6876768.00,121704.00,6998472.00,121704,6876768,1890.00,1844.00,3734.00,1844,1890,0.00,0.00,0,0,55014144.00,973632.00,55987776.00,973632,55014144
1668556227.928242,total,19251684.00,19339728.00,38591412.00,19339728,19251684,9370.00,9344.00,18714.00,9344,9370,0.00,0.00,0,0,154013472.00,154717824.00,308731296.00,154717824,154013472
1668556228.928496,lo,3088.00,3088.00,6176.00,3088,3088,24.00,24.00,48.00,24,24,0.00,0.00,0,0,24704.00,24704.00,49408.00,24704,24704
1668556228.928550,eth0,0.00,0.00,0.00,0,0,0.00,0.00,0.00,0,0,0.00,0.00,0,0,0.00,0.00,0.00,0,0
1668556228.928563,docker0,0.00,0.00,0.00,0,0,0.00,0.00,0.00,0,0,0.00,0.00,0,0,0.00,0.00,0.00,0,0
1668556228.928575,s1-eth1,56380.00,5126752.00,5183132.00,5126752,56380,854.00,934.00,1788.00,934,854,0.00,0.00,0,0,451040.00,41014016.00,41465056.00,41014016,451040
1668556228.928589,s2-eth2,61722.00,4141126.00,4202848.00,4141126,61722,935.00,941.00,1876.00,941,935,0.00,0.00,0,0,493776.00,33129008.00,33622784.00,33129008,493776
1668556228.928604,s2-eth3,62332.00,2873078.00,2935410.00,2873078,62332,944.00,991.00,1935.00,991,944,0.00,0.00,0,0,498656.00,22984624.00,23483280.00,22984624,498656
1668556228.928631,s1-eth3,12060070.00,179734.00,12239804.00,179734,12060070,2847.00,2723.00,5570.00,2723,2847,0.00,0.00,0,0,96480560.00,1437872.00,97918432.00,1437872,96480560
1668556228.928646,s1-eth2,123708.00,7018684.00,7142392.00,7018684,123708,1874.00,1934.00,3808.00,1934,1874,0.00,0.00,0,0,989664.00,56149472.00,57139136.00,56149472,989664
1668556228.928660,s2-eth1,7018684.00,123708.00,7142392.00,123708,7018684,1934.00,1874.00,3808.00,1874,1934,0.00,0.00,0,0,56149472.00,989664.00,57139136.00,989664,56149472
1668556228.928696,total,19385984.00,19466170.00,38852152.00,19466170,19385984,9412.00,9421.00,18833.00,9421,9412,0.00,0.00,0,0,155087872.00,155729360.00,310817216.00,155729360,155087872
1668556229.928990,lo,0.00,0.00,0.00,0,0,0.00,0.00,0.00,0,0,0.00,0.00,0,0,0.00,0.00,0.00,0,0
1668556229.929033,eth0,90.00,76.00,166.00,76,90,1.00,1.00,2.00,1,1,0.00,0.00,0,0,720.00,608.00,1328.00,608,720
1668556229.929962,docker0,0.00,0.00,0.00,0,0,0.00,0.00,0.00,0,0,0.00,0.00,0,0,0.00,0.00,0.00,0,0
1668556229.929978,s1-eth1,56637.36,5029179.00,5085816.50,5034208,56694,858.14,935.06,1793.21,936,859,0.00,0.00,0,0,453098.91,40233432.00,40686532.00,40273664,453552
1668556229.929994,s2-eth2,60791.21,4088457.75,4149248.75,4092546,60852,921.08,928.07,1849.15,929,922,0.00,0.00,0,0,486329.69,32707662.00,33193990.00,32740368,486816
1668556229.930009,s2-eth3,64879.12,3003430.75,3068309.75,3006434,64944,983.02,1035.96,2018.98,1037,984,0.00,0.00,0,0,519032.97,24027446.00,24546478.00,24051472,519552
1668556229.930046,s1-eth3,12047157.00,182307.70,12229465.00,182490,12059204,2875.12,2762.24,5637.36,2765,2878,0.00,0.00,0,0,96377256.00,1458461.62,97835720.00,1459920,96473632
1668556229.930062,s1-eth2,125802.20,7096294.00,7222096.00,7103390,125928,1906.09,1965.04,3871.13,1967,1908,0.00,0.00,0,0,1006417.62,56770352.00,57776768.00,56827120,1007424
1668556229.930077,s2-eth1,7096294.00,125802.20,7222096.00,125928,7103390,1965.04,1906.09,3871.13,1908,1967,0.00,0.00,0,0,56770352.00,1006417.62,57776768.00,1007424,56827120
1668556229.930105,total,19451650.00,19525546.00,38977200.00,19545072,19471102,9509.49,9533.47,19042.96,9543,9519,0.00,0.00,0,0,155613200.00,156204368.00,311817600.00,156360576,155768816
1668556230.930359,lo,447.55,447.55,895.10,448,448,7.99,7.99,15.98,8,8,0.00,0.00,0,0,3580.42,3580.42,7160.84,3584,3584
1668556230.930395,eth0,303.70,207.79,511.49,208,304,4.00,3.00,6.99,3,4,0.00,0.00,0,0,2429.57,1662.34,4091.91,1664,2432
1668556230.930409,docker0,0.00,0.00,0.00,0,0,0.00,0.00,0.00,0,0,0.00,0.00,0,0,0.00,0.00,0.00,0,0
1668556230.930420,s1-eth1,68640.00,5257224.00,5325864.00,5257224,68640,1040.00,1068.00,2108.00,1068,1040,0.00,0.00,0,0,549120.00,42057792.00,42606912.00,42057792,549120
1668556230.930435,s2-eth2,56994.00,3469964.00,3526958.00,3469964,56994,855.00,886.00,1741.00,886,855,0.00,0.00,0,0,455952.00,27759712.00,28215664.00,27759712,455952
1668556230.930449,s2-eth3,71148.00,3284994.00,3356142.00,3284994,71148,1078.00,1133.00,2211.00,1133,1078,0.00,0.00,0,0,569184.00,26279952.00,26849136.00,26279952,569184
1668556230.930476,s1-eth3,12084978.00,196914.00,12281892.00,196914,12084978,3093.00,2975.00,6068.00,2975,3093,0.00,0.00,0,0,96679824.00,1575312.00,98255136.00,1575312,96679824
1668556230.930491,s1-eth2,128142.00,6749034.00,6877176.00,6749034,128142,1933.00,2017.00,3950.00,2017,1933,0.00,0.00,0,0,1025136.00,53992272.00,55017408.00,53992272,1025136
1668556230.930505,s2-eth1,6749034.00,128142.00,6877176.00,128142,6749034,2017.00,1933.00,3950.00,1933,2017,0.00,0.00,0,0,53992272.00,1025136.00,55017408.00,1025136,53992272
1668556230.930528,total,19159688.00,19086928.00,38246616.00,19086928,19159688,10028.00,10023.00,20051.00,10023,10028,0.00,0.00,0,0,153277504.00,152695424.00,305972928.00,152695424,153277504
1668556231.930778,lo,0.00,0.00,0.00,0,0,0.00,0.00,0.00,0,0,0.00,0.00,0,0,0.00,0.00,0.00,0,0
1668556231.930812,eth0,0.00,40.00,40.00,40,0,0.00,1.00,1.00,1,0,0.00,0.00,0,0,0.00,320.00,320.00,320,0
1668556231.930825,docker0,0.00,0.00,0.00,0,0,0.00,0.00,0.00,0,0,0.00,0.00,0,0,0.00,0.00,0.00,0,0
1668556231.930878,s1-eth1,64152.00,5821350.00,5885502.00,5821350,64152,972.00,1059.00,2031.00,1059,972,0.00,0.00,0,0,513216.00,46570800.00,47084016.00,46570800,513216
1668556231.930894,s2-eth2,55176.00,2556012.00,2611188.00,2556012,55176,836.00,882.00,1718.00,882,836,0.00,0.00,0,0,441408.00,20448096.00,20889504.00,20448096,441408
1668556231.930909,s2-eth3,81378.00,3757532.00,3838910.00,3757532,81378,1233.00,1294.00,2527.00,1294,1233,0.00,0.00,0,0,651024.00,30060256.00,30711280.00,30060256,651024
1668556231.930937,s1-eth3,12071442.00,200640.00,12272082.00,200640,12071442,3217.00,3040.00,6257.00,3040,3217,0.00,0.00,0,0,96571536.00,1605120.00,98176656.00,1605120,96571536
1668556231.930961,s1-eth2,136422.00,6313544.00,6449966.00,6313544,136422,2067.00,2176.00,4243.00,2176,2067,0.00,0.00,0,0,1091376.00,50508352.00,51599728.00,50508352,1091376
1668556231.930975,s2-eth1,6313544.00,136422.00,6449966.00,136422,6313544,2176.00,2067.00,4243.00,2067,2176,0.00,0.00,0,0,50508352.00,1091376.00,51599728.00,1091376,50508352
1668556231.930998,total,18722114.00,18785540.00,37507656.00,18785540,18722114,10501.00,10519.00,21020.00,10519,10501,0.00,0.00,0,0,149776912.00,150284320.00,300061248.00,150284320,149776912
1668556232.931343,lo,0.00,0.00,0.00,0,0,0.00,0.00,0.00,0,0,0.00,0.00,0,0,0.00,0.00,0.00,0,0
1668556232.931399,eth0,0.00,0.00,0.00,0,0,0.00,0.00,0.00,0,0,0.00,0.00,0,0,0.00,0.00,0.00,0,0
1668556232.931412,docker0,0.00,0.00,0.00,0,0,0.00,0.00,0.00,0,0,0.00,0.00,0,0,0.00,0.00,0.00,0,0
1668556232.931423,s1-eth1,60720.00,6138640.00,6199360.00,6138640,60720,920.00,952.00,1872.00,952,920,0.00,0.00,0,0,485760.00,49109120.00,49594880.00,49109120,485760
1668556232.931438,s2-eth2,41706.00,1870016.00,1911722.00,1870016,41706,619.00,668.00,1287.00,668,619,0.00,0.00,0,0,333648.00,14960128.00,15293776.00,14960128,333648
1668556232.931452,s2-eth3,68904.00,4032014.00,4100918.00,4032014,68904,1044.00,1043.00,2087.00,1043,1044,0.00,0.00,0,0,551232.00,32256112.00,32807344.00,32256112,551232
1668556232.931480,s1-eth3,12057266.00,171132.00,12228398.00,171132,12057266,2717.00,2580.00,5297.00,2580,2717,0.00,0.00,0,0,96458128.00,1369056.00,97827184.00,1369056,96458128
1668556232.931495,s1-eth2,110544.00,5907954.00,6018498.00,5907954,110544,1662.00,1713.00,3375.00,1713,1662,0.00,0.00,0,0,884352.00,47263632.00,48147984.00,47263632,884352
1668556232.931508,s2-eth1,5907954.00,110544.00,6018498.00,110544,5907954,1713.00,1662.00,3375.00,1662,1713,0.00,0.00,0,0,47263632.00,884352.00,48147984.00,884352,47263632
1668556232.931546,total,18247094.00,18230300.00,36477392.00,18230300,18247094,8675.00,8618.00,17293.00,8618,8675,0.00,0.00,0,0,145976752.00,145842400.00,291819136.00,145842400,145976752
1668556233.931792,lo,344.00,344.00,688.00,344,344,6.00,6.00,12.00,6,6,0.00,0.00,0,0,2752.00,2752.00,5504.00,2752,2752
1668556233.931828,eth0,0.00,0.00,0.00,0,0,0.00,0.00,0.00,0,0,0.00,0.00,0,0,0.00,0.00,0.00,0,0
1668556233.931840,docker0,0.00,0.00,0.00,0,0,0.00,0.00,0.00,0,0,0.00,0.00,0,0,0.00,0.00,0.00,0,0
1668556233.931851,s1-eth1,60126.00,6214662.00,6274788.00,6214662,60126,911.00,963.00,1874.00,963,911,0.00,0.00,0,0,481008.00,49717296.00,50198304.00,49717296,481008
1668556233.931866,s2-eth2,36498.00,1701046.00,1737544.00,1701046,36498,553.00,587.00,1140.00,587,553,0.00,0.00,0,0,291984.00,13608368.00,13900352.00,13608368,291984
1668556233.931880,s2-eth3,62568.00,4207140.00,4269708.00,4207140,62568,948.00,954.00,1902.00,954,948,0.00,0.00,0,0,500544.00,33657120.00,34157664.00,33657120,500544
1668556233.931907,s1-eth3,12042214.00,159258.00,12201472.00,159258,12042214,2467.00,2413.00,4880.00,2413,2467,0.00,0.00,0,0,96337712.00,1274064.00,97611776.00,1274064,96337712
1668556233.931922,s1-eth2,99132.00,5903776.00,6002908.00,5903776,99132,1502.00,1540.00,3042.00,1540,1502,0.00,0.00,0,0,793056.00,47230208.00,48023264.00,47230208,793056
1668556233.931936,s2-eth1,5903776.00,99132.00,6002908.00,99132,5903776,1540.00,1502.00,3042.00,1502,1540,0.00,0.00,0,0,47230208.00,793056.00,48023264.00,793056,47230208
1668556233.931959,total,18204658.00,18285358.00,36490016.00,18285358,18204658,7927.00,7965.00,15892.00,7965,7927,0.00,0.00,0,0,145637264.00,146282864.00,291920128.00,146282864,145637264
1668556234.932352,lo,0.00,0.00,0.00,0,0,0.00,0.00,0.00,0,0,0.00,0.00,0,0,0.00,0.00,0.00,0,0
1668556234.932399,eth0,0.00,0.00,0.00,0,0,0.00,0.00,0.00,0,0,0.00,0.00,0,0,0.00,0.00,0.00,0,0
1668556234.932417,docker0,0.00,0.00,0.00,0,0,0.00,0.00,0.00,0,0,0.00,0.00,0,0,0.00,0.00,0.00,0,0
1668556234.932428,s1-eth1,66462.00,6048496.00,6114958.00,6048496,66462,1007.00,1100.00,2107.00,1100,1007,0.00,0.00,0,0,531696.00,48387968.00,48919664.00,48387968,531696
1668556234.932452,s2-eth2,40656.00,1887718.00,1928374.00,1887718,40656,616.00,651.00,1267.00,651,616,0.00,0.00,0,0,325248.00,15101744.00,15426992.00,15101744,325248
1668556234.932467,s2-eth3,62172.00,4180680.00,4242852.00,4180680,62172,942.00,948.00,1890.00,948,942,0.00,0.00,0,0,497376.00,33445440.00,33942816.00,33445440,497376
1668556234.932496,s1-eth3,12052126.00,169224.00,12221350.00,169224,12052126,2683.00,2564.00,5247.00,2564,2683,0.00,0.00,0,0,96417008.00,1353792.00,97770800.00,1353792,96417008
1668556234.932510,s1-eth2,102762.00,6068398.00,6171160.00,6068398,102762,1557.00,1599.00,3156.00,1599,1557,0.00,0.00,0,0,822096.00,48547184.00,49369280.00,48547184,822096
1668556234.932524,s2-eth1,6068398.00,102762.00,6171160.00,102762,6068398,1599.00,1557.00,3156.00,1557,1599,0.00,0.00,0,0,48547184.00,822096.00,49369280.00,822096,48547184
1668556234.932586,total,18392576.00,18457278.00,36849856.00,18457278,18392576,8404.00,8419.00,16823.00,8419,8404,0.00,0.00,0,0,147140608.00,147658224.00,294798848.00,147658224,147140608
1668556235.932825,lo,448.00,448.00,896.00,448,448,8.00,8.00,16.00,8,8,0.00,0.00,0,0,3584.00,3584.00,7168.00,3584,3584
1668556235.932861,eth0,394.00,284.00,678.00,284,394,5.00,4.00,9.00,4,5,0.00,0.00,0,0,3152.00,2272.00,5424.00,2272,3152
1668556235.932874,docker0,0.00,0.00,0.00,0,0,0.00,0.00,0.00,0,0,0.00,0.00,0,0,0.00,0.00,0.00,0,0
1668556235.932886,s1-eth1,67056.00,5706764.00,5773820.00,5706764,67056,992.00,1078.00,2070.00,1078,992,0.00,0.00,0,0,536448.00,45654112.00,46190560.00,45654112,536448
1668556235.932900,s2-eth2,43428.00,2013702.00,2057130.00,2013702,43428,658.00,695.00,1353.00,695,658,0.00,0.00,0,0,347424.00,16109616.00,16457040.00,16109616,347424
1668556235.932914,s2-eth3,62370.00,4180746.00,4243116.00,4180746,62370,945.00,949.00,1894.00,949,945,0.00,0.00,0,0,498960.00,33445968.00,33944928.00,33445968,498960
1668556235.932944,s1-eth3,12068718.00,173052.00,12241770.00,173052,12068718,2715.00,2598.00,5313.00,2598,2715,0.00,0.00,0,0,96549744.00,1384416.00,97934160.00,1384416,96549744
1668556235.932961,s1-eth2,105930.00,6194448.00,6300378.00,6194448,105930,1605.00,1644.00,3249.00,1644,1605,0.00,0.00,0,0,847440.00,49555584.00,50403024.00,49555584,847440
1668556235.932975,s2-eth1,6194448.00,105930.00,6300378.00,105930,6194448,1644.00,1605.00,3249.00,1605,1644,0.00,0.00,0,0,49555584.00,847440.00,50403024.00,847440,49555584
1668556235.932998,total,18542792.00,18375374.00,36918168.00,18375374,18542792,8572.00,8581.00,17153.00,8581,8572,0.00,0.00,0,0,148342336.00,147002992.00,295345344.00,147002992,148342336
1668556236.933161,lo,0.00,0.00,0.00,0,0,0.00,0.00,0.00,0,0,0.00,0.00,0,0,0.00,0.00,0.00,0,0
1668556236.933248,eth0,0.00,40.00,40.00,40,0,0.00,1.00,1.00,1,0,0.00,0.00,0,0,0.00,320.00,320.00,320,0
1668556236.933264,docker0,0.00,0.00,0.00,0,0,0.00,0.00,0.00,0,0,0.00,0.00,0,0,0.00,0.00,0.00,0,0
1668556236.933275,s1-eth1,62964.00,4917654.00,4980618.00,4917654,62964,954.00,991.00,1945.00,991,954,0.00,0.00,0,0,503712.00,39341232.00,39844944.00,39341232,503712
1668556236.933290,s2-eth2,76824.00,3545782.00,3622606.00,3545782,76824,1164.00,1223.00,2387.00,1223,1164,0.00,0.00,0,0,614592.00,28366256.00,28980848.00,28366256,614592
1668556236.933304,s2-eth3,75528.00,3542094.00,3617622.00,3542094,75528,1134.00,1211.00,2345.00,1211,1134,0.00,0.00,0,0,604224.00,28336752.00,28940976.00,28336752,604224
1668556236.933332,s1-eth3,12085042.00,215316.00,12300358.00,215316,12085042,3445.00,3252.00,6697.00,3252,3445,0.00,0.00,0,0,96680336.00,1722528.00,98402864.00,1722528,96680336
1668556236.933347,s1-eth2,152352.00,7086362.00,7238714.00,7086362,152352,2298.00,2433.00,4731.00,2433,2298,0.00,0.00,0,0,1218816.00,56690896.00,57909712.00,56690896,1218816
1668556236.933392,s2-eth1,7086362.00,152352.00,7238714.00,152352,7086362,2433.00,2298.00,4731.00,2298,2433,0.00,0.00,0,0,56690896.00,1218816.00,57909712.00,1218816,56690896
1668556236.933416,total,19539072.00,19459600.00,38998672.00,19459600,19539072,11428.00,11409.00,22837.00,11409,11428,0.00,0.00,0,0,156312576.00,155676800.00,311989376.00,155676800,156312576
1668556237.933658,lo,0.00,0.00,0.00,0,0,0.00,0.00,0.00,0,0,0.00,0.00,0,0,0.00,0.00,0.00,0,0
1668556237.933691,eth0,0.00,0.00,0.00,0,0,0.00,0.00,0.00,0,0,0.00,0.00,0,0,0.00,0.00,0.00,0,0
1668556237.933703,docker0,0.00,0.00,0.00,0,0,0.00,0.00,0.00,0,0,0.00,0.00,0,0,0.00,0.00,0.00,0,0
1668556237.933714,s1-eth1,72732.00,4890756.00,4963488.00,4890756,72732,1102.00,1110.00,2212.00,1110,1102,0.00,0.00,0,0,581856.00,39126048.00,39707904.00,39126048,581856
1668556237.933728,s2-eth2,78672.00,3650966.00,3729638.00,3650966,78672,1192.00,1259.00,2451.00,1259,1192,0.00,0.00,0,0,629376.00,29207728.00,29837104.00,29207728,629376
1668556237.933743,s2-eth3,78078.00,3602126.00,3680204.00,3602126,78078,1183.00,1243.00,2426.00,1243,1183,0.00,0.00,0,0,624624.00,28817008.00,29441632.00,28817008,624624
1668556237.933769,s1-eth3,12069930.00,229548.00,12299478.00,229548,12069930,3589.00,3478.00,7067.00,3478,3589,0.00,0.00,0,0,96559440.00,1836384.00,98395824.00,1836384,96559440
1668556237.933784,s1-eth2,156816.00,7253092.00,7409908.00,7253092,156816,2376.00,2502.00,4878.00,2502,2376,0.00,0.00,0,0,1254528.00,58024736.00,59279264.00,58024736,1254528
1668556237.933798,s2-eth1,7253092.00,156816.00,7409908.00,156816,7253092,2502.00,2376.00,4878.00,2376,2502,0.00,0.00,0,0,58024736.00,1254528.00,59279264.00,1254528,58024736
1668556237.933821,total,19709320.00,19783304.00,39492624.00,19783304,19709320,11944.00,11968.00,23912.00,11968,11944,0.00,0.00,0,0,157674560.00,158266432.00,315940992.00,158266432,157674560
1668556238.934123,lo,344.00,344.00,688.00,344,344,6.00,6.00,12.00,6,6,0.00,0.00,0,0,2752.00,2752.00,5504.00,2752,2752
1668556238.934160,eth0,0.00,0.00,0.00,0,0,0.00,0.00,0.00,0,0,0.00,0.00,0,0,0.00,0.00,0.00,0,0
1668556238.934171,docker0,0.00,0.00,0.00,0,0,0.00,0.00,0.00,0,0,0.00,0.00,0,0,0.00,0.00,0.00,0,0
1668556238.934183,s1-eth1,65802.00,5504960.00,5570762.00,5504960,65802,997.00,1048.00,2045.00,1048,997,0.00,0.00,0,0,526416.00,44039680.00,44566096.00,44039680,526416
1668556238.934197,s2-eth2,68178.00,4142718.00,4210896.00,4142718,68178,1033.00,1031.00,2064.00,1031,1033,0.00,0.00,0,0,545424.00,33141744.00,33687168.00,33141744,545424
1668556238.934215,s2-eth3,52462.00,2388890.00,2441352.00,2388890,52462,781.00,829.00,1610.00,829,781,0.00,0.00,0,0,419696.00,19111120.00,19530816.00,19111120,419696
1668556238.934242,s1-eth3,12054216.00,186310.00,12240526.00,186310,12054216,2956.00,2809.00,5765.00,2809,2956,0.00,0.00,0,0,96433728.00,1490480.00,97924208.00,1490480,96433728
1668556238.934257,s1-eth2,120508.00,6534570.00,6655078.00,6534570,120508,1812.00,1861.00,3673.00,1861,1812,0.00,0.00,0,0,964064.00,52276560.00,53240624.00,52276560,964064
1668556238.934271,s2-eth1,6534570.00,120508.00,6655078.00,120508,6534570,1861.00,1812.00,3673.00,1812,1861,0.00,0.00,0,0,52276560.00,964064.00,53240624.00,964064,52276560
1668556238.934299,total,18896080.00,18878300.00,37774380.00,18878300,18896080,9446.00,9396.00,18842.00,9396,9446,0.00,0.00,0,0,151168640.00,151026400.00,302195040.00,151026400,151168640
1668556239.934495,lo,0.00,0.00,0.00,0,0,0.00,0.00,0.00,0,0,0.00,0.00,0,0,0.00,0.00,0.00,0,0
1668556239.934552,eth0,0.00,0.00,0.00,0,0,0.00,0.00,0.00,0,0,0.00,0.00,0,0,0.00,0.00,0.00,0,0
1668556239.935594,docker0,0.00,0.00,0.00,0,0,0.00,0.00,0.00,0,0,0.00,0.00,0,0,0.00,0.00,0.00,0,0
1668556239.935614,s1-eth1,60263.74,5497808.50,5558072.00,5503306,60324,913.09,1000.00,1913.09,1001,914,0.00,0.00,0,0,482109.91,43982468.00,44464576.00,44026448,482592
1668556239.935631,s2-eth2,62307.70,4185314.75,4247622.50,4189500,62370,944.06,949.05,1893.11,950,945,0.00,0.00,0,0,498461.56,33482518.00,33980980.00,33516000,498960
1668556239.935646,s2-eth3,52747.25,2445354.75,2498102.00,2447800,52800,799.20,843.16,1642.36,844,800,0.00,0.00,0,0,421978.03,19562838.00,19984816.00,19582400,422400
1668556239.935677,s1-eth3,12054897.00,175252.75,12230150.00,175428,12066952,2773.23,2655.34,5428.57,2658,2776,0.00,0.00,0,0,96439176.00,1402022.00,97841200.00,1403424,96535616
1668556239.935693,s1-eth2,115120.88,6633628.50,6748749.50,6640262,115236,1744.26,1793.21,3537.46,1795,1746,0.00,0.00,0,0,920967.06,53069028.00,53989996.00,53122096,921888
1668556239.935720,s2-eth1,6633628.50,115120.88,6748749.50,115236,6640262,1793.21,1744.26,3537.46,1746,1795,0.00,0.00,0,0,53069028.00,920967.06,53989996.00,921888,53122096
1668556239.935745,total,18978966.00,19052480.00,38031444.00,19071532,18997944,8967.03,8985.02,17952.05,8994,8976,0.00,0.00,0,0,151831728.00,152419840.00,304251552.00,152572256,151983552
1668556240.935940,lo,447.55,447.55,895.10,448,448,7.99,7.99,15.98,8,8,0.00,0.00,0,0,3580.42,3580.42,7160.84,3584,3584
1668556240.935998,eth0,303.70,207.79,511.49,208,304,4.00,3.00,6.99,3,4,0.00,0.00,0,0,2429.57,1662.34,4091.91,1664,2432
1668556240.936024,docker0,0.00,0.00,0.00,0,0,0.00,0.00,0.00,0,0,0.00,0.00,0,0,0.00,0.00,0.00,0,0
1668556240.936036,s1-eth1,58674.00,5347970.00,5406644.00,5347970,58674,889.00,973.00,1862.00,973,889,0.00,0.00,0,0,469392.00,42783760.00,43253152.00,42783760,469392
1668556240.936050,s2-eth2,63426.00,4255650.00,4319076.00,4255650,63426,961.00,965.00,1926.00,965,961,0.00,0.00,0,0,507408.00,34045200.00,34552608.00,34045200,507408
1668556240.936064,s2-eth3,54516.00,2527840.00,2582356.00,2527840,54516,826.00,872.00,1698.00,872,826,0.00,0.00,0,0,436128.00,20222720.00,20658848.00,20222720,436128
1668556240.936092,s1-eth3,12072550.00,176550.00,12249100.00,176550,12072550,2795.00,2675.00,5470.00,2675,2795,0.00,0.00,0,0,96580400.00,1412400.00,97992800.00,1412400,96580400
1668556240.936106,s1-eth2,117810.00,6774670.00,6892480.00,6774670,117810,1785.00,1835.00,3620.00,1835,1785,0.00,0.00,0,0,942480.00,54197360.00,55139840.00,54197360,942480
1668556240.936120,s2-eth1,6774670.00,117810.00,6892480.00,117810,6774670,1835.00,1785.00,3620.00,1785,1835,0.00,0.00,0,0,54197360.00,942480.00,55139840.00,942480,54197360
1668556240.936143,total,19142398.00,19201146.00,38343544.00,19201146,19142398,9103.00,9116.00,18219.00,9116,9103,0.00,0.00,0,0,153139184.00,153609168.00,306748352.00,153609168,153139184
1668556241.936406,lo,0.00,0.00,0.00,0,0,0.00,0.00,0.00,0,0,0.00,0.00,0,0,0.00,0.00,0.00,0,0
1668556241.936461,eth0,0.00,40.00,40.00,40,0,0.00,1.00,1.00,1,0,0.00,0.00,0,0,0.00,320.00,320.00,320,0
1668556241.936477,docker0,0.00,0.00,0.00,0,0,0.00,0.00,0.00,0,0,0.00,0.00,0,0,0.00,0.00,0.00,0,0
1668556241.936487,s1-eth1,57948.00,5293734.00,5351682.00,5293734,57948,878.00,963.00,1841.00,963,878,0.00,0.00,0,0,463584.00,42349872.00,42813456.00,42349872,463584
1668556241.936502,s2-eth2,62374.00,4185090.00,4247464.00,4185090,62374,945.00,949.00,1894.00,949,945,0.00,0.00,0,0,498992.00,33480720.00,33979712.00,33480720,498992
1668556241.936516,s2-eth3,57420.00,2656720.00,2714140.00,2656720,57420,870.00,916.00,1786.00,916,870,0.00,0.00,0,0,459360.00,21253760.00,21713120.00,21253760,459360
1668556241.936543,s1-eth3,12069394.00,177738.00,12247132.00,177738,12069394,2813.00,2693.00,5506.00,2693,2813,0.00,0.00,0,0,96555152.00,1421904.00,97977056.00,1421904,96555152
1668556241.936558,s1-eth2,119790.00,6846220.00,6966010.00,6846220,119790,1815.00,1866.00,3681.00,1866,1815,0.00,0.00,0,0,958320.00,54769760.00,55728080.00,54769760,958320
1668556241.936571,s2-eth1,6846220.00,119790.00,6966010.00,119790,6846220,1866.00,1815.00,3681.00,1815,1866,0.00,0.00,0,0,54769760.00,958320.00,55728080.00,958320,54769760
1668556241.936607,total,19213146.00,19279332.00,38492480.00,19279332,19213146,9187.00,9203.00,18390.00,9203,9187,0.00,0.00,0,0,153705168.00,154234656.00,307939840.00,154234656,153705168
1668556242.936861,lo,772.00,772.00,1544.00,772,772,6.00,6.00,12.00,6,6,0.00,0.00,0,0,6176.00,6176.00,12352.00,6176,6176
1668556242.936898,eth0,0.00,0.00,0.00,0,0,0.00,0.00,0.00,0,0,0.00,0.00,0,0,0.00,0.00,0.00,0,0
1668556242.936909,docker0,0.00,0.00,0.00,0,0,0.00,0.00,0.00,0,0,0.00,0.00,0,0,0.00,0.00,0.00,0,0
1668556242.936920,s1-eth1,62302.00,5028028.00,5090330.00,5028028,62302,931.00,974.00,1905.00,974,931,0.00,0.00,0,0,498416.00,40224224.00,40722640.00,40224224,498416
1668556242.936935,s2-eth2,62596.00,4037328.00,4099924.00,4037328,62596,940.00,948.00,1888.00,948,940,0.00,0.00,0,0,500768.00,32298624.00,32799392.00,32298624,500768
1668556242.936949,s2-eth3,57994.00,2645800.00,2703794.00,2645800,57994,871.00,926.00,1797.00,926,871,0.00,0.00,0,0,463952.00,21166400.00,21630352.00,21166400,463952
1668556242.936986,s1-eth3,12072974.00,182748.00,12255722.00,182748,12072974,2933.00,2740.00,5673.00,2740,2933,0.00,0.00,0,0,96583792.00,1461984.00,98045776.00,1461984,96583792
1668556242.937001,s1-eth2,120450.00,6683128.00,6803578.00,6683128,120450,1809.00,1874.00,3683.00,1874,1809,0.00,0.00,0,0,963600.00,53465024.00,54428624.00,53465024,963600
1668556242.937014,s2-eth1,6683128.00,120450.00,6803578.00,120450,6683128,1874.00,1809.00,3683.00,1809,1874,0.00,0.00,0,0,53465024.00,963600.00,54428624.00,963600,53465024
1668556242.937038,total,19060216.00,18698254.00,37758472.00,18698254,19060216,9364.00,9277.00,18641.00,9277,9364,0.00,0.00,0,0,152481728.00,149586032.00,302067776.00,149586032,152481728
1668556243.937201,lo,772.00,772.00,1544.00,772,772,6.00,6.00,12.00,6,6,0.00,0.00,0,0,6176.00,6176.00,12352.00,6176,6176
1668556243.937256,eth0,0.00,0.00,0.00,0,0,0.00,0.00,0.00,0,0,0.00,0.00,0,0,0.00,0.00,0.00,0,0
1668556243.937269,docker0,0.00,0.00,0.00,0,0,0.00,0.00,0.00,0,0,0.00,0.00,0,0,0.00,0.00,0.00,0,0
1668556243.937280,s1-eth1,55972.00,5109108.00,5165080.00,5109108,55972,848.00,930.00,1778.00,930,848,0.00,0.00,0,0,447776.00,40872864.00,41320640.00,40872864,447776
1668556243.937295,s2-eth2,60526.00,4079448.00,4139974.00,4079448,60526,917.00,928.00,1845.00,928,917,0.00,0.00,0,0,484208.00,32635584.00,33119792.00,32635584,484208
1668556243.937308,s2-eth3,64222.00,2976814.00,3041036.00,2976814,64222,973.00,1027.00,2000.00,1027,973,0.00,0.00,0,0,513776.00,23814512.00,24328288.00,23814512,513776
1668556243.937336,s1-eth3,12068152.00,180580.00,12248732.00,180580,12068152,2860.00,2736.00,5596.00,2736,2860,0.00,0.00,0,0,96545216.00,1444640.00,97989856.00,1444640,96545216
1668556243.937351,s1-eth2,124678.00,7054748.00,7179426.00,7054748,124678,1889.00,1954.00,3843.00,1954,1889,0.00,0.00,0,0,997424.00,56437984.00,57435408.00,56437984,997424
1668556243.937366,s2-eth1,7054748.00,124678.00,7179426.00,124678,7054748,1954.00,1889.00,3843.00,1889,1954,0.00,0.00,0,0,56437984.00,997424.00,57435408.00,997424,56437984
1668556243.937436,total,19429070.00,19526148.00,38955216.00,19526148,19429070,9447.00,9470.00,18917.00,9470,9447,0.00,0.00,0,0,155432560.00,156209184.00,311641728.00,156209184,155432560
1668556244.937689,lo,1158.00,1158.00,2316.00,1158,1158,9.00,9.00,18.00,9,9,0.00,0.00,0,0,9264.00,9264.00,18528.00,9264,9264
1668556244.937762,eth0,0.00,0.00,0.00,0,0,0.00,0.00,0.00,0,0,0.00,0.00,0,0,0.00,0.00,0.00,0,0
1668556244.938585,docker0,0.00,0.00,0.00,0,0,0.00,0.00,0.00,0,0,0.00,0.00,0,0,0.00,0.00,0.00,0,0
1668556244.938605,s1-eth1,64949.05,4961339.00,5026288.00,4966300,65014,984.02,1024.98,2008.99,1026,985,0.00,0.00,0,0,519592.41,39690712.00,40210304.00,39730400,520112
1668556244.938621,s2-eth2,61652.35,4141328.75,4202981.00,4145470,61714,934.07,940.06,1874.13,941,935,0.00,0.00,0,0,493218.78,33130630.00,33623848.00,33163760,493712
1668556244.938639,s2-eth3,65480.52,3027103.00,3092583.50,3030130,65546,992.01,1043.96,2035.96,1045,993,0.00,0.00,0,0,523844.16,24216824.00,24740668.00,24241040,524368
1668556244.938672,s1-eth3,12043827.00,191736.27,12235563.00,191928,12055870,2978.02,2905.09,5883.12,2908,2981,0.00,0.00,0,0,96350616.00,1533890.12,97884504.00,1535424,96446960
1668556244.938687,s1-eth2,127058.95,7174350.00,7301409.00,7181524,127186,1925.07,1986.01,3911.09,1988,1927,0.00,0.00,0,0,1016471.56,57394800.00,58411272.00,57452192,1017488
1668556244.938701,s2-eth1,7174350.00,127058.95,7301409.00,127186,7181524,1986.01,1925.07,3911.09,1927,1988,0.00,0.00,0,0,57394800.00,1016471.56,58411272.00,1017488,57452192
1668556244.938725,total,19538474.00,19624072.00,39162548.00,19643696,19558012,9808.19,9834.17,19642.36,9844,9818,0.00,0.00,0,0,156307792.00,156992576.00,313300384.00,157149568,156464096
1668556245.938934,lo,447.55,447.55,895.10,448,448,7.99,7.99,15.98,8,8,0.00,0.00,0,0,3580.42,3580.42,7160.84,3584,3584
1668556245.938972,eth0,303.70,207.79,511.49,208,304,4.00,3.00,6.99,3,4,0.00,0.00,0,0,2429.57,1662.34,4091.91,1664,2432
1668556245.939019,docker0,0.00,0.00,0.00,0,0,0.00,0.00,0.00,0,0,0.00,0.00,0,0,0.00,0.00,0.00,0,0
1668556245.939030,s1-eth1,72600.00,4881870.00,4954470.00,4881870,72600,1100.00,1107.00,2207.00,1107,1100,0.00,0.00,0,0,580800.00,39054960.00,39635760.00,39054960,580800
1668556245.939044,s2-eth2,60126.00,4030872.00,4090998.00,4030872,60126,911.00,916.00,1827.00,916,911,0.00,0.00,0,0,481008.00,32246976.00,32727984.00,32246976,481008
1668556245.939058,s2-eth3,69630.00,3231678.00,3301308.00,3231678,69630,1055.00,1115.00,2170.00,1115,1055,0.00,0.00,0,0,557040.00,25853424.00,26410464.00,25853424,557040
1668556245.939086,s1-eth3,12077874.00,202422.00,12280296.00,202422,12077874,3117.00,3067.00,6184.00,3067,3117,0.00,0.00,0,0,96622992.00,1619376.00,98242368.00,1619376,96622992
1668556245.939100,s1-eth2,129690.00,7258140.00,7387830.00,7258140,129690,1965.00,2030.00,3995.00,2030,1965,0.00,0.00,0,0,1037520.00,58065120.00,59102640.00,58065120,1037520
1668556245.939114,s2-eth1,7258140.00,129690.00,7387830.00,129690,7258140,2030.00,1965.00,3995.00,1965,2030,0.00,0.00,0,0,58065120.00,1037520.00,59102640.00,1037520,58065120
1668556245.939163,total,19668812.00,19735328.00,39404140.00,19735328,19668812,10190.00,10211.00,20401.00,10211,10190,0.00,0.00,0,0,157350496.00,157882624.00,315233120.00,157882624,157350496
1668556246.939381,lo,1158.00,1158.00,2316.00,1158,1158,9.00,9.00,18.00,9,9,0.00,0.00,0,0,9264.00,9264.00,18528.00,9264,9264
1668556246.939442,eth0,0.00,40.00,40.00,40,0,0.00,1.00,1.00,1,0,0.00,0.00,0,0,0.00,320.00,320.00,320,0
1668556246.939456,docker0,0.00,0.00,0.00,0,0,0.00,0.00,0.00,0,0,0.00,0.00,0,0,0.00,0.00,0.00,0,0
1668556246.939467,s1-eth1,71654.00,4761818.00,4833472.00,4761818,71654,1083.00,1087.00,2170.00,1087,1083,0.00,0.00,0,0,573232.00,38094544.00,38667776.00,38094544,573232
1668556246.939481,s2-eth2,61186.00,4105710.00,4166896.00,4105710,61186,927.00,931.00,1858.00,931,927,0.00,0.00,0,0,489488.00,32845680.00,33335168.00,32845680,489488
1668556246.939495,s2-eth3,69844.00,3230164.00,3300008.00,3230164,69844,1058.00,1114.00,2172.00,1114,1058,0.00,0.00,0,0,558752.00,25841312.00,26400064.00,25841312,558752
1668556246.939523,s1-eth3,12061958.00,202494.00,12264452.00,202494,12061958,3117.00,3065.00,6182.00,3065,3117,0.00,0.00,0,0,96495664.00,1619952.00,98115616.00,1619952,96495664
1668556246.939538,s1-eth2,130960.00,7335944.00,7466904.00,7335944,130960,1984.00,2046.00,4030.00,2046,1984,0.00,0.00,0,0,1047680.00,58687552.00,59735232.00,58687552,1047680
1668556246.939552,s2-eth1,7335944.00,130960.00,7466904.00,130960,7335944,2046.00,1984.00,4030.00,1984,2046,0.00,0.00,0,0,58687552.00,1047680.00,59735232.00,1047680,58687552
1668556246.939619,total,19732704.00,19768288.00,39500992.00,19768288,19732704,10224.00,10237.00,20461.00,10237,10224,0.00,0.00,0,0,157861632.00,158146304.00,316007936.00,158146304,157861632
1668556247.940040,lo,0.00,0.00,0.00,0,0,0.00,0.00,0.00,0,0,0.00,0.00,0,0,0.00,0.00,0.00,0,0
1668556247.940073,eth0,0.00,0.00,0.00,0,0,0.00,0.00,0.00,0,0,0.00,0.00,0,0,0.00,0.00,0.00,0,0
1668556247.940084,docker0,0.00,0.00,0.00,0,0,0.00,0.00,0.00,0,0,0.00,0.00,0,0,0.00,0.00,0.00,0,0
1668556247.940095,s1-eth1,78408.00,3608578.00,3686986.00,3608578,78408,1178.00,1253.00,2431.00,1253,1178,0.00,0.00,0,0,627264.00,28868624.00,29495888.00,28868624,627264
1668556247.940110,s2-eth2,66924.00,5838730.00,5905654.00,5838730,66924,1014.00,1081.00,2095.00,1081,1014,0.00,0.00,0,0,535392.00,46709840.00,47245232.00,46709840,535392
1668556247.940125,s2-eth3,53976.00,2488282.00,2542258.00,2488282,53976,810.00,865.00,1675.00,865,810,0.00,0.00,0,0,431808.00,19906256.00,20338064.00,19906256,431808
1668556247.940152,s1-eth3,12090402.00,199218.00,12289620.00,199218,12090402,3241.00,3001.00,6242.00,3001,3241,0.00,0.00,0,0,96723216.00,1593744.00,98316960.00,1593744,96723216
1668556247.940203,s1-eth2,120900.00,8325564.00,8446464.00,8325564,120900,1824.00,1946.00,3770.00,1946,1824,0.00,0.00,0,0,967200.00,66604512.00,67571712.00,66604512,967200
1668556247.940217,s2-eth1,8325564.00,120900.00,8446464.00,120900,8325564,1946.00,1824.00,3770.00,1824,1946,0.00,0.00,0,0,66604512.00,967200.00,67571712.00,967200,66604512
1668556247.940252,total,20736174.00,20581272.00,41317448.00,20581272,20736174,10013.00,9970.00,19983.00,9970,10013,0.00,0.00,0,0,165889392.00,164650176.00,330539584.00,164650176,165889392
1668556248.940403,lo,0.00,0.00,0.00,0,0,0.00,0.00,0.00,0,0,0.00,0.00,0,0,0.00,0.00,0.00,0,0
1668556248.940435,eth0,0.00,0.00,0.00,0,0,0.00,0.00,0.00,0,0,0.00,0.00,0,0,0.00,0.00,0.00,0,0
1668556248.940447,docker0,0.00,0.00,0.00,0,0,0.00,0.00,0.00,0,0,0.00,0.00,0,0,0.00,0.00,0.00,0,0
1668556248.940489,s1-eth1,80982.00,3754438.00,3835420.00,3754438,80982,1227.00,1291.00,2518.00,1291,1227,0.00,0.00,0,0,647856.00,30035504.00,30683360.00,30035504,647856
1668556248.940507,s2-eth2,62040.00,5666014.00,5728054.00,5666014,62040,940.00,1031.00,1971.00,1031,940,0.00,0.00,0,0,496320.00,45328112.00,45824432.00,45328112,496320
1668556248.940521,s2-eth3,59202.00,2744198.00,2803400.00,2744198,59202,897.00,947.00,1844.00,947,897,0.00,0.00,0,0,473616.00,21953584.00,22427200.00,21953584,473616
1668556248.940549,s1-eth3,12079082.00,202224.00,12281306.00,202224,12079082,3245.00,3064.00,6309.00,3064,3245,0.00,0.00,0,0,96632656.00,1617792.00,98250448.00,1617792,96632656
1668556248.940564,s1-eth2,121242.00,8410212.00,8531454.00,8410212,121242,1837.00,1978.00,3815.00,1978,1837,0.00,0.00,0,0,969936.00,67281696.00,68251632.00,67281696,969936
1668556248.940578,s2-eth1,8410212.00,121242.00,8531454.00,121242,8410212,1978.00,1837.00,3815.00,1837,1978,0.00,0.00,0,0,67281696.00,969936.00,68251632.00,969936,67281696
1668556248.940601,total,20812760.00,20898328.00,41711088.00,20898328,20812760,10124.00,10148.00,20272.00,10148,10124,0.00,0.00,0,0,166502080.00,167186624.00,333688704.00,167186624,166502080
1668556249.940848,lo,0.00,0.00,0.00,0,0,0.00,0.00,0.00,0,0,0.00,0.00,0,0,0.00,0.00,0.00,0,0
1668556249.940892,eth0,0.00,0.00,0.00,0,0,0.00,0.00,0.00,0,0,0.00,0.00,0,0,0.00,0.00,0.00,0,0
1668556249.941842,docker0,0.00,0.00,0.00,0,0,0.00,0.00,0.00,0,0,0.00,0.00,0,0,0.00,0.00,0.00,0,0
1668556249.941862,s1-eth1,71538.46,3747758.25,3819296.75,3751506,71610,1083.92,1091.91,2175.82,1093,1085,0.00,0.00,0,0,572307.69,29982066.00,30554374.00,30012048,572880
1668556249.941878,s2-eth2,60791.21,5540286.00,5601077.00,5545826,60852,921.08,1007.99,1929.07,1009,922,0.00,0.00,0,0,486329.69,44322288.00,44808616.00,44366608,486816
1668556249.941894,s2-eth3,61252.75,2836146.00,2897398.75,2838982,61314,928.07,978.02,1906.09,979,929,0.00,0.00,0,0,490022.00,22689168.00,23179190.00,22711856,490512
1668556249.941925,s1-eth3,12059491.00,193450.56,12252941.00,193644,12071550,3083.92,2931.07,6014.99,2934,3087,0.00,0.00,0,0,96475928.00,1547604.50,98023528.00,1549152,96572400
1668556249.941941,s1-eth2,122043.96,8376432.00,8498476.00,8384808,122166,1849.15,1986.01,3835.16,1988,1851,0.00,0.00,0,0,976351.69,67011456.00,67987808.00,67078464,977328
1668556249.941955,s2-eth1,8376432.00,122043.96,8498476.00,122166,8384808,1986.01,1849.15,3835.16,1851,1988,0.00,0.00,0,0,67011456.00,976351.69,67987808.00,977328,67078464
1668556249.941979,total,20751550.00,20816116.00,41567664.00,20836932,20772300,9852.15,9844.16,19696.30,9854,9862,0.00,0.00,0,0,166012400.00,166528928.00,332541312.00,166695456,166178400
1668556250.942215,lo,447.55,447.55,895.10,448,448,7.99,7.99,15.98,8,8,0.00,0.00,0,0,3580.42,3580.42,7160.84,3584,3584
1668556250.942253,eth0,303.70,207.79,511.49,208,304,4.00,3.00,6.99,3,4,0.00,0.00,0,0,2429.57,1662.34,4091.91,1664,2432
1668556250.942267,docker0,0.00,0.00,0.00,0,0,0.00,0.00,0.00,0,0,0.00,0.00,0,0,0.00,0.00,0.00,0,0
1668556250.942278,s1-eth1,56166.00,3779436.00,3835602.00,3779436,56166,851.00,858.00,1709.00,858,851,0.00,0.00,0,0,449328.00,30235488.00,30684816.00,30235488,449328
1668556250.942293,s2-eth2,59136.00,5402206.00,5461342.00,5402206,59136,896.00,983.00,1879.00,983,896,0.00,0.00,0,0,473088.00,43217648.00,43690736.00,43217648,473088
1668556250.942307,s2-eth3,64020.00,2962004.00,3026024.00,2962004,64020,970.00,1022.00,1992.00,1022,970,0.00,0.00,0,0,512160.00,23696032.00,24208192.00,23696032,512160
1668556250.942347,s1-eth3,12070190.00,179454.00,12249644.00,179454,12070190,2847.00,2719.00,5566.00,2719,2847,0.00,0.00,0,0,96561520.00,1435632.00,97997152.00,1435632,96561520
1668556250.942362,s1-eth2,123156.00,8356772.00,8479928.00,8356772,123156,1866.00,2002.00,3868.00,2002,1866,0.00,0.00,0,0,985248.00,66854176.00,67839424.00,66854176,985248
1668556250.942375,s2-eth1,8356772.00,123156.00,8479928.00,123156,8356772,2002.00,1866.00,3868.00,1866,2002,0.00,0.00,0,0,66854176.00,985248.00,67839424.00,985248,66854176
1668556250.942398,total,20730192.00,20803684.00,41533876.00,20803684,20730192,9444.00,9461.00,18905.00,9461,9444,0.00,0.00,0,0,165841536.00,166429472.00,332271008.00,166429472,165841536
1668556251.942684,lo,344.00,344.00,688.00,344,344,6.00,6.00,12.00,6,6,0.00,0.00,0,0,2752.00,2752.00,5504.00,2752,2752
1668556251.942721,eth0,0.00,40.00,40.00,40,0,0.00,1.00,1.00,1,0,0.00,0.00,0,0,0.00,320.00,320.00,320,0
1668556251.942757,docker0,0.00,0.00,0.00,0,0,0.00,0.00,0.00,0,0,0.00,0.00,0,0,0.00,0.00,0.00,0,0
1668556251.942770,s1-eth1,60060.00,4159216.00,4219276.00,4159216,60060,910.00,908.00,1818.00,908,910,0.00,0.00,0,0,480480.00,33273728.00,33754208.00,33273728,480480
1668556251.942784,s2-eth2,59246.00,4903826.00,4963072.00,4903826,59246,881.00,957.00,1838.00,957,881,0.00,0.00,0,0,473968.00,39230608.00,39704576.00,39230608,473968
1668556251.942798,s2-eth3,60390.00,2763946.00,2824336.00,2763946,60390,907.00,961.00,1868.00,961,907,0.00,0.00,0,0,483120.00,22111568.00,22594688.00,22111568,483120
1668556251.942825,s1-eth3,12070066.00,179696.00,12249762.00,179696,12070066,2889.00,2698.00,5587.00,2698,2889,0.00,0.00,0,0,96560528.00,1437568.00,97998096.00,1437568,96560528
1668556251.942841,s1-eth2,119702.00,7673696.00,7793398.00,7673696,119702,1789.00,1920.00,3709.00,1920,1789,0.00,0.00,0,0,957616.00,61389568.00,62347184.00,61389568,957616
1668556251.942855,s2-eth1,7673696.00,119702.00,7793398.00,119702,7673696,1920.00,1789.00,3709.00,1789,1920,0.00,0.00,0,0,61389568.00,957616.00,62347184.00,957616,61389568
1668556251.942879,total,20043504.00,19800466.00,39843968.00,19800466,20043504,9302.00,9240.00,18542.00,9240,9302,0.00,0.00,0,0,160348032.00,158403728.00,318751744.00,158403728,160348032
1668556252.943137,lo,0.00,0.00,0.00,0,0,0.00,0.00,0.00,0,0,0.00,0.00,0,0,0.00,0.00,0.00,0,0
1668556252.943170,eth0,90.00,76.00,166.00,76,90,1.00,1.00,2.00,1,1,0.00,0.00,0,0,720.00,608.00,1328.00,608,720
1668556252.943184,docker0,0.00,0.00,0.00,0,0,0.00,0.00,0.00,0,0,0.00,0.00,0,0,0.00,0.00,0.00,0,0
1668556252.943195,s1-eth1,62964.00,5731966.00,5794930.00,5731966,62964,954.00,1043.00,1997.00,1043,954,0.00,0.00,0,0,503712.00,45855728.00,46359440.00,45855728,503712
1668556252.943210,s2-eth2,59532.00,3999936.00,4059468.00,3999936,59532,902.00,908.00,1810.00,908,902,0.00,0.00,0,0,476256.00,31999488.00,32475744.00,31999488,476256
1668556252.943224,s2-eth3,51348.00,2385598.00,2436946.00,2385598,51348,778.00,823.00,1601.00,823,778,0.00,0.00,0,0,410784.00,19084784.00,19495568.00,19084784,410784
1668556252.943252,s1-eth3,12036474.00,173778.00,12210252.00,173778,12036474,2753.00,2633.00,5386.00,2633,2753,0.00,0.00,0,0,96291792.00,1390224.00,97682016.00,1390224,96291792
1668556252.943267,s1-eth2,110814.00,6388496.00,6499310.00,6388496,110814,1679.00,1732.00,3411.00,1732,1679,0.00,0.00,0,0,886512.00,51107968.00,51994480.00,51107968,886512
1668556252.943281,s2-eth1,6388496.00,110814.00,6499310.00,110814,6388496,1732.00,1679.00,3411.00,1679,1732,0.00,0.00,0,0,51107968.00,886512.00,51994480.00,886512,51107968
1668556252.943310,total,18709718.00,18790664.00,37500384.00,18790664,18709718,8799.00,8819.00,17618.00,8819,8799,0.00,0.00,0,0,149677744.00,150325312.00,300003072.00,150325312,149677744
1668556253.943531,lo,0.00,0.00,0.00,0,0,0.00,0.00,0.00,0,0,0.00,0.00,0,0,0.00,0.00,0.00,0,0
1668556253.943565,eth0,0.00,0.00,0.00,0,0,0.00,0.00,0.00,0,0,0.00,0.00,0,0,0.00,0.00,0.00,0,0
1668556253.943615,docker0,0.00,0.00,0.00,0,0,0.00,0.00,0.00,0,0,0.00,0.00,0,0,0.00,0.00,0.00,0,0
1668556253.943628,s1-eth1,60918.00,5563400.00,5624318.00,5563400,60918,923.00,1012.00,1935.00,1012,923,0.00,0.00,0,0,487344.00,44507200.00,44994544.00,44507200,487344
1668556253.943660,s2-eth2,58278.00,3924900.00,3983178.00,3924900,58278,883.00,890.00,1773.00,890,883,0.00,0.00,0,0,466224.00,31399200.00,31865424.00,31399200,466224
1668556253.943674,s2-eth3,57288.00,2655272.00,2712560.00,2655272,57288,868.00,916.00,1784.00,916,868,0.00,0.00,0,0,458304.00,21242176.00,21700480.00,21242176,458304
1668556253.943702,s1-eth3,12061164.00,176550.00,12237714.00,176550,12061164,2798.00,2675.00,5473.00,2675,2798,0.00,0.00,0,0,96489312.00,1412400.00,97901712.00,1412400,96489312
1668556253.943716,s1-eth2,115566.00,6575762.00,6691328.00,6575762,115566,1751.00,1805.00,3556.00,1805,1751,0.00,0.00,0,0,924528.00,52606096.00,53530624.00,52606096,924528
1668556253.943752,s2-eth1,6575762.00,115566.00,6691328.00,115566,6575762,1805.00,1751.00,3556.00,1751,1805,0.00,0.00,0,0,52606096.00,924528.00,53530624.00,924528,52606096
1668556253.943777,total,18928976.00,19011450.00,37940424.00,19011450,18928976,9028.00,9049.00,18077.00,9049,9028,0.00,0.00,0,0,151431808.00,152091600.00,303523392.00,152091600,151431808
1668556254.944032,lo,0.00,0.00,0.00,0,0,0.00,0.00,0.00,0,0,0.00,0.00,0,0,0.00,0.00,0.00,0,0
1668556254.944094,eth0,0.00,0.00,0.00,0,0,0.00,0.00,0.00,0,0,0.00,0.00,0,0,0.00,0.00,0.00,0,0
1668556254.945107,docker0,0.00,0.00,0.00,0,0,0.00,0.00,0.00,0,0,0.00,0.00,0,0,0.00,0.00,0.00,0,0
1668556254.945127,s1-eth1,59538.46,5420218.00,5479756.50,5425638,59598,902.10,986.01,1888.11,987,903,0.00,0.00,0,0,476307.72,43361744.00,43838052.00,43405104,476784
1668556254.945144,s2-eth2,59604.40,4004751.25,4064355.75,4008756,59664,903.10,909.09,1812.19,910,904,0.00,0.00,0,0,476835.19,32038010.00,32514846.00,32070048,477312
1668556254.945191,s2-eth3,58153.85,2694046.00,2752200.00,2696740,58212,881.12,929.07,1810.19,930,882,0.00,0.00,0,0,465230.78,21552368.00,22017600.00,21573920,465696
1668556254.945226,s1-eth3,12052800.00,177296.70,12230096.00,177474,12064852,2807.19,2686.31,5493.51,2689,2810,0.00,0.00,0,0,96422400.00,1418373.62,97840768.00,1419792,96518816
1668556254.945242,s1-eth2,117956.05,6707608.50,6825564.50,6714316,118074,1787.21,1840.16,3627.37,1842,1789,0.00,0.00,0,0,943648.38,53660868.00,54604516.00,53714528,944592
1668556254.945257,s2-eth1,6707608.50,117956.05,6825564.50,118074,6714316,1840.16,1787.21,3627.37,1789,1842,0.00,0.00,0,0,53660868.00,943648.38,54604516.00,944592,53714528
1668556254.945281,total,19055660.00,19121876.00,38177536.00,19140998,19074716,9120.88,9137.86,18258.74,9147,9130,0.00,0.00,0,0,152445280.00,152975008.00,305420288.00,153127984,152597728
1668556255.945512,lo,447.55,447.55,895.10,448,448,7.99,7.99,15.98,8,8,0.00,0.00,0,0,3580.42,3580.42,7160.84,3584,3584
1668556255.945548,eth0,303.70,207.79,511.49,208,304,4.00,3.00,6.99,3,4,0.00,0.00,0,0,2429.57,1662.34,4091.91,1664,2432
1668556255.945563,docker0,0.00,0.00,0.00,0,0,0.00,0.00,0.00,0,0,0.00,0.00,0,0,0.00,0.00,0.00,0,0
1668556255.945573,s1-eth1,58542.00,5336254.00,5394796.00,5336254,58542,887.00,971.00,1858.00,971,887,0.00,0.00,0,0,468336.00,42690032.00,43158368.00,42690032,468336
1668556255.945588,s2-eth2,59268.00,3977886.00,4037154.00,3977886,59268,898.00,903.00,1801.00,903,898,0.00,0.00,0,0,474144.00,31823088.00,32297232.00,31823088,474144
1668556255.945602,s2-eth3,60984.00,2821210.00,2882194.00,2821210,60984,924.00,973.00,1897.00,973,924,0.00,0.00,0,0,487872.00,22569680.00,23057552.00,22569680,487872
1668556255.945629,s1-eth3,12073544.00,178794.00,12252338.00,178794,12073544,2832.00,2709.00,5541.00,2709,2832,0.00,0.00,0,0,96588352.00,1430352.00,98018704.00,1430352,96588352
1668556255.945644,s1-eth2,120120.00,6790276.00,6910396.00,6790276,120120,1820.00,1874.00,3694.00,1874,1820,0.00,0.00,0,0,960960.00,54322208.00,55283168.00,54322208,960960
1668556255.945658,s2-eth1,6790276.00,120120.00,6910396.00,120120,6790276,1874.00,1820.00,3694.00,1820,1874,0.00,0.00,0,0,54322208.00,960960.00,55283168.00,960960,54322208
1668556255.945682,total,19163486.00,19225196.00,38388680.00,19225196,19163486,9247.00,9261.00,18508.00,9261,9247,0.00,0.00,0,0,153307888.00,153801568.00,307109440.00,153801568,153307888
1668556256.945909,lo,344.00,344.00,688.00,344,344,6.00,6.00,12.00,6,6,0.00,0.00,0,0,2752.00,2752.00,5504.00,2752,2752
1668556256.945946,eth0,0.00,40.00,40.00,40,0,0.00,1.00,1.00,1,0,0.00,0.00,0,0,0.00,320.00,320.00,320,0
1668556256.945988,docker0,0.00,0.00,0.00,0,0,0.00,0.00,0.00,0,0,0.00,0.00,0,0,0.00,0.00,0.00,0,0
1668556256.946000,s1-eth1,65636.00,4384460.00,4450096.00,4384460,65636,974.00,986.00,1960.00,986,974,0.00,0.00,0,0,525088.00,35075680.00,35600768.00,35075680,525088
1668556256.946015,s2-eth2,63516.00,3417398.00,3480914.00,3417398,63516,954.00,1011.00,1965.00,1011,954,0.00,0.00,0,0,508128.00,27339184.00,27847312.00,27339184,508128
1668556256.946029,s2-eth3,69828.00,3996936.00,4066764.00,3996936,69828,1058.00,1060.00,2118.00,1060,1058,0.00,0.00,0,0,558624.00,31975488.00,32534112.00,31975488,558624
1668556256.946057,s1-eth3,12053914.00,198980.00,12252894.00,198980,12053914,3105.00,2986.00,6091.00,2986,3105,0.00,0.00,0,0,96431312.00,1591840.00,98023152.00,1591840,96431312
1668556256.946072,s1-eth2,133278.00,7414334.00,7547612.00,7414334,133278,2011.00,2071.00,4082.00,2071,2011,0.00,0.00,0,0,1066224.00,59314672.00,60380896.00,59314672,1066224
1668556256.946086,s2-eth1,7414334.00,133278.00,7547612.00,133278,7414334,2071.00,2011.00,4082.00,2011,2071,0.00,0.00,0,0,59314672.00,1066224.00,60380896.00,1066224,59314672
1668556256.946143,total,19800850.00,19545770.00,39346620.00,19545770,19800850,10179.00,10132.00,20311.00,10132,10179,0.00,0.00,0,0,158406800.00,156366160.00,314772960.00,156366160,158406800
1668556257.946360,lo,0.00,0.00,0.00,0,0,0.00,0.00,0.00,0,0,0.00,0.00,0,0,0.00,0.00,0.00,0,0
1668556257.946396,eth0,0.00,0.00,0.00,0,0,0.00,0.00,0.00,0,0,0.00,0.00,0,0,0.00,0.00,0.00,0,0
1668556257.946407,docker0,0.00,0.00,0.00,0,0,0.00,0.00,0.00,0,0,0.00,0.00,0,0,0.00,0.00,0.00,0,0
1668556257.946418,s1-eth1,63558.00,4273422.00,4336980.00,4273422,63558,963.00,971.00,1934.00,971,963,0.00,0.00,0,0,508464.00,34187376.00,34695840.00,34187376,508464
1668556257.946433,s2-eth2,72666.00,3360558.00,3433224.00,3360558,72666,1101.00,1159.00,2260.00,1159,1101,0.00,0.00,0,0,581328.00,26884464.00,27465792.00,26884464,581328
1668556257.946447,s2-eth3,66990.00,4507086.00,4574076.00,4507086,66990,1015.00,1023.00,2038.00,1023,1015,0.00,0.00,0,0,535920.00,36056688.00,36592608.00,36056688,535920
1668556257.946476,s1-eth3,12067544.00,203346.00,12270890.00,203346,12067544,3136.00,3081.00,6217.00,3081,3136,0.00,0.00,0,0,96540352.00,1626768.00,98167120.00,1626768,96540352
1668556257.946490,s1-eth2,139788.00,7870540.00,8010328.00,7870540,139788,2118.00,2182.00,4300.00,2182,2118,0.00,0.00,0,0,1118304.00,62964320.00,64082624.00,62964320,1118304
1668556257.946504,s2-eth1,7870540.00,139788.00,8010328.00,139788,7870540,2182.00,2118.00,4300.00,2118,2182,0.00,0.00,0,0,62964320.00,1118304.00,64082624.00,1118304,62964320
1668556257.946528,total,20281086.00,20354740.00,40635824.00,20354740,20281086,10515.00,10534.00,21049.00,10534,10515,0.00,0.00,0,0,162248688.00,162837920.00,325086592.00,162837920,162248688
1668556258.946761,lo,0.00,0.00,0.00,0,0,0.00,0.00,0.00,0,0,0.00,0.00,0,0,0.00,0.00,0.00,0,0
1668556258.946794,eth0,0.00,0.00,0.00,0,0,0.00,0.00,0.00,0,0,0.00,0.00,0,0,0.00,0.00,0.00,0,0
1668556258.946806,docker0,0.00,0.00,0.00,0,0,0.00,0.00,0.00,0,0,0.00,0.00,0,0,0.00,0.00,0.00,0,0
1668556258.946817,s1-eth1,63294.00,4255848.00,4319142.00,4255848,63294,959.00,968.00,1927.00,968,959,0.00,0.00,0,0,506352.00,34046784.00,34553136.00,34046784,506352
1668556258.946850,s2-eth2,73128.00,3391692.00,3464820.00,3391692,73128,1108.00,1170.00,2278.00,1170,1108,0.00,0.00,0,0,585024.00,27133536.00,27718560.00,27133536,585024
1668556258.946865,s2-eth3,66924.00,4493790.00,4560714.00,4493790,66924,1014.00,1019.00,2033.00,1019,1014,0.00,0.00,0,0,535392.00,35950320.00,36485712.00,35950320,535392
1668556258.946893,s1-eth3,12051220.00,203214.00,12254434.00,203214,12051220,3130.00,3079.00,6209.00,3079,3130,0.00,0.00,0,0,96409760.00,1625712.00,98035472.00,1625712,96409760
1668556258.946908,s1-eth2,139920.00,7882586.00,8022506.00,7882586,139920,2120.00,2189.00,4309.00,2189,2120,0.00,0.00,0,0,1119360.00,63060688.00,64180048.00,63060688,1119360
1668556258.946934,s2-eth1,7882586.00,139920.00,8022506.00,139920,7882586,2189.00,2120.00,4309.00,2120,2189,0.00,0.00,0,0,63060688.00,1119360.00,64180048.00,1119360,63060688
1668556258.946957,total,20277072.00,20367050.00,40644120.00,20367050,20277072,10520.00,10545.00,21065.00,10545,10520,0.00,0.00,0,0,162216576.00,162936400.00,325152960.00,162936400,162216576
1668556259.947143,lo,0.00,0.00,0.00,0,0,0.00,0.00,0.00,0,0,0.00,0.00,0,0,0.00,0.00,0.00,0,0
1668556259.947185,eth0,0.00,0.00,0.00,0,0,0.00,0.00,0.00,0,0,0.00,0.00,0,0,0.00,0.00,0.00,0,0
1668556259.948346,docker0,0.00,0.00,0.00,0,0,0.00,0.00,0.00,0,0,0.00,0.00,0,0,0.00,0.00,0.00,0,0
1668556259.948365,s1-eth1,62817.18,3820499.50,3883316.75,3824320,62880,941.06,967.03,1908.09,968,942,0.00,0.00,0,0,502537.47,30563996.00,31066534.00,30594560,503040
1668556259.948382,s2-eth2,72127.88,3317786.25,3389914.25,3321104,72200,1076.92,1130.87,2207.79,1132,1078,0.00,0.00,0,0,577023.00,26542290.00,27119314.00,26568832,577600
1668556259.948397,s2-eth3,67756.24,4715924.00,4783680.50,4720640,67824,1026.97,1010.99,2037.96,1012,1028,0.00,0.00,0,0,542049.94,37727392.00,38269444.00,37765120,542592
1668556259.948458,s1-eth3,12049177.00,202569.44,12251747.00,202772,12061226,3169.83,3042.96,6212.79,3046,3173,0.00,0.00,0,0,96393416.00,1620555.50,98013976.00,1622176,96489808
1668556259.948477,s1-eth2,139950.05,8049820.50,8189770.50,8057870,140090,2104.90,2144.86,4249.75,2147,2107,0.00,0.00,0,0,1119600.38,64398564.00,65518164.00,64462960,1120720
1668556259.948492,s2-eth1,8049820.50,139950.05,8189770.50,140090,8057870,2144.86,2104.90,4249.75,2107,2147,0.00,0.00,0,0,64398564.00,1119600.38,65518164.00,1120720,64462960
1668556259.948517,total,20441648.00,20246550.00,40688200.00,20266796,20462090,10464.54,10401.60,20866.13,10412,10475,0.00,0.00,0,0,163533184.00,161972400.00,325505600.00,162134368,163696720
1668556260.948786,lo,447.55,447.55,895.10,448,448,7.99,7.99,15.98,8,8,0.00,0.00,0,0,3580.42,3580.42,7160.84,3584,3584
1668556260.948823,eth0,303.70,207.79,511.49,208,304,4.00,3.00,6.99,3,4,0.00,0.00,0,0,2429.57,1662.34,4091.91,1664,2432
1668556260.948838,docker0,0.00,0.00,0.00,0,0,0.00,0.00,0.00,0,0,0.00,0.00,0,0,0.00,0.00,0.00,0,0
1668556260.948849,s1-eth1,70422.00,3267222.00,3337644.00,3267222,70422,1067.00,1127.00,2194.00,1127,1067,0.00,0.00,0,0,563376.00,26137776.00,26701152.00,26137776,563376
1668556260.948864,s2-eth2,56430.00,2612290.00,2668720.00,2612290,56430,855.00,901.00,1756.00,901,855,0.00,0.00,0,0,451440.00,20898320.00,21349760.00,20898320,451440
1668556260.948878,s2-eth3,59466.00,6286860.00,6346326.00,6286860,59466,901.00,938.00,1839.00,938,901,0.00,0.00,0,0,475728.00,50294880.00,50770608.00,50294880,475728
1668556260.948905,s1-eth3,12076064.00,186648.00,12262712.00,186648,12076064,2936.00,2828.00,5764.00,2828,2936,0.00,0.00,0,0,96608512.00,1493184.00,98101696.00,1493184,96608512
1668556260.948951,s1-eth2,116028.00,8879996.00,8996024.00,8879996,116028,1758.00,1834.00,3592.00,1834,1758,0.00,0.00,0,0,928224.00,71039968.00,71968192.00,71039968,928224
1668556260.948969,s2-eth1,8879996.00,116028.00,8996024.00,116028,8879996,1834.00,1758.00,3592.00,1758,1834,0.00,0.00,0,0,71039968.00,928224.00,71968192.00,928224,71039968
1668556260.948993,total,21259158.00,21349700.00,42608856.00,21349700,21259158,9363.00,9397.00,18760.00,9397,9363,0.00,0.00,0,0,170073264.00,170797600.00,340870848.00,170797600,170073264
1668556261.949278,lo,344.00,344.00,688.00,344,344,6.00,6.00,12.00,6,6,0.00,0.00,0,0,2752.00,2752.00,5504.00,2752,2752
1668556261.949317,eth0,0.00,40.00,40.00,40,0,0.00,1.00,1.00,1,0,0.00,0.00,0,0,0.00,320.00,320.00,320,0
1668556261.949330,docker0,0.00,0.00,0.00,0,0,0.00,0.00,0.00,0,0,0.00,0.00,0,0,0.00,0.00,0.00,0,0
1668556261.949341,s1-eth1,73062.00,3379844.00,3452906.00,3379844,73062,1107.00,1166.00,2273.00,1166,1107,0.00,0.00,0,0,584496.00,27038752.00,27623248.00,27038752,584496
1668556261.949355,s2-eth2,60786.00,2821210.00,2881996.00,2821210,60786,921.00,973.00,1894.00,973,921,0.00,0.00,0,0,486288.00,22569680.00,23055968.00,22569680,486288
1668556261.949382,s2-eth3,65802.00,5964970.00,6030772.00,5964970,65802,997.00,1085.00,2082.00,1085,997,0.00,0.00,0,0,526416.00,47719760.00,48246176.00,47719760,526416
1668556261.949450,s1-eth3,12090526.00,199452.00,12289978.00,199452,12090526,3199.00,3022.00,6221.00,3022,3199,0.00,0.00,0,0,96724208.00,1595616.00,98319824.00,1595616,96724208
1668556261.949469,s1-eth2,126324.00,8792170.00,8918494.00,8792170,126324,1914.00,2061.00,3975.00,2061,1914,0.00,0.00,0,0,1010592.00,70337360.00,71347952.00,70337360,1010592
1668556261.949483,s2-eth1,8792170.00,126324.00,8918494.00,126324,8792170,2061.00,1914.00,3975.00,1914,2061,0.00,0.00,0,0,70337360.00,1010592.00,71347952.00,1010592,70337360
1668556261.949508,total,21209014.00,21284354.00,42493368.00,21284354,21209014,10205.00,10228.00,20433.00,10228,10205,0.00,0.00,0,0,169672112.00,170274832.00,339946944.00,170274832,169672112
1668556262.949707,lo,0.00,0.00,0.00,0,0,0.00,0.00,0.00,0,0,0.00,0.00,0,0,0.00,0.00,0.00,0,0
1668556262.949772,eth0,0.00,0.00,0.00,0,0,0.00,0.00,0.00,0,0,0.00,0.00,0,0,0.00,0.00,0.00,0,0
1668556262.949784,docker0,0.00,0.00,0.00,0,0,0.00,0.00,0.00,0,0,0.00,0.00,0,0,0.00,0.00,0.00,0,0
1668556262.949795,s1-eth1,74646.00,3392418.00,3467064.00,3392418,74646,1125.00,1181.00,2306.00,1181,1125,0.00,0.00,0,0,597168.00,27139344.00,27736512.00,27139344,597168
1668556262.949810,s2-eth2,61182.00,2834572.00,2895754.00,2834572,61182,927.00,978.00,1905.00,978,927,0.00,0.00,0,0,489456.00,22676576.00,23166032.00,22676576,489456
1668556262.949824,s2-eth3,64440.00,5769354.00,5833794.00,5769354,64440,970.00,1061.00,2031.00,1061,970,0.00,0.00,0,0,515520.00,46154832.00,46670352.00,46154832,515520
1668556262.949852,s1-eth3,12094610.00,200304.00,12294914.00,200304,12094610,3217.00,3022.00,6239.00,3022,3217,0.00,0.00,0,0,96756880.00,1602432.00,98359312.00,1602432,96756880
1668556262.949867,s1-eth2,125700.00,8609784.00,8735484.00,8609784,125700,1898.00,2040.00,3938.00,2040,1898,0.00,0.00,0,0,1005600.00,68878272.00,69883872.00,68878272,1005600
1668556262.949905,s2-eth1,8609784.00,125700.00,8735484.00,125700,8609784,2040.00,1898.00,3938.00,1898,2040,0.00,0.00,0,0,68878272.00,1005600.00,69883872.00,1005600,68878272
1668556262.949930,total,21030362.00,20932132.00,41962496.00,20932132,21030362,10177.00,10180.00,20357.00,10180,10177,0.00,0.00,0,0,168242896.00,167457056.00,335699968.00,167457056,168242896
1668556263.950166,lo,0.00,0.00,0.00,0,0,0.00,0.00,0.00,0,0,0.00,0.00,0,0,0.00,0.00,0.00,0,0
1668556263.950202,eth0,42.00,42.00,84.00,42,42,1.00,1.00,2.00,1,1,0.00,0.00,0,0,336.00,336.00,672.00,336,336
1668556263.950216,docker0,0.00,0.00,0.00,0,0,0.00,0.00,0.00,0,0,0.00,0.00,0,0,0.00,0.00,0.00,0,0
1668556263.950227,s1-eth1,78498.00,3582382.00,3660880.00,3582382,78498,1183.00,1251.00,2434.00,1251,1183,0.00,0.00,0,0,627984.00,28659056.00,29287040.00,28659056,627984
1668556263.950242,s2-eth2,65814.00,3047902.00,3113716.00,3047902,65814,987.00,1051.00,2038.00,1051,987,0.00,0.00,0,0,526512.00,24383216.00,24909728.00,24383216,526512
1668556263.950256,s2-eth3,63084.00,5350610.00,5413694.00,5350610,63084,952.00,1013.00,1965.00,1013,952,0.00,0.00,0,0,504672.00,42804880.00,43309552.00,42804880,504672
1668556263.950283,s1-eth3,12092926.00,207360.00,12300286.00,207360,12092926,3367.00,3122.00,6489.00,3122,3367,0.00,0.00,0,0,96743408.00,1658880.00,98402288.00,1658880,96743408
1668556263.950298,s1-eth2,128886.00,8391140.00,8520026.00,8391140,128886,1939.00,2062.00,4001.00,2062,1939,0.00,0.00,0,0,1031088.00,67129120.00,68160208.00,67129120,1031088
1668556263.950312,s2-eth1,8391140.00,128886.00,8520026.00,128886,8391140,2062.00,1939.00,4001.00,1939,2062,0.00,0.00,0,0,67129120.00,1031088.00,68160208.00,1031088,67129120
1668556263.950336,total,20820390.00,20708322.00,41528712.00,20708322,20820390,10491.00,10439.00,20930.00,10439,10491,0.00,0.00,0,0,166563120.00,165666576.00,332229696.00,165666576,166563120
1668556264.950576,lo,0.00,0.00,0.00,0,0,0.00,0.00,0.00,0,0,0.00,0.00,0,0,0.00,0.00,0.00,0,0
1668556264.950618,eth0,0.00,0.00,0.00,0,0,0.00,0.00,0.00,0,0,0.00,0.00,0,0,0.00,0.00,0.00,0,0
1668556264.951522,docker0,0.00,0.00,0.00,0,0,0.00,0.00,0.00,0,0,0.00,0.00,0,0,0.00,0.00,0.00,0,0
1668556264.951541,s1-eth1,68241.76,3745450.75,3813692.50,3749196,68310,1033.97,1056.94,2090.91,1058,1035,0.00,0.00,0,0,545934.06,29963606.00,30509540.00,29993568,546480
1668556264.951557,s2-eth2,70087.91,3249163.00,3319250.75,3252412,70158,1061.94,1120.88,2182.82,1122,1063,0.00,0.00,0,0,560703.31,25993304.00,26554006.00,26019296,561264
1668556264.951591,s2-eth3,56505.50,5168378.00,5224883.50,5173546,56562,856.14,940.06,1796.20,941,857,0.00,0.00,0,0,452043.97,41347024.00,41799068.00,41388368,452496
1668556264.951624,s1-eth3,12068636.00,194901.11,12263537.00,195096,12080704,3112.89,2953.05,6065.93,2956,3116,0.00,0.00,0,0,96549088.00,1559208.88,98108296.00,1560768,96645632
1668556264.951639,s1-eth2,126857.15,8424905.00,8551762.00,8433330,126984,1922.08,2062.94,3985.02,2065,1924,0.00,0.00,0,0,1014857.19,67399240.00,68414096.00,67466640,1015872
1668556264.951654,s2-eth1,8424905.00,126857.15,8551762.00,126984,8433330,2062.94,1922.08,3985.02,1924,2065,0.00,0.00,0,0,67399240.00,1014857.19,68414096.00,1015872,67466640
1668556264.951679,total,20815234.00,20909654.00,41724888.00,20930564,20836048,10049.95,10055.94,20105.89,10066,10060,0.00,0.00,0,0,166521872.00,167277232.00,333799104.00,167444512,166688384
1668556265.951955,lo,1111.89,1111.89,2223.78,1113,1113,16.98,16.98,33.97,17,17,0.00,0.00,0,0,8895.11,8895.11,17790.21,8904,8904
1668556265.951995,eth0,657.34,563.44,1220.78,564,658,6.99,6.99,13.99,7,7,0.00,0.00,0,0,5258.74,4507.49,9766.23,4512,5264
1668556265.952010,docker0,0.00,0.00,0.00,0,0,0.00,0.00,0.00,0,0,0.00,0.00,0,0,0.00,0.00,0.00,0,0
1668556265.952021,s1-eth1,56298.00,3792732.00,3849030.00,3792732,56298,853.00,862.00,1715.00,862,853,0.00,0.00,0,0,450384.00,30341856.00,30792240.00,30341856,450384
1668556265.952035,s2-eth2,70620.00,3267222.00,3337842.00,3267222,70620,1070.00,1127.00,2197.00,1127,1070,0.00,0.00,0,0,564960.00,26137776.00,26702736.00,26137776,564960
1668556265.952080,s2-eth3,56694.00,5102132.00,5158826.00,5102132,56694,859.00,934.00,1793.00,934,859,0.00,0.00,0,0,453552.00,40817056.00,41270608.00,40817056,453552
1668556265.952111,s1-eth3,12088300.00,183678.00,12271978.00,183678,12088300,2902.00,2783.00,5685.00,2783,2902,0.00,0.00,0,0,96706400.00,1469424.00,98175824.00,1469424,96706400
1668556265.952126,s1-eth2,127182.00,8366392.00,8493574.00,8366392,127182,1927.00,2060.00,3987.00,2060,1927,0.00,0.00,0,0,1017456.00,66931136.00,67948592.00,66931136,1017456
1668556265.952140,s2-eth1,8366392.00,127182.00,8493574.00,127182,8366392,2060.00,1927.00,3987.00,1927,2060,0.00,0.00,0,0,66931136.00,1017456.00,67948592.00,1017456,66931136
1668556265.952164,total,20767256.00,20841016.00,41608272.00,20841015,20767257,9695.00,9717.00,19412.00,9717,9695,0.00,0.00,0,0,166138048.00,166728128.00,332866176.00,166728120,166138056
1668556266.952382,lo,344.00,344.00,688.00,344,344,6.00,6.00,12.00,6,6,0.00,0.00,0,0,2752.00,2752.00,5504.00,2752,2752
1668556266.952454,eth0,0.00,40.00,40.00,40,0,0.00,1.00,1.00,1,0,0.00,0.00,0,0,0.00,320.00,320.00,320,0
1668556266.952469,docker0,0.00,0.00,0.00,0,0,0.00,0.00,0.00,0,0,0.00,0.00,0,0,0.00,0.00,0.00,0,0
1668556266.952480,s1-eth1,56694.00,3810240.00,3866934.00,3810240,56694,859.00,864.00,1723.00,864,859,0.00,0.00,0,0,453552.00,30481920.00,30935472.00,30481920,453552
1668556266.952495,s2-eth2,74910.00,3470218.00,3545128.00,3470218,74910,1135.00,1197.00,2332.00,1197,1135,0.00,0.00,0,0,599280.00,27761744.00,28361024.00,27761744,599280
1668556266.952509,s2-eth3,70356.00,4867782.00,4938138.00,4867782,70356,1066.00,1091.00,2157.00,1091,1066,0.00,0.00,0,0,562848.00,38942256.00,39505104.00,38942256,562848
1668556266.952537,s1-eth3,12069450.00,201894.00,12271344.00,201894,12069450,3121.00,3059.00,6180.00,3059,3121,0.00,0.00,0,0,96555600.00,1615152.00,98170752.00,1615152,96555600
1668556266.952552,s1-eth2,145200.00,8332142.00,8477342.00,8332142,145200,2200.00,2287.00,4487.00,2287,2200,0.00,0.00,0,0,1161600.00,66657136.00,67818736.00,66657136,1161600
1668556266.952599,s2-eth1,8332142.00,145200.00,8477342.00,145200,8332142,2287.00,2200.00,4487.00,2200,2287,0.00,0.00,0,0,66657136.00,1161600.00,67818736.00,1161600,66657136
1668556266.952641,total,20749096.00,20827860.00,41576956.00,20827860,20749096,10674.00,10705.00,21379.00,10705,10674,0.00,0.00,0,0,165992768.00,166622880.00,332615648.00,166622880,165992768
1668556267.952913,lo,117.00,117.00,234.00,117,117,2.00,2.00,4.00,2,2,0.00,0.00,0,0,936.00,936.00,1872.00,936,936
1668556267.952949,eth0,120.00,184.00,304.00,184,120,2.00,2.00,4.00,2,2,0.00,0.00,0,0,960.00,1472.00,2432.00,1472,960
1668556267.953003,docker0,0.00,0.00,0.00,0,0,0.00,0.00,0.00,0,0,0.00,0.00,0,0,0.00,0.00,0.00,0,0
1668556267.953014,s1-eth1,58410.00,3920490.00,3978900.00,3920490,58410,885.00,889.00,1774.00,889,885,0.00,0.00,0,0,467280.00,31363920.00,31831200.00,31363920,467280
1668556267.953031,s2-eth2,69276.00,3191856.00,3261132.00,3191856,69276,1042.00,1104.00,2146.00,1104,1042,0.00,0.00,0,0,554208.00,25534848.00,26089056.00,25534848,554208
1668556267.953045,s2-eth3,72402.00,4750824.00,4823226.00,4750824,72402,1087.00,1096.00,2183.00,1096,1087,0.00,0.00,0,0,579216.00,38006592.00,38585808.00,38006592,579216
1668556267.953074,s1-eth3,12074520.00,199956.00,12274476.00,199956,12074520,3132.00,3012.00,6144.00,3012,3132,0.00,0.00,0,0,96596160.00,1599648.00,98195808.00,1599648,96596160
1668556267.953088,s1-eth2,141612.00,7942614.00,8084226.00,7942614,141612,2128.00,2199.00,4327.00,2199,2128,0.00,0.00,0,0,1132896.00,63540912.00,64673808.00,63540912,1132896
1668556267.953102,s2-eth1,7942614.00,141612.00,8084226.00,141612,7942614,2199.00,2128.00,4327.00,2128,2199,0.00,0.00,0,0,63540912.00,1132896.00,64673808.00,1132896,63540912
1668556267.953142,total,20359072.00,20147652.00,40506724.00,20147653,20359071,10477.00,10432.00,20909.00,10432,10477,0.00,0.00,0,0,162872576.00,161181216.00,324053792.00,161181224,162872568
1668556268.953376,lo,279.00,279.00,558.00,279,279,4.00,4.00,8.00,4,4,0.00,0.00,0,0,2232.00,2232.00,4464.00,2232,2232
1668556268.953413,eth0,504.00,508.00,1012.00,508,504,6.00,6.00,12.00,6,6,0.00,0.00,0,0,4032.00,4064.00,8096.00,4064,4032
1668556268.953427,docker0,0.00,0.00,0.00,0,0,0.00,0.00,0.00,0,0,0.00,0.00,0,0,0.00,0.00,0.00,0,0
1668556268.953438,s1-eth1,64548.00,5777514.00,5842062.00,5777514,64548,978.00,1053.00,2031.00,1053,978,0.00,0.00,0,0,516384.00,46220112.00,46736496.00,46220112,516384
1668556268.953452,s2-eth2,58344.00,2708588.00,2766932.00,2708588,58344,884.00,934.00,1818.00,934,884,0.00,0.00,0,0,466752.00,21668704.00,22135456.00,21668704,466752
1668556268.953466,s2-eth3,78672.00,3693948.00,3772620.00,3693948,78672,1192.00,1274.00,2466.00,1274,1192,0.00,0.00,0,0,629376.00,29551584.00,30180960.00,29551584,629376
1668556268.953494,s1-eth3,12084676.00,201630.00,12286306.00,201630,12084676,3242.00,3055.00,6297.00,3055,3242,0.00,0.00,0,0,96677408.00,1613040.00,98290448.00,1613040,96677408
1668556268.953508,s1-eth2,136950.00,6405498.00,6542448.00,6405498,136950,2075.00,2209.00,4284.00,2209,2075,0.00,0.00,0,0,1095600.00,51243984.00,52339584.00,51243984,1095600
1668556268.953522,s2-eth1,6405498.00,136950.00,6542448.00,136950,6405498,2209.00,2075.00,4284.00,2075,2209,0.00,0.00,0,0,51243984.00,1095600.00,52339584.00,1095600,51243984
1668556268.953545,total,18829472.00,18924916.00,37754384.00,18924915,18829471,10590.00,10610.00,21200.00,10610,10590,0.00,0.00,0,0,150635776.00,151399328.00,302035072.00,151399320,150635768
1668556269.953782,lo,0.00,0.00,0.00,0,0,0.00,0.00,0.00,0,0,0.00,0.00,0,0,0.00,0.00,0.00,0,0
1668556269.953826,eth0,0.00,0.00,0.00,0,0,0.00,0.00,0.00,0,0,0.00,0.00,0,0,0.00,0.00,0.00,0,0
1668556269.953846,docker0,0.00,0.00,0.00,0,0,0.00,0.00,0.00,0,0,0.00,0.00,0,0,0.00,0.00,0.00,0,0
1668556269.953857,s1-eth1,60852.00,5553198.00,5614050.00,5553198,60852,922.00,1011.00,1933.00,1011,922,0.00,0.00,0,0,486816.00,44425584.00,44912400.00,44425584,486816
1668556269.953873,s2-eth2,62172.00,2884992.00,2947164.00,2884992,62172,942.00,996.00,1938.00,996,942,0.00,0.00,0,0,497376.00,23079936.00,23577312.00,23079936,497376
1668556269.953889,s2-eth3,80388.00,3716196.00,3796584.00,3716196,80388,1218.00,1282.00,2500.00,1282,1218,0.00,0.00,0,0,643104.00,29729568.00,30372672.00,29729568,643104
1668556269.953928,s1-eth3,12082048.00,203544.00,12285592.00,203544,12082048,3268.00,3084.00,6352.00,3084,3268,0.00,0.00,0,0,96656384.00,1628352.00,98284736.00,1628352,96656384
1668556269.953943,s1-eth2,142758.00,6601188.00,6743946.00,6601188,142758,2163.00,2278.00,4441.00,2278,2163,0.00,0.00,0,0,1142064.00,52809504.00,53951568.00,52809504,1142064
1668556269.953957,s2-eth1,6601188.00,142758.00,6743946.00,142758,6601188,2278.00,2163.00,4441.00,2163,2278,0.00,0.00,0,0,52809504.00,1142064.00,53951568.00,1142064,52809504
1668556269.953981,total,19029406.00,19101876.00,38131280.00,19101876,19029406,10791.00,10814.00,21605.00,10814,10791,0.00,0.00,0,0,152235248.00,152815008.00,305050240.00,152815008,152235248
1668556270.954233,lo,567.00,567.00,1134.00,567,567,10.00,10.00,20.00,10,10,0.00,0.00,0,0,4536.00,4536.00,9072.00,4536,4536
1668556270.954269,eth0,358.00,300.00,658.00,300,358,5.00,4.00,9.00,4,5,0.00,0.00,0,0,2864.00,2400.00,5264.00,2400,2864
1668556270.954283,docker0,0.00,0.00,0.00,0,0,0.00,0.00,0.00,0,0,0.00,0.00,0,0,0.00,0.00,0.00,0,0
1668556270.954314,s1-eth1,59400.00,5419780.00,5479180.00,5419780,59400,900.00,986.00,1886.00,986,900,0.00,0.00,0,0,475200.00,43358240.00,43833440.00,43358240,475200
1668556270.954328,s2-eth2,64614.00,2990110.00,3054724.00,2990110,64614,979.00,1031.00,2010.00,1031,979,0.00,0.00,0,0,516912.00,23920880.00,24437792.00,23920880,516912
1668556270.954342,s2-eth3,80112.00,3695264.00,3775376.00,3695264,80112,1210.00,1272.00,2482.00,1272,1210,0.00,0.00,0,0,640896.00,29562112.00,30203008.00,29562112,640896
1668556270.954370,s1-eth3,12080274.00,203964.00,12284238.00,203964,12080274,3285.00,3086.00,6371.00,3086,3285,0.00,0.00,0,0,96642192.00,1631712.00,98273904.00,1631712,96642192
1668556270.954385,s1-eth2,144618.00,6685374.00,6829992.00,6685374,144618,2187.00,2303.00,4490.00,2303,2187,0.00,0.00,0,0,1156944.00,53482992.00,54639936.00,53482992,1156944
1668556270.954399,s2-eth1,6685374.00,144618.00,6829992.00,144618,6685374,2303.00,2187.00,4490.00,2187,2303,0.00,0.00,0,0,53482992.00,1156944.00,54639936.00,1156944,53482992
1668556270.954422,total,19115316.00,19139976.00,38255296.00,19139977,19115317,10879.00,10879.00,21758.00,10879,10879,0.00,0.00,0,0,152922528.00,153119808.00,306042368.00,153119816,152922536
1668556271.954671,lo,344.00,344.00,688.00,344,344,6.00,6.00,12.00,6,6,0.00,0.00,0,0,2752.00,2752.00,5504.00,2752,2752
1668556271.954708,eth0,0.00,40.00,40.00,40,0,0.00,1.00,1.00,1,0,0.00,0.00,0,0,0.00,320.00,320.00,320,0
1668556271.954721,docker0,0.00,0.00,0.00,0,0,0.00,0.00,0.00,0,0,0.00,0.00,0,0,0.00,0.00,0.00,0,0
1668556271.954732,s1-eth1,61380.00,6195182.00,6256562.00,6195182,61380,930.00,975.00,1905.00,975,930,0.00,0.00,0,0,491040.00,49561456.00,50052496.00,49561456,491040
1668556271.954747,s2-eth2,77550.00,3587250.00,3664800.00,3587250,77550,1175.00,1237.00,2412.00,1237,1175,0.00,0.00,0,0,620400.00,28698000.00,29318400.00,28698000,620400
1668556271.954760,s2-eth3,49584.00,2277716.00,2327300.00,2277716,49584,746.00,790.00,1536.00,790,746,0.00,0.00,0,0,396672.00,18221728.00,18618400.00,18221728,396672
1668556271.954788,s1-eth3,12057516.00,188544.00,12246060.00,188544,12057516,3006.00,2852.00,5858.00,2852,3006,0.00,0.00,0,0,96460128.00,1508352.00,97968480.00,1508352,96460128
1668556271.954803,s1-eth2,127110.00,5862004.00,5989114.00,5862004,127110,1921.00,2026.00,3947.00,2026,1921,0.00,0.00,0,0,1016880.00,46896032.00,47912912.00,46896032,1016880
1668556271.954842,s2-eth1,5862004.00,127110.00,5989114.00,127110,5862004,2026.00,1921.00,3947.00,1921,2026,0.00,0.00,0,0,46896032.00,1016880.00,47912912.00,1016880,46896032
1668556271.954867,total,18235488.00,18238190.00,36473680.00,18238190,18235488,9810.00,9808.00,19618.00,9808,9810,0.00,0.00,0,0,145883904.00,145905520.00,291789440.00,145905520,145883904
1668556272.955099,lo,0.00,0.00,0.00,0,0,0.00,0.00,0.00,0,0,0.00,0.00,0,0,0.00,0.00,0.00,0,0
1668556272.955132,eth0,0.00,0.00,0.00,0,0,0.00,0.00,0.00,0,0,0.00,0.00,0,0,0.00,0.00,0.00,0,0
1668556272.955144,docker0,0.00,0.00,0.00,0,0,0.00,0.00,0.00,0,0,0.00,0.00,0,0,0.00,0.00,0.00,0,0
1668556272.955189,s1-eth1,66528.00,6055868.00,6122396.00,6055868,66528,1008.00,1102.00,2110.00,1102,1008,0.00,0.00,0,0,532224.00,48446944.00,48979168.00,48446944,532224
1668556272.955206,s2-eth2,79860.00,3683614.00,3763474.00,3683614,79860,1210.00,1271.00,2481.00,1271,1210,0.00,0.00,0,0,638880.00,29468912.00,30107792.00,29468912,638880
1668556272.955220,s2-eth3,51942.00,2416732.00,2468674.00,2416732,51942,787.00,834.00,1621.00,834,787,0.00,0.00,0,0,415536.00,19333856.00,19749392.00,19333856,415536
1668556272.955248,s1-eth3,12085258.00,198330.00,12283588.00,198330,12085258,3185.00,3005.00,6190.00,3005,3185,0.00,0.00,0,0,96682064.00,1586640.00,98268704.00,1586640,96682064
1668556272.955263,s1-eth2,131868.00,6098832.00,6230700.00,6098832,131868,1998.00,2104.00,4102.00,2104,1998,0.00,0.00,0,0,1054944.00,48790656.00,49845600.00,48790656,1054944
1668556272.955277,s2-eth1,6098832.00,131868.00,6230700.00,131868,6098832,2104.00,1998.00,4102.00,1998,2104,0.00,0.00,0,0,48790656.00,1054944.00,49845600.00,1054944,48790656
1668556272.955301,total,18514288.00,18585244.00,37099532.00,18585244,18514288,10292.00,10314.00,20606.00,10314,10292,0.00,0.00,0,0,148114304.00,148681952.00,296796256.00,148681952,148114304
1668556273.955457,lo,0.00,0.00,0.00,0,0,0.00,0.00,0.00,0,0,0.00,0.00,0,0,0.00,0.00,0.00,0,0
1668556273.955523,eth0,0.00,0.00,0.00,0,0,0.00,0.00,0.00,0,0,0.00,0.00,0,0,0.00,0.00,0.00,0,0
1668556273.955536,docker0,0.00,0.00,0.00,0,0,0.00,0.00,0.00,0,0,0.00,0.00,0,0,0.00,0.00,0.00,0,0
1668556273.955547,s1-eth1,64878.00,7504900.00,7569778.00,7504900,64878,983.00,986.00,1969.00,986,983,0.00,0.00,0,0,519024.00,60039200.00,60558224.00,60039200,519024
1668556273.955562,s2-eth2,56200.00,2557988.00,2614188.00,2557988,56200,842.00,890.00,1732.00,890,842,0.00,0.00,0,0,449600.00,20463904.00,20913504.00,20463904,449600
1668556273.955576,s2-eth3,40654.00,1848424.00,1889078.00,1848424,40654,609.00,648.00,1257.00,648,609,0.00,0.00,0,0,325232.00,14787392.00,15112624.00,14787392,325232
1668556273.955604,s1-eth3,12046516.00,161526.00,12208042.00,161526,12046516,2598.00,2431.00,5029.00,2431,2598,0.00,0.00,0,0,96372128.00,1292208.00,97664336.00,1292208,96372128
1668556273.955619,s1-eth2,96648.00,4410888.00,4507536.00,4410888,96648,1448.00,1540.00,2988.00,1540,1448,0.00,0.00,0,0,773184.00,35287104.00,36060288.00,35287104,773184
1668556273.955654,s2-eth1,4410888.00,96648.00,4507536.00,96648,4410888,1540.00,1448.00,2988.00,1448,1540,0.00,0.00,0,0,35287104.00,773184.00,36060288.00,773184,35287104
1668556273.955679,total,16715784.00,16580374.00,33296158.00,16580374,16715784,8020.00,7943.00,15963.00,7943,8020,0.00,0.00,0,0,133726272.00,132642992.00,266369264.00,132642992,133726272
1668556274.955851,lo,0.00,0.00,0.00,0,0,0.00,0.00,0.00,0,0,0.00,0.00,0,0,0.00,0.00,0.00,0,0
1668556274.955893,eth0,0.00,0.00,0.00,0,0,0.00,0.00,0.00,0,0,0.00,0.00,0,0,0.00,0.00,0.00,0,0
1668556274.956730,docker0,0.00,0.00,0.00,0,0,0.00,0.00,0.00,0,0,0.00,0.00,0,0,0.00,0.00,0.00,0,0
1668556274.956751,s1-eth1,62439.56,7437760.50,7500200.00,7445198,62502,946.05,958.04,1904.10,959,947,0.00,0.00,0,0,499516.50,59502084.00,60001600.00,59561584,500016
1668556274.956768,s2-eth2,57164.84,2649660.50,2706825.25,2652310,57222,866.13,914.09,1780.22,915,867,0.00,0.00,0,0,457318.69,21197284.00,21654602.00,21218480,457776
1668556274.956783,s2-eth3,43516.48,2023526.50,2067043.00,2025550,43560,659.34,698.30,1357.64,699,660,0.00,0.00,0,0,348131.88,16188212.00,16536344.00,16204400,348480
1668556274.956814,s1-eth3,12031053.00,163318.69,12194372.00,163482,12043084,2543.46,2474.53,5017.98,2477,2546,0.00,0.00,0,0,96248424.00,1306549.50,97554976.00,1307856,96344672
1668556274.956829,s1-eth2,100945.05,4679105.00,4780050.00,4683784,101046,1529.47,1614.39,3143.86,1616,1531,0.00,0.00,0,0,807560.44,37432840.00,38240400.00,37470272,808368
1668556274.956844,s2-eth1,4679105.00,100945.05,4780050.00,101046,4683784,1614.39,1529.47,3143.86,1531,1616,0.00,0.00,0,0,37432840.00,807560.44,38240400.00,808368,37470272
1668556274.956899,total,16974224.00,17054316.00,34028540.00,17071370,16991198,8158.84,8188.81,16347.65,8197,8167,0.00,0.00,0,0,135793792.00,136434528.00,272228320.00,136570960,135929584
1668556275.957060,lo,1218.78,1218.78,2437.56,1220,1220,13.99,13.99,27.97,14,14,0.00,0.00,0,0,9750.25,9750.25,19500.50,9760,9760
1668556275.957099,eth0,303.70,207.79,511.49,208,304,4.00,3.00,6.99,3,4,0.00,0.00,0,0,2429.57,1662.34,4091.91,1664,2432
1668556275.957140,docker0,0.00,0.00,0.00,0,0,0.00,0.00,0.00,0,0,0.00,0.00,0,0,0.00,0.00,0.00,0,0
1668556275.957153,s1-eth1,64288.00,7130656.00,7194944.00,7130656,64288,974.00,976.00,1950.00,976,974,0.00,0.00,0,0,514304.00,57045248.00,57559552.00,57045248,514304
1668556275.957168,s2-eth2,60922.00,2824172.00,2885094.00,2824172,60922,923.00,974.00,1897.00,974,923,0.00,0.00,0,0,487376.00,22593376.00,23080752.00,22593376,487376
1668556275.957182,s2-eth3,47062.00,2175164.00,2222226.00,2175164,47062,713.00,750.00,1463.00,750,713,0.00,0.00,0,0,376496.00,17401312.00,17777808.00,17401312,376496
1668556275.957210,s1-eth3,12053244.00,171934.00,12225178.00,171934,12053244,2678.00,2605.00,5283.00,2605,2678,0.00,0.00,0,0,96425952.00,1375472.00,97801424.00,1375472,96425952
1668556275.957225,s1-eth2,107584.00,4996374.00,5103958.00,4996374,107584,1630.00,1723.00,3353.00,1723,1630,0.00,0.00,0,0,860672.00,39970992.00,40831664.00,39970992,860672
1668556275.957239,s2-eth1,4996374.00,107584.00,5103958.00,107584,4996374,1723.00,1630.00,3353.00,1630,1723,0.00,0.00,0,0,39970992.00,860672.00,40831664.00,860672,39970992
1668556275.957262,total,17330998.00,17407312.00,34738312.00,17407312,17330998,8659.00,8675.00,17334.00,8675,8659,0.00,0.00,0,0,138647984.00,139258496.00,277906496.00,139258496,138647984
1668556276.957503,lo,1641.00,1641.00,3282.00,1641,1641,23.00,23.00,46.00,23,23,0.00,0.00,0,0,13128.00,13128.00,26256.00,13128,13128
1668556276.957542,eth0,916.00,844.00,1760.00,844,916,8.00,9.00,17.00,9,8,0.00,0.00,0,0,7328.00,6752.00,14080.00,6752,7328
1668556276.957592,docker0,0.00,0.00,0.00,0,0,0.00,0.00,0.00,0,0,0.00,0.00,0,0,0.00,0.00,0.00,0,0
1668556276.957604,s1-eth1,62106.00,6896864.00,6958970.00,6896864,62106,941.00,944.00,1885.00,944,941,0.00,0.00,0,0,496848.00,55174912.00,55671760.00,55174912,496848
1668556276.957618,s2-eth2,62370.00,2884926.00,2947296.00,2884926,62370,945.00,995.00,1940.00,995,945,0.00,0.00,0,0,498960.00,23079408.00,23578368.00,23079408,498960
1668556276.957632,s2-eth3,50094.00,2318920.00,2369014.00,2318920,50094,759.00,800.00,1559.00,800,759,0.00,0.00,0,0,400752.00,18551360.00,18952112.00,18551360,400752
1668556276.957659,s1-eth3,12040286.00,174570.00,12214856.00,174570,12040286,2723.00,2645.00,5368.00,2645,2723,0.00,0.00,0,0,96322288.00,1396560.00,97718848.00,1396560,96322288
1668556276.957674,s1-eth2,112464.00,5203846.00,5316310.00,5203846,112464,1704.00,1795.00,3499.00,1795,1704,0.00,0.00,0,0,899712.00,41630768.00,42530480.00,41630768,899712
1668556276.957688,s2-eth1,5203846.00,112464.00,5316310.00,112464,5203846,1795.00,1704.00,3499.00,1704,1795,0.00,0.00,0,0,41630768.00,899712.00,42530480.00,899712,41630768
1668556276.957711,total,17533724.00,17594076.00,35127800.00,17594075,17533723,8898.00,8915.00,17813.00,8915,8898,0.00,0.00,0,0,140269792.00,140752608.00,281022400.00,140752600,140269784
