1669089512.689116,lo,0.00,0.00,0.00,0,0,0.00,0.00,0.00,0,0,0.00,0.00,0,0,0.00,0.00,0.00,0,0
1669089512.689173,eth0,0.00,0.00,0.00,0,0,0.00,0.00,0.00,0,0,0.00,0.00,0,0,0.00,0.00,0.00,0,0
1669089512.689186,docker0,0.00,0.00,0.00,0,0,0.00,0.00,0.00,0,0,0.00,0.00,0,0,0.00,0.00,0.00,0,0
1669089512.689200,s1-eth1,0.00,0.00,0.00,0,0,0.00,0.00,0.00,0,0,0.00,0.00,0,0,0.00,0.00,0.00,0,0
1669089512.689210,s2-eth2,0.00,0.00,0.00,0,0,0.00,0.00,0.00,0,0,0.00,0.00,0,0,0.00,0.00,0.00,0,0
1669089512.689219,s2-eth3,0.00,0.00,0.00,0,0,0.00,0.00,0.00,0,0,0.00,0.00,0,0,0.00,0.00,0.00,0,0
1669089512.689245,s1-eth3,0.00,0.00,0.00,0,0,0.00,0.00,0.00,0,0,0.00,0.00,0,0,0.00,0.00,0.00,0,0
1669089512.689255,s1-eth2,0.00,0.00,0.00,0,0,0.00,0.00,0.00,0,0,0.00,0.00,0,0,0.00,0.00,0.00,0,0
1669089512.689264,s2-eth1,0.00,0.00,0.00,0,0,0.00,0.00,0.00,0,0,0.00,0.00,0,0,0.00,0.00,0.00,0,0
1669089512.689288,total,0.00,0.00,0.00,0,0,0.00,0.00,0.00,0,0,0.00,0.00,0,0,0.00,0.00,0.00,0,0
1669089513.689552,lo,9273.00,9273.00,18546.00,9273,9273,72.00,72.00,144.00,72,72,0.00,0.00,0,0,74184.00,74184.00,148368.00,74184,74184
1669089513.689607,eth0,382.00,316.00,698.00,316,382,5.00,4.00,9.00,4,5,0.00,0.00,0,0,3056.00,2528.00,5584.00,2528,3056
1669089513.689645,docker0,0.00,0.00,0.00,0,0,0.00,0.00,0.00,0,0,0.00,0.00,0,0,0.00,0.00,0.00,0,0
1669089513.689657,s1-eth1,77328.00,5679060.00,5756388.00,5679060,77328,934.00,1160.00,2094.00,1160,934,0.00,0.00,0,0,618624.00,45432480.00,46051104.00,45432480,618624
1669089513.689672,s2-eth2,60438.00,4615136.00,4675574.00,4615136,60438,741.00,970.00,1711.00,970,741,0.00,0.00,0,0,483504.00,36921088.00,37404592.00,36921088,483504
1669089513.689686,s2-eth3,42862.00,2676538.00,2719400.00,2676538,42862,525.00,821.00,1346.00,821,525,0.00,0.00,0,0,342896.00,21412304.00,21755200.00,21412304,342896
1669089513.689717,s1-eth3,12036670.00,178434.00,12215104.00,178434,12036670,2707.00,2175.00,4882.00,2175,2707,0.00,0.00,0,0,96293360.00,1427472.00,97720832.00,1427472,96293360
1669089513.689732,s1-eth2,102182.00,7290476.00,7392658.00,7290476,102182,1253.00,1794.00,3047.00,1794,1253,0.00,0.00,0,0,817456.00,58323808.00,59141264.00,58323808,817456
1669089513.689745,s2-eth1,7290476.00,102182.00,7392658.00,102182,7290476,1794.00,1253.00,3047.00,1253,1794,0.00,0.00,0,0,58323808.00,817456.00,59141264.00,817456,58323808
1669089513.689786,total,19619612.00,20551416.00,40171024.00,20551415,19619611,8031.00,8249.00,16280.00,8249,8031,0.00,0.00,0,0,156956896.00,164411328.00,321368192.00,164411320,156956888
1669089514.690082,lo,3199.00,3199.00,6398.00,3199,3199,33.00,33.00,66.00,33,33,0.00,0.00,0,0,25592.00,25592.00,51184.00,25592,25592
1669089514.690131,eth0,1914.00,1092.00,3006.00,1092,1914,15.00,11.00,26.00,11,15,0.00,0.00,0,0,15312.00,8736.00,24048.00,8736,15312
1669089514.690146,docker0,0.00,0.00,0.00,0,0,0.00,0.00,0.00,0,0,0.00,0.00,0,0,0.00,0.00,0.00,0,0
1669089514.690157,s1-eth1,56232.00,5097392.00,5153624.00,5097392,56232,852.00,928.00,1780.00,928,852,0.00,0.00,0,0,449856.00,40779136.00,41228992.00,40779136,449856
1669089514.690172,s2-eth2,68334.00,4630500.00,4698834.00,4630500,68334,1035.00,1050.00,2085.00,1050,1035,0.00,0.00,0,0,546672.00,37044000.00,37590672.00,37044000,546672
1669089514.690185,s2-eth3,52560.00,2440428.00,2492988.00,2440428,52560,796.00,842.00,1638.00,842,796,0.00,0.00,0,0,420480.00,19523424.00,19943904.00,19523424,420480
1669089514.690215,s1-eth3,12063796.00,177012.00,12240808.00,177012,12063796,2794.00,2682.00,5476.00,2682,2794,0.00,0.00,0,0,96510368.00,1416096.00,97926464.00,1416096,96510368
1669089514.690230,s1-eth2,120870.00,7063556.00,7184426.00,7063556,120870,1831.00,1890.00,3721.00,1890,1831,0.00,0.00,0,0,966960.00,56508448.00,57475408.00,56508448,966960
1669089514.690243,s2-eth1,7063556.00,120870.00,7184426.00,120870,7063556,1890.00,1831.00,3721.00,1831,1890,0.00,0.00,0,0,56508448.00,966960.00,57475408.00,966960,56508448
1669089514.690272,total,19430460.00,19534048.00,38964512.00,19534049,19430461,9246.00,9267.00,18513.00,9267,9246,0.00,0.00,0,0,155443680.00,156272384.00,311716096.00,156272392,155443688
1669089515.690554,lo,118.00,118.00,236.00,118,118,2.00,2.00,4.00,2,2,0.00,0.00,0,0,944.00,944.00,1888.00,944,944
1669089515.690619,eth0,144.00,168.00,312.00,168,144,2.00,2.00,4.00,2,2,0.00,0.00,0,0,1152.00,1344.00,2496.00,1344,1152
1669089515.690633,docker0,0.00,0.00,0.00,0,0,0.00,0.00,0.00,0,0,0.00,0.00,0,0,0.00,0.00,0.00,0,0
1669089515.690644,s1-eth1,64944.00,4970186.00,5035130.00,4970186,64944,984.00,1041.00,2025.00,1041,984,0.00,0.00,0,0,519552.00,39761488.00,40281040.00,39761488,519552
1669089515.690658,s2-eth2,66726.00,4511760.00,4578486.00,4511760,66726,1011.00,1028.00,2039.00,1028,1011,0.00,0.00,0,0,533808.00,36094080.00,36627888.00,36094080,533808
1669089515.690672,s2-eth3,56430.00,2640462.00,2696892.00,2640462,56430,855.00,911.00,1766.00,911,855,0.00,0.00,0,0,451440.00,21123696.00,21575136.00,21123696,451440
1669089515.690703,s1-eth3,12036246.00,188100.00,12224346.00,188100,12036246,2947.00,2850.00,5797.00,2850,2947,0.00,0.00,0,0,96289968.00,1504800.00,97794768.00,1504800,96289968
1669089515.690718,s1-eth2,123222.00,7153736.00,7276958.00,7153736,123222,1867.00,1940.00,3807.00,1940,1867,0.00,0.00,0,0,985776.00,57229888.00,58215664.00,57229888,985776
1669089515.690731,s2-eth1,7153736.00,123222.00,7276958.00,123222,7153736,1940.00,1867.00,3807.00,1867,1940,0.00,0.00,0,0,57229888.00,985776.00,58215664.00,985776,57229888
1669089515.690760,total,19501566.00,19587752.00,39089320.00,19587752,19501566,9608.00,9641.00,19249.00,9641,9608,0.00,0.00,0,0,156012528.00,156702016.00,312714560.00,156702016,156012528
1669089516.691043,lo,6197.00,6197.00,12394.00,6197,6197,49.00,49.00,98.00,49,49,0.00,0.00,0,0,49576.00,49576.00,99152.00,49576,49576
1669089516.691133,eth0,5108.00,5662.00,10770.00,5662,5108,11.00,11.00,22.00,11,11,0.00,0.00,0,0,40864.00,45296.00,86160.00,45296,40864
1669089516.691148,docker0,0.00,0.00,0.00,0,0,0.00,0.00,0.00,0,0,0.00,0.00,0,0,0.00,0.00,0.00,0,0
1669089516.691159,s1-eth1,71958.00,4886364.00,4958322.00,4886364,71958,1091.00,1110.00,2201.00,1110,1091,0.00,0.00,0,0,575664.00,39090912.00,39666576.00,39090912,575664
1669089516.691173,s2-eth2,65820.00,4472154.00,4537974.00,4472154,65820,998.00,1021.00,2019.00,1021,998,0.00,0.00,0,0,526560.00,35777232.00,36303792.00,35777232,526560
1669089516.691187,s2-eth3,60082.00,2787198.00,2847280.00,2787198,60082,911.00,963.00,1874.00,963,911,0.00,0.00,0,0,480656.00,22297584.00,22778240.00,22297584,480656
1669089516.691219,s1-eth3,12067400.00,197604.00,12265004.00,197604,12067400,3068.00,2994.00,6062.00,2994,3068,0.00,0.00,0,0,96539200.00,1580832.00,98120032.00,1580832,96539200
1669089516.691233,s1-eth2,125814.00,7263678.00,7389492.00,7263678,125814,1907.00,1983.00,3890.00,1983,1907,0.00,0.00,0,0,1006512.00,58109424.00,59115936.00,58109424,1006512
1669089516.691248,s2-eth1,7263678.00,125814.00,7389492.00,125814,7263678,1983.00,1907.00,3890.00,1907,1983,0.00,0.00,0,0,58109424.00,1006512.00,59115936.00,1006512,58109424
1669089516.691272,total,19666056.00,19744672.00,39410728.00,19744671,19666057,10018.00,10038.00,20056.00,10038,10018,0.00,0.00,0,0,157328448.00,157957376.00,315285824.00,157957368,157328456
1669089517.691550,lo,5704.00,5704.00,11408.00,5704,5704,41.00,41.00,82.00,41,41,0.00,0.00,0,0,45632.00,45632.00,91264.00,45632,45632
1669089517.691600,eth0,0.00,0.00,0.00,0,0,0.00,0.00,0.00,0,0,0.00,0.00,0,0,0.00,0.00,0.00,0,0
1669089517.691612,docker0,0.00,0.00,0.00,0,0,0.00,0.00,0.00,0,0,0.00,0.00,0,0,0.00,0.00,0.00,0,0
1669089517.691623,s1-eth1,72092.00,4815790.00,4887882.00,4815790,72092,1092.00,1093.00,2185.00,1093,1092,0.00,0.00,0,0,576736.00,38526320.00,39103056.00,38526320,576736
1669089517.691638,s2-eth2,66152.00,4419022.00,4485174.00,4419022,66152,1002.00,1005.00,2007.00,1005,1002,0.00,0.00,0,0,529216.00,35352176.00,35881392.00,35352176,529216
1669089517.691651,s2-eth3,62836.00,2904324.00,2967160.00,2904324,62836,952.00,1004.00,1956.00,1004,952,0.00,0.00,0,0,502688.00,23234592.00,23737280.00,23234592,502688
1669089517.691700,s1-eth3,12063906.00,200038.00,12263944.00,200038,12063906,3081.00,3031.00,6112.00,3031,3081,0.00,0.00,0,0,96511248.00,1600304.00,98111552.00,1600304,96511248
1669089517.691731,s1-eth2,128436.00,7319006.00,7447442.00,7319006,128436,1946.00,2009.00,3955.00,2009,1946,0.00,0.00,0,0,1027488.00,58552048.00,59579536.00,58552048,1027488
1669089517.691745,s2-eth1,7319006.00,128436.00,7447442.00,128436,7319006,2009.00,1946.00,3955.00,1946,2009,0.00,0.00,0,0,58552048.00,1027488.00,59579536.00,1027488,58552048
1669089517.691768,total,19718132.00,19792320.00,39510452.00,19792320,19718132,10123.00,10129.00,20252.00,10129,10123,0.00,0.00,0,0,157745056.00,158338560.00,316083616.00,158338560,157745056
1669089518.692059,lo,339.00,339.00,678.00,339,339,6.00,6.00,12.00,6,6,0.00,0.00,0,0,2712.00,2712.00,5424.00,2712,2712
1669089518.692176,eth0,206.00,216.00,422.00,216,206,3.00,3.00,6.00,3,3,0.00,0.00,0,0,1648.00,1728.00,3376.00,1728,1648
1669089518.692199,docker0,0.00,0.00,0.00,0,0,0.00,0.00,0.00,0,0,0.00,0.00,0,0,0.00,0.00,0.00,0,0
1669089518.692210,s1-eth1,66660.00,5638968.00,5705628.00,5638968,66660,1010.00,1060.00,2070.00,1060,1010,0.00,0.00,0,0,533280.00,45111744.00,45645024.00,45111744,533280
1669089518.692254,s2-eth2,58686.00,2805670.00,2864356.00,2805670,58686,879.00,935.00,1814.00,935,879,0.00,0.00,0,0,469488.00,22445360.00,22914848.00,22445360,469488
1669089518.692273,s2-eth3,76824.00,3551706.00,3628530.00,3551706,76824,1164.00,1225.00,2389.00,1225,1164,0.00,0.00,0,0,614592.00,28413648.00,29028240.00,28413648,614592
1669089518.692305,s1-eth3,12079742.00,202302.00,12282044.00,202302,12079742,3233.00,3055.00,6288.00,3055,3233,0.00,0.00,0,0,96637936.00,1618416.00,98256352.00,1618416,96637936
1669089518.692319,s1-eth2,135576.00,6357310.00,6492886.00,6357310,135576,2044.00,2159.00,4203.00,2159,2044,0.00,0.00,0,0,1084608.00,50858480.00,51943088.00,50858480,1084608
1669089518.692333,s2-eth1,6357310.00,135576.00,6492886.00,135576,6357310,2159.00,2044.00,4203.00,2044,2159,0.00,0.00,0,0,50858480.00,1084608.00,51943088.00,1084608,50858480
1669089518.692357,total,18775344.00,18692088.00,37467432.00,18692087,18775343,10498.00,10487.00,20985.00,10487,10498,0.00,0.00,0,0,150202752.00,149536704.00,299739456.00,149536696,150202744
1669089519.692656,lo,110.00,110.00,220.00,110,110,2.00,2.00,4.00,2,2,0.00,0.00,0,0,880.00,880.00,1760.00,880,880
1669089519.692702,eth0,98.00,40.00,138.00,40,98,1.00,1.00,2.00,1,1,0.00,0.00,0,0,784.00,320.00,1104.00,320,784
1669089519.692716,docker0,0.00,0.00,0.00,0,0,0.00,0.00,0.00,0,0,0.00,0.00,0,0,0.00,0.00,0.00,0,0
1669089519.692726,s1-eth1,65374.00,5223058.00,5288432.00,5223058,65374,971.00,1033.00,2004.00,1033,971,0.00,0.00,0,0,522992.00,41784464.00,42307456.00,41784464,522992
1669089519.692751,s2-eth2,58554.00,2664950.00,2723504.00,2664950,58554,875.00,931.00,1806.00,931,875,0.00,0.00,0,0,468432.00,21319600.00,21788032.00,21319600,468432
1669089519.692766,s2-eth3,79662.00,3999204.00,4078866.00,3999204,79662,1207.00,1226.00,2433.00,1226,1207,0.00,0.00,0,0,637296.00,31993632.00,32630928.00,31993632,637296
1669089519.692820,s1-eth3,12084680.00,203392.00,12288072.00,203392,12084680,3264.00,3050.00,6314.00,3050,3264,0.00,0.00,0,0,96677440.00,1627136.00,98304576.00,1627136,96677440
1669089519.692837,s1-eth2,138150.00,6661324.00,6799474.00,6661324,138150,2081.00,2158.00,4239.00,2158,2081,0.00,0.00,0,0,1105200.00,53290592.00,54395792.00,53290592,1105200
1669089519.692851,s2-eth1,6661324.00,138150.00,6799474.00,138150,6661324,2158.00,2081.00,4239.00,2081,2158,0.00,0.00,0,0,53290592.00,1105200.00,54395792.00,1105200,53290592
1669089519.692874,total,19087952.00,18890228.00,37978180.00,18890228,19087952,10559.00,10482.00,21041.00,10482,10559,0.00,0.00,0,0,152703616.00,151121824.00,303825440.00,151121824,152703616
1669089520.693260,lo,0.00,0.00,0.00,0,0,0.00,0.00,0.00,0,0,0.00,0.00,0,0,0.00,0.00,0.00,0,0
1669089520.693306,eth0,0.00,0.00,0.00,0,0,0.00,0.00,0.00,0,0,0.00,0.00,0,0,0.00,0.00,0.00,0,0
1669089520.693318,docker0,0.00,0.00,0.00,0,0,0.00,0.00,0.00,0,0,0.00,0.00,0,0,0.00,0.00,0.00,0,0
1669089520.693328,s1-eth1,64482.00,4339704.00,4404186.00,4339704,64482,977.00,988.00,1965.00,988,977,0.00,0.00,0,0,515856.00,34717632.00,35233488.00,34717632,515856
1669089520.693343,s2-eth2,51480.00,2397446.00,2448926.00,2397446,51480,780.00,827.00,1607.00,827,780,0.00,0.00,0,0,411840.00,19179568.00,19591408.00,19179568,411840
1669089520.693388,s2-eth3,59466.00,5408064.00,5467530.00,5408064,59466,901.00,984.00,1885.00,984,901,0.00,0.00,0,0,475728.00,43264512.00,43740240.00,43264512,475728
1669089520.693422,s1-eth3,12067084.00,175428.00,12242512.00,175428,12067084,2778.00,2658.00,5436.00,2658,2778,0.00,0.00,0,0,96536672.00,1403424.00,97940096.00,1403424,96536672
1669089520.693436,s1-eth2,110880.00,7817226.00,7928106.00,7817226,110880,1680.00,1813.00,3493.00,1813,1680,0.00,0.00,0,0,887040.00,62537808.00,63424848.00,62537808,887040
1669089520.693450,s2-eth1,7817226.00,110880.00,7928106.00,110880,7817226,1813.00,1680.00,3493.00,1680,1813,0.00,0.00,0,0,62537808.00,887040.00,63424848.00,887040,62537808
1669089520.693473,total,20170618.00,20248748.00,40419368.00,20248748,20170618,8929.00,8950.00,17879.00,8950,8929,0.00,0.00,0,0,161364944.00,161989984.00,323354944.00,161989984,161364944
1669089521.693757,lo,0.00,0.00,0.00,0,0,0.00,0.00,0.00,0,0,0.00,0.00,0,0,0.00,0.00,0.00,0,0
1669089521.693813,eth0,0.00,0.00,0.00,0,0,0.00,0.00,0.00,0,0,0.00,0.00,0,0,0.00,0.00,0.00,0,0
1669089521.693826,docker0,0.00,0.00,0.00,0,0,0.00,0.00,0.00,0,0,0.00,0.00,0,0,0.00,0.00,0.00,0,0
1669089521.693836,s1-eth1,63888.00,4295340.00,4359228.00,4295340,63888,968.00,974.00,1942.00,974,968,0.00,0.00,0,0,511104.00,34362720.00,34873824.00,34362720,511104
1669089521.693851,s2-eth2,56166.00,2612290.00,2668456.00,2612290,56166,851.00,901.00,1752.00,901,851,0.00,0.00,0,0,449328.00,20898320.00,21347648.00,20898320,449328
1669089521.693865,s2-eth3,57486.00,5241012.00,5298498.00,5241012,57486,871.00,954.00,1825.00,954,871,0.00,0.00,0,0,459888.00,41928096.00,42387984.00,41928096,459888
1669089521.693895,s1-eth3,12061824.00,177606.00,12239430.00,177606,12061824,2808.00,2691.00,5499.00,2691,2808,0.00,0.00,0,0,96494592.00,1420848.00,97915440.00,1420848,96494592
1669089521.693911,s1-eth2,113652.00,7847444.00,7961096.00,7847444,113652,1722.00,1854.00,3576.00,1854,1722,0.00,0.00,0,0,909216.00,62779552.00,63688768.00,62779552,909216
1669089521.693924,s2-eth1,7847444.00,113652.00,7961096.00,113652,7847444,1854.00,1722.00,3576.00,1722,1854,0.00,0.00,0,0,62779552.00,909216.00,63688768.00,909216,62779552
1669089521.693948,total,20200460.00,20287344.00,40487804.00,20287344,20200460,9074.00,9096.00,18170.00,9096,9074,0.00,0.00,0,0,161603680.00,162298752.00,323902432.00,162298752,161603680
1669089522.694177,lo,344.00,344.00,688.00,344,344,6.00,6.00,12.00,6,6,0.00,0.00,0,0,2752.00,2752.00,5504.00,2752,2752
1669089522.694266,eth0,0.00,0.00,0.00,0,0,0.00,0.00,0.00,0,0,0.00,0.00,0,0,0.00,0.00,0.00,0,0
1669089522.694280,docker0,0.00,0.00,0.00,0,0,0.00,0.00,0.00,0,0,0.00,0.00,0,0,0.00,0.00,0.00,0,0
1669089522.694290,s1-eth1,64086.00,4308570.00,4372656.00,4308570,64086,971.00,977.00,1948.00,977,971,0.00,0.00,0,0,512688.00,34468560.00,34981248.00,34468560,512688
1669089522.694304,s2-eth2,59400.00,2748608.00,2808008.00,2748608,59400,900.00,948.00,1848.00,948,900,0.00,0.00,0,0,475200.00,21988864.00,22464064.00,21988864,475200
1669089522.694318,s2-eth3,55650.00,5078304.00,5133954.00,5078304,55650,843.00,924.00,1767.00,924,843,0.00,0.00,0,0,445200.00,40626432.00,41071632.00,40626432,445200
1669089522.694348,s1-eth3,12063342.00,179136.00,12242478.00,179136,12063342,2831.00,2714.00,5545.00,2714,2831,0.00,0.00,0,0,96506736.00,1433088.00,97939824.00,1433088,96506736
1669089522.694408,s1-eth2,115182.00,7826912.00,7942094.00,7826912,115182,1745.00,1872.00,3617.00,1872,1745,0.00,0.00,0,0,921456.00,62615296.00,63536752.00,62615296,921456
1669089522.694423,s2-eth1,7826912.00,115182.00,7942094.00,115182,7826912,1872.00,1745.00,3617.00,1745,1872,0.00,0.00,0,0,62615296.00,921456.00,63536752.00,921456,62615296
1669089522.694454,total,20184916.00,20257056.00,40441972.00,20257056,20184916,9168.00,9186.00,18354.00,9186,9168,0.00,0.00,0,0,161479328.00,162056448.00,323535776.00,162056448,161479328
1669089523.694735,lo,338.00,338.00,676.00,338,338,6.00,6.00,12.00,6,6,0.00,0.00,0,0,2704.00,2704.00,5408.00,2704,2704
1669089523.694815,eth0,206.00,208.00,414.00,208,206,3.00,3.00,6.00,3,3,0.00,0.00,0,0,1648.00,1664.00,3312.00,1664,1648
1669089523.694830,docker0,0.00,0.00,0.00,0,0,0.00,0.00,0.00,0,0,0.00,0.00,0,0,0.00,0.00,0.00,0,0
1669089523.694841,s1-eth1,63492.00,4269078.00,4332570.00,4269078,63492,962.00,971.00,1933.00,971,962,0.00,0.00,0,0,507936.00,34152624.00,34660560.00,34152624,507936
1669089523.694855,s2-eth2,61578.00,2852344.00,2913922.00,2852344,61578,933.00,984.00,1917.00,984,933,0.00,0.00,0,0,492624.00,22818752.00,23311376.00,22818752,492624
1669089523.694868,s2-eth3,57420.00,5014596.00,5072016.00,5014596,57420,870.00,946.00,1816.00,946,870,0.00,0.00,0,0,459360.00,40116768.00,40576128.00,40116768,459360
1669089523.694898,s1-eth3,12067628.00,182490.00,12250118.00,182490,12067628,2874.00,2765.00,5639.00,2765,2874,0.00,0.00,0,0,96541024.00,1459920.00,98000944.00,1459920,96541024
1669089523.694913,s1-eth2,118932.00,7866940.00,7985872.00,7866940,118932,1802.00,1930.00,3732.00,1930,1802,0.00,0.00,0,0,951456.00,62935520.00,63886976.00,62935520,951456
1669089523.694927,s2-eth1,7866940.00,118932.00,7985872.00,118932,7866940,1930.00,1802.00,3732.00,1802,1930,0.00,0.00,0,0,62935520.00,951456.00,63886976.00,951456,62935520
1669089523.694950,total,20236534.00,20304926.00,40541460.00,20304926,20236534,9380.00,9407.00,18787.00,9407,9380,0.00,0.00,0,0,161892272.00,162439408.00,324331680.00,162439408,161892272
1669089524.695225,lo,496.00,496.00,992.00,496,496,5.00,5.00,10.00,5,5,0.00,0.00,0,0,3968.00,3968.00,7936.00,3968,3968
1669089524.695274,eth0,98.00,40.00,138.00,40,98,1.00,1.00,2.00,1,1,0.00,0.00,0,0,784.00,320.00,1104.00,320,784
1669089524.695287,docker0,0.00,0.00,0.00,0,0,0.00,0.00,0.00,0,0,0.00,0.00,0,0,0.00,0.00,0.00,0,0
1669089524.695298,s1-eth1,66906.00,4175226.00,4242132.00,4175226,66906,987.00,997.00,1984.00,997,987,0.00,0.00,0,0,535248.00,33401808.00,33937056.00,33401808,535248
1669089524.695312,s2-eth2,62912.00,2891378.00,2954290.00,2891378,62912,946.00,1005.00,1951.00,1005,946,0.00,0.00,0,0,503296.00,23131024.00,23634320.00,23131024,503296
1669089524.695326,s2-eth3,71840.00,4698696.00,4770536.00,4698696,71840,1078.00,1096.00,2174.00,1096,1078,0.00,0.00,0,0,574720.00,37589568.00,38164288.00,37589568,574720
1669089524.695355,s1-eth3,12071368.00,201444.00,12272812.00,201444,12071368,3172.00,3008.00,6180.00,3008,3172,0.00,0.00,0,0,96570944.00,1611552.00,98182496.00,1611552,96570944
1669089524.695371,s1-eth2,134608.00,7587112.00,7721720.00,7587112,134608,2022.00,2100.00,4122.00,2100,2022,0.00,0.00,0,0,1076864.00,60696896.00,61773760.00,60696896,1076864
1669089524.695384,s2-eth1,7587112.00,134608.00,7721720.00,134608,7587112,2100.00,2022.00,4122.00,2022,2100,0.00,0.00,0,0,60696896.00,1076864.00,61773760.00,1076864,60696896
1669089524.695422,total,19995340.00,19689000.00,39684340.00,19689000,19995340,10311.00,10234.00,20545.00,10234,10311,0.00,0.00,0,0,159962720.00,157512000.00,317474720.00,157512000,159962720
1669089525.695684,lo,2316.00,2316.00,4632.00,2316,2316,18.00,18.00,36.00,18,18,0.00,0.00,0,0,18528.00,18528.00,37056.00,18528,18528
1669089525.695750,eth0,0.00,0.00,0.00,0,0,0.00,0.00,0.00,0,0,0.00,0.00,0,0,0.00,0.00,0.00,0,0
1669089525.695762,docker0,0.00,0.00,0.00,0,0,0.00,0.00,0.00,0,0,0.00,0.00,0,0,0.00,0.00,0.00,0,0
1669089525.695773,s1-eth1,64164.00,4304296.00,4368460.00,4304296,64164,972.00,978.00,1950.00,978,972,0.00,0.00,0,0,513312.00,34434368.00,34947680.00,34434368,513312
1669089525.695788,s2-eth2,67658.00,3133936.00,3201594.00,3133936,67658,1025.00,1082.00,2107.00,1082,1025,0.00,0.00,0,0,541264.00,25071488.00,25612752.00,25071488,541264
1669089525.695802,s2-eth3,70500.00,4727520.00,4798020.00,4727520,70500,1068.00,1072.00,2140.00,1072,1068,0.00,0.00,0,0,564000.00,37820160.00,38384160.00,37820160,564000
1669089525.695833,s1-eth3,12071298.00,201766.00,12273064.00,201766,12071298,3105.00,3057.00,6162.00,3057,3105,0.00,0.00,0,0,96570384.00,1614128.00,98184512.00,1614128,96570384
1669089525.695848,s1-eth2,137882.00,7861456.00,7999338.00,7861456,137882,2089.00,2154.00,4243.00,2154,2089,0.00,0.00,0,0,1103056.00,62891648.00,63994704.00,62891648,1103056
1669089525.695934,s2-eth1,7861456.00,137882.00,7999338.00,137882,7861456,2154.00,2089.00,4243.00,2089,2154,0.00,0.00,0,0,62891648.00,1103056.00,63994704.00,1103056,62891648
1669089525.695963,total,20275274.00,20369172.00,40644448.00,20369172,20275274,10431.00,10450.00,20881.00,10450,10431,0.00,0.00,0,0,162202192.00,162953376.00,325155584.00,162953376,162202192
1669089526.696246,lo,1158.00,1158.00,2316.00,1158,1158,9.00,9.00,18.00,9,9,0.00,0.00,0,0,9264.00,9264.00,18528.00,9264,9264
1669089526.696295,eth0,0.00,0.00,0.00,0,0,0.00,0.00,0.00,0,0,0.00,0.00,0,0,0.00,0.00,0.00,0,0
1669089526.696307,docker0,0.00,0.00,0.00,0,0,0.00,0.00,0.00,0,0,0.00,0.00,0,0,0.00,0.00,0.00,0,0
1669089526.696317,s1-eth1,63632.00,4273356.00,4336988.00,4273356,63632,964.00,970.00,1934.00,970,964,0.00,0.00,0,0,509056.00,34186848.00,34695904.00,34186848,509056
1669089526.696332,s2-eth2,71680.00,3301318.00,3372998.00,3301318,71680,1086.00,1139.00,2225.00,1139,1086,0.00,0.00,0,0,573440.00,26410544.00,26983984.00,26410544,573440
1669089526.696347,s2-eth3,67716.00,4560010.00,4627726.00,4560010,67716,1026.00,1035.00,2061.00,1035,1026,0.00,0.00,0,0,541728.00,36480080.00,37021808.00,36480080,541728
1669089526.696390,s1-eth3,12062750.00,202884.00,12265634.00,202884,12062750,3129.00,3074.00,6203.00,3074,3129,0.00,0.00,0,0,96502000.00,1623072.00,98125072.00,1623072,96502000
1669089526.696405,s1-eth2,139392.00,7865742.00,8005134.00,7865742,139392,2112.00,2175.00,4287.00,2175,2112,0.00,0.00,0,0,1115136.00,62925936.00,64041072.00,62925936,1115136
1669089526.696419,s2-eth1,7865742.00,139392.00,8005134.00,139392,7865742,2175.00,2112.00,4287.00,2112,2175,0.00,0.00,0,0,62925936.00,1115136.00,64041072.00,1115136,62925936
1669089526.696443,total,20272070.00,20343860.00,40615928.00,20343860,20272070,10501.00,10514.00,21015.00,10514,10501,0.00,0.00,0,0,162176560.00,162750880.00,324927424.00,162750880,162176560
1669089527.696782,lo,0.00,0.00,0.00,0,0,0.00,0.00,0.00,0,0,0.00,0.00,0,0,0.00,0.00,0.00,0,0
1669089527.696862,eth0,0.00,0.00,0.00,0,0,0.00,0.00,0.00,0,0,0.00,0.00,0,0,0.00,0.00,0.00,0,0
1669089527.696875,docker0,0.00,0.00,0.00,0,0,0.00,0.00,0.00,0,0,0.00,0.00,0,0,0.00,0.00,0.00,0,0
1669089527.696885,s1-eth1,63426.00,4268880.00,4332306.00,4268880,63426,961.00,968.00,1929.00,968,961,0.00,0.00,0,0,507408.00,34151040.00,34658448.00,34151040,507408
1669089527.696901,s2-eth2,70686.00,3308690.00,3379376.00,3308690,70686,1071.00,1141.00,2212.00,1141,1071,0.00,0.00,0,0,565488.00,26469520.00,27035008.00,26469520,565488
1669089527.696915,s2-eth3,68112.00,4568826.00,4636938.00,4568826,68112,1032.00,1037.00,2069.00,1037,1032,0.00,0.00,0,0,544896.00,36550608.00,37095504.00,36550608,544896
1669089527.696946,s1-eth3,12059314.00,202158.00,12261472.00,202158,12059314,3121.00,3063.00,6184.00,3063,3121,0.00,0.00,0,0,96474512.00,1617264.00,98091776.00,1617264,96474512
1669089527.697000,s1-eth2,138732.00,7873172.00,8011904.00,7873172,138732,2102.00,2178.00,4280.00,2178,2102,0.00,0.00,0,0,1109856.00,62985376.00,64095232.00,62985376,1109856
1669089527.697015,s2-eth1,7873172.00,138732.00,8011904.00,138732,7873172,2178.00,2102.00,4280.00,2102,2178,0.00,0.00,0,0,62985376.00,1109856.00,64095232.00,1109856,62985376
1669089527.697039,total,20273442.00,20360458.00,40633900.00,20360458,20273442,10465.00,10489.00,20954.00,10489,10465,0.00,0.00,0,0,162187536.00,162883664.00,325071200.00,162883664,162187536
1669089528.697318,lo,842.00,842.00,1684.00,842,842,13.00,13.00,26.00,13,13,0.00,0.00,0,0,6736.00,6736.00,13472.00,6736,6736
1669089528.697378,eth0,496.00,488.00,984.00,488,496,6.00,6.00,12.00,6,6,0.00,0.00,0,0,3968.00,3904.00,7872.00,3904,3968
1669089528.697401,docker0,0.00,0.00,0.00,0,0,0.00,0.00,0.00,0,0,0.00,0.00,0,0,0.00,0.00,0.00,0,0
1669089528.697426,s1-eth1,63630.00,4026210.00,4089840.00,4026210,63630,953.00,977.00,1930.00,977,953,0.00,0.00,0,0,509040.00,32209680.00,32718720.00,32209680,509040
1669089528.697442,s2-eth2,76836.00,3608434.00,3685270.00,3608434,76836,1164.00,1185.00,2349.00,1185,1164,0.00,0.00,0,0,614688.00,28867472.00,29482160.00,28867472,614688
1669089528.697468,s2-eth3,64884.00,4216166.00,4281050.00,4216166,64884,974.00,1003.00,1977.00,1003,974,0.00,0.00,0,0,519072.00,33729328.00,34248400.00,33729328,519072
1669089528.697499,s1-eth3,12073088.00,205482.00,12278570.00,205482,12073088,3220.00,3093.00,6313.00,3093,3220,0.00,0.00,0,0,96584704.00,1643856.00,98228560.00,1643856,96584704
1669089528.697514,s1-eth2,141786.00,7827496.00,7969282.00,7827496,141786,2139.00,2188.00,4327.00,2188,2139,0.00,0.00,0,0,1134288.00,62619968.00,63754256.00,62619968,1134288
1669089528.697528,s2-eth1,7827496.00,141786.00,7969282.00,141786,7827496,2188.00,2139.00,4327.00,2139,2188,0.00,0.00,0,0,62619968.00,1134288.00,63754256.00,1134288,62619968
1669089528.697552,total,20249058.00,20026904.00,40275960.00,20026904,20249058,10657.00,10604.00,21261.00,10604,10657,0.00,0.00,0,0,161992464.00,160215232.00,322207680.00,160215232,161992464
1669089529.697832,lo,110.00,110.00,220.00,110,110,2.00,2.00,4.00,2,2,0.00,0.00,0,0,880.00,880.00,1760.00,880,880
1669089529.697878,eth0,98.00,80.00,178.00,80,98,1.00,2.00,3.00,2,1,0.00,0.00,0,0,784.00,640.00,1424.00,640,784
1669089529.697892,docker0,0.00,0.00,0.00,0,0,0.00,0.00,0.00,0,0,0.00,0.00,0,0,0.00,0.00,0.00,0,0
1669089529.697903,s1-eth1,74448.00,3455408.00,3529856.00,3455408,74448,1128.00,1192.00,2320.00,1192,1128,0.00,0.00,0,0,595584.00,27643264.00,28238848.00,27643264,595584
1669089529.697918,s2-eth2,56826.00,5163344.00,5220170.00,5163344,56826,861.00,940.00,1801.00,940,861,0.00,0.00,0,0,454608.00,41306752.00,41761360.00,41306752,454608
1669089529.697932,s2-eth3,76692.00,3551706.00,3628398.00,3551706,76692,1162.00,1225.00,2387.00,1225,1162,0.00,0.00,0,0,613536.00,28413648.00,29027184.00,28413648,613536
1669089529.697962,s1-eth3,12086206.00,208032.00,12294238.00,208032,12086206,3331.00,3152.00,6483.00,3152,3331,0.00,0.00,0,0,96689648.00,1664256.00,98353904.00,1664256,96689648
1669089529.697976,s1-eth2,133584.00,8707744.00,8841328.00,8707744,133584,2024.00,2164.00,4188.00,2164,2024,0.00,0.00,0,0,1068672.00,69661952.00,70730624.00,69661952,1068672
1669089529.697990,s2-eth1,8707744.00,133584.00,8841328.00,133584,8707744,2164.00,2024.00,4188.00,2024,2164,0.00,0.00,0,0,69661952.00,1068672.00,70730624.00,1068672,69661952
1669089529.698015,total,21135708.00,21220008.00,42355716.00,21220008,21135708,10673.00,10701.00,21374.00,10701,10673,0.00,0.00,0,0,169085664.00,169760064.00,338845728.00,169760064,169085664
1669089530.698307,lo,0.00,0.00,0.00,0,0,0.00,0.00,0.00,0,0,0.00,0.00,0,0,0.00,0.00,0.00,0,0
1669089530.698353,eth0,0.00,0.00,0.00,0,0,0.00,0.00,0.00,0,0,0.00,0.00,0,0,0.00,0.00,0.00,0,0
1669089530.698365,docker0,0.00,0.00,0.00,0,0,0.00,0.00,0.00,0,0,0.00,0.00,0,0,0.00,0.00,0.00,0,0
1669089530.698375,s1-eth1,76494.00,3536896.00,3613390.00,3536896,76494,1159.00,1220.00,2379.00,1220,1159,0.00,0.00,0,0,611952.00,28295168.00,28907120.00,28295168,611952
1669089530.698390,s2-eth2,57288.00,5013412.00,5070700.00,5013412,57288,868.00,950.00,1818.00,950,868,0.00,0.00,0,0,458304.00,40107296.00,40565600.00,40107296,458304
1669089530.698403,s2-eth3,78474.00,3630232.00,3708706.00,3630232,78474,1189.00,1252.00,2441.00,1252,1189,0.00,0.00,0,0,627792.00,29041856.00,29669648.00,29041856,627792
1669089530.698435,s1-eth3,12090954.00,212058.00,12303012.00,212058,12090954,3381.00,3213.00,6594.00,3213,3381,0.00,0.00,0,0,96727632.00,1696464.00,98424096.00,1696464,96727632
1669089530.698450,s1-eth2,135630.00,8649502.00,8785132.00,8649502,135630,2055.00,2203.00,4258.00,2203,2055,0.00,0.00,0,0,1085040.00,69196016.00,70281056.00,69196016,1085040
1669089530.698463,s2-eth1,8649502.00,135630.00,8785132.00,135630,8649502,2203.00,2055.00,4258.00,2055,2203,0.00,0.00,0,0,69196016.00,1085040.00,70281056.00,1085040,69196016
1669089530.698487,total,21088342.00,21177730.00,42266072.00,21177730,21088342,10855.00,10893.00,21748.00,10893,10855,0.00,0.00,0,0,168706736.00,169421840.00,338128576.00,169421840,168706736
1669089531.698752,lo,461.00,461.00,922.00,461,461,8.00,8.00,16.00,8,8,0.00,0.00,0,0,3688.00,3688.00,7376.00,3688,3688
1669089531.698798,eth0,144.00,168.00,312.00,168,144,2.00,2.00,4.00,2,2,0.00,0.00,0,0,1152.00,1344.00,2496.00,1344,1152
1669089531.698826,docker0,0.00,0.00,0.00,0,0,0.00,0.00,0.00,0,0,0.00,0.00,0,0,0.00,0.00,0.00,0,0
1669089531.698837,s1-eth1,71940.00,4229610.00,4301550.00,4229610,71940,1090.00,1097.00,2187.00,1097,1090,0.00,0.00,0,0,575520.00,33836880.00,34412400.00,33836880,575520
1669089531.698851,s2-eth2,67854.00,3519954.00,3587808.00,3519954,67854,1019.00,1073.00,2092.00,1073,1019,0.00,0.00,0,0,542832.00,28159632.00,28702464.00,28159632,542832
1669089531.698864,s2-eth3,72138.00,4257188.00,4329326.00,4257188,72138,1093.00,1098.00,2191.00,1098,1093,0.00,0.00,0,0,577104.00,34057504.00,34634608.00,34057504,577104
1669089531.698895,s1-eth3,12071986.00,212130.00,12284116.00,212130,12071986,3313.00,3205.00,6518.00,3205,3313,0.00,0.00,0,0,96575888.00,1697040.00,98272928.00,1697040,96575888
1669089531.698909,s1-eth2,140190.00,7775628.00,7915818.00,7775628,140190,2115.00,2170.00,4285.00,2170,2115,0.00,0.00,0,0,1121520.00,62205024.00,63326544.00,62205024,1121520
1669089531.698923,s2-eth1,7775628.00,140190.00,7915818.00,140190,7775628,2170.00,2115.00,4285.00,2115,2170,0.00,0.00,0,0,62205024.00,1121520.00,63326544.00,1121520,62205024
1669089531.698953,total,20200340.00,20135328.00,40335672.00,20135329,20200341,10810.00,10768.00,21578.00,10768,10810,0.00,0.00,0,0,161602720.00,161082624.00,322685376.00,161082632,161602728
1669089532.699235,lo,0.00,0.00,0.00,0,0,0.00,0.00,0.00,0,0,0.00,0.00,0,0,0.00,0.00,0.00,0,0
1669089532.699300,eth0,0.00,0.00,0.00,0,0,0.00,0.00,0.00,0,0,0.00,0.00,0,0,0.00,0.00,0.00,0,0
1669089532.699312,docker0,0.00,0.00,0.00,0,0,0.00,0.00,0.00,0,0,0.00,0.00,0,0,0.00,0.00,0.00,0,0
1669089532.699323,s1-eth1,66198.00,4445544.00,4511742.00,4445544,66198,1003.00,1012.00,2015.00,1012,1003,0.00,0.00,0,0,529584.00,35564352.00,36093936.00,35564352,529584
1669089532.699338,s2-eth2,69102.00,3205020.00,3274122.00,3205020,69102,1047.00,1106.00,2153.00,1106,1047,0.00,0.00,0,0,552816.00,25640160.00,26192976.00,25640160,552816
1669089532.699352,s2-eth3,66990.00,4496752.00,4563742.00,4496752,66990,1015.00,1020.00,2035.00,1020,1015,0.00,0.00,0,0,535920.00,35974016.00,36509936.00,35974016,535920
1669089532.699384,s1-eth3,12067606.00,202224.00,12269830.00,202224,12067606,3115.00,3064.00,6179.00,3064,3115,0.00,0.00,0,0,96540848.00,1617792.00,98158640.00,1617792,96540848
1669089532.699398,s1-eth2,136026.00,7698810.00,7834836.00,7698810,136026,2061.00,2125.00,4186.00,2125,2061,0.00,0.00,0,0,1088208.00,61590480.00,62678688.00,61590480,1088208
1669089532.699412,s2-eth1,7698810.00,136026.00,7834836.00,136026,7698810,2125.00,2061.00,4186.00,2061,2125,0.00,0.00,0,0,61590480.00,1088208.00,62678688.00,1088208,61590480
1669089532.699436,total,20104732.00,20184376.00,40289108.00,20184376,20104732,10366.00,10388.00,20754.00,10388,10366,0.00,0.00,0,0,160837856.00,161475008.00,322312864.00,161475008,160837856
1669089533.699621,lo,339.00,339.00,678.00,339,339,6.00,6.00,12.00,6,6,0.00,0.00,0,0,2712.00,2712.00,5424.00,2712,2712
1669089533.699714,eth0,206.00,216.00,422.00,216,206,3.00,3.00,6.00,3,3,0.00,0.00,0,0,1648.00,1728.00,3376.00,1728,1648
1669089533.699737,docker0,0.00,0.00,0.00,0,0,0.00,0.00,0.00,0,0,0.00,0.00,0,0,0.00,0.00,0.00,0,0
1669089533.699748,s1-eth1,66066.00,4432050.00,4498116.00,4432050,66066,1001.00,1005.00,2006.00,1005,1001,0.00,0.00,0,0,528528.00,35456400.00,35984928.00,35456400,528528
1669089533.699763,s2-eth2,71478.00,3302766.00,3374244.00,3302766,71478,1083.00,1139.00,2222.00,1139,1083,0.00,0.00,0,0,571824.00,26422128.00,26993952.00,26422128,571824
1669089533.699777,s2-eth3,65538.00,4401378.00,4466916.00,4401378,65538,993.00,1001.00,1994.00,1001,993,0.00,0.00,0,0,524304.00,35211024.00,35735328.00,35211024,524304
1669089533.699827,s1-eth3,12071426.00,202950.00,12274376.00,202950,12071426,3129.00,3075.00,6204.00,3075,3129,0.00,0.00,0,0,96571408.00,1623600.00,98195008.00,1623600,96571408
1669089533.699844,s1-eth2,136884.00,7710068.00,7846952.00,7710068,136884,2074.00,2142.00,4216.00,2142,2074,0.00,0.00,0,0,1095072.00,61680544.00,62775616.00,61680544,1095072
1669089533.699867,s2-eth1,7713030.00,136950.00,7849980.00,136950,7713030,2143.00,2075.00,4218.00,2075,2143,0.00,0.00,0,0,61704240.00,1095600.00,62799840.00,1095600,61704240
1669089533.699903,total,20124968.00,20186716.00,40311684.00,20186717,20124967,10432.00,10446.00,20878.00,10446,10432,0.00,0.00,0,0,160999744.00,161493728.00,322493472.00,161493736,160999736
1669089534.700199,lo,110.00,110.00,220.00,110,110,2.00,2.00,4.00,2,2,0.00,0.00,0,0,880.00,880.00,1760.00,880,880
1669089534.700248,eth0,98.00,40.00,138.00,40,98,1.00,1.00,2.00,1,1,0.00,0.00,0,0,784.00,320.00,1104.00,320,784
1669089534.700262,docker0,0.00,0.00,0.00,0,0,0.00,0.00,0.00,0,0,0.00,0.00,0,0,0.00,0.00,0.00,0,0
1669089534.700273,s1-eth1,69756.00,4000364.00,4070120.00,4000364,69756,1046.00,1090.00,2136.00,1090,1046,0.00,0.00,0,0,558048.00,32002912.00,32560960.00,32002912,558048
1669089534.700287,s2-eth2,71610.00,4090012.00,4161622.00,4090012,71610,1085.00,1110.00,2195.00,1110,1085,0.00,0.00,0,0,572880.00,32720096.00,33292976.00,32720096,572880
1669089534.700333,s2-eth3,66474.00,3781312.00,3847786.00,3781312,66474,997.00,1040.00,2037.00,1040,997,0.00,0.00,0,0,531792.00,30250496.00,30782288.00,30250496,531792
1669089534.700369,s1-eth3,12082052.00,208038.00,12290090.00,208038,12082052,3290.00,3131.00,6421.00,3131,3290,0.00,0.00,0,0,96656416.00,1664304.00,98320720.00,1664304,96656416
1669089534.700383,s1-eth2,138282.00,7865400.00,8003682.00,7865400,138282,2085.00,2148.00,4233.00,2148,2085,0.00,0.00,0,0,1106256.00,62923200.00,64029456.00,62923200,1106256
1669089534.700397,s2-eth1,7862438.00,138216.00,8000654.00,138216,7862438,2147.00,2084.00,4231.00,2084,2147,0.00,0.00,0,0,62899504.00,1105728.00,64005232.00,1105728,62899504
1669089534.700421,total,20290820.00,20083492.00,40374312.00,20083492,20290820,10653.00,10606.00,21259.00,10606,10653,0.00,0.00,0,0,162326560.00,160667936.00,322994496.00,160667936,162326560
1669089535.700653,lo,0.00,0.00,0.00,0,0,0.00,0.00,0.00,0,0,0.00,0.00,0,0,0.00,0.00,0.00,0,0
1669089535.700698,eth0,0.00,0.00,0.00,0,0,0.00,0.00,0.00,0,0,0.00,0.00,0,0,0.00,0.00,0.00,0,0
1669089535.700710,docker0,0.00,0.00,0.00,0,0,0.00,0.00,0.00,0,0,0.00,0.00,0,0,0.00,0.00,0.00,0,0
1669089535.700721,s1-eth1,77220.00,3570992.00,3648212.00,3570992,77220,1170.00,1232.00,2402.00,1232,1170,0.00,0.00,0,0,617760.00,28567936.00,29185696.00,28567936,617760
1669089535.700736,s2-eth2,56496.00,5067248.00,5123744.00,5067248,56496,856.00,932.00,1788.00,932,856,0.00,0.00,0,0,451968.00,40537984.00,40989952.00,40537984,451968
1669089535.700759,s2-eth3,75768.00,3528010.00,3603778.00,3528010,75768,1148.00,1217.00,2365.00,1217,1148,0.00,0.00,0,0,606144.00,28224080.00,28830224.00,28224080,606144
1669089535.700811,s1-eth3,12083050.00,209220.00,12292270.00,209220,12083050,3349.00,3170.00,6519.00,3170,3349,0.00,0.00,0,0,96664400.00,1673760.00,98338160.00,1673760,96664400
1669089535.700829,s1-eth2,132000.00,8598220.00,8730220.00,8598220,132000,2000.00,2150.00,4150.00,2150,2000,0.00,0.00,0,0,1056000.00,68785760.00,69841760.00,68785760,1056000
1669089535.700842,s2-eth1,8598220.00,132000.00,8730220.00,132000,8598220,2150.00,2000.00,4150.00,2000,2150,0.00,0.00,0,0,68785760.00,1056000.00,69841760.00,1056000,68785760
1669089535.700870,total,21022754.00,21105690.00,42128444.00,21105690,21022754,10673.00,10701.00,21374.00,10701,10673,0.00,0.00,0,0,168182032.00,168845520.00,337027552.00,168845520,168182032
1669089536.701157,lo,344.00,344.00,688.00,344,344,6.00,6.00,12.00,6,6,0.00,0.00,0,0,2752.00,2752.00,5504.00,2752,2752
1669089536.701209,eth0,0.00,0.00,0.00,0,0,0.00,0.00,0.00,0,0,0.00,0.00,0,0,0.00,0.00,0.00,0,0
1669089536.701221,docker0,0.00,0.00,0.00,0,0,0.00,0.00,0.00,0,0,0.00,0.00,0,0,0.00,0.00,0.00,0,0
1669089536.701232,s1-eth1,79260.00,3604432.00,3683692.00,3604432,79260,1194.00,1256.00,2450.00,1256,1194,0.00,0.00,0,0,634080.00,28835456.00,29469536.00,28835456,634080
1669089536.701247,s2-eth2,69498.00,4893384.00,4962882.00,4893384,69498,1053.00,1084.00,2137.00,1084,1053,0.00,0.00,0,0,555984.00,39147072.00,39703056.00,39147072,555984
1669089536.701260,s2-eth3,78012.00,3606536.00,3684548.00,3606536,78012,1182.00,1244.00,2426.00,1244,1182,0.00,0.00,0,0,624096.00,28852288.00,29476384.00,28852288,624096
1669089536.701359,s1-eth3,12085656.00,227046.00,12312702.00,227046,12085656,3564.00,3433.00,6997.00,3433,3564,0.00,0.00,0,0,96685248.00,1816368.00,98501616.00,1816368,96685248
1669089536.701374,s1-eth2,147774.00,8502882.00,8650656.00,8502882,147774,2239.00,2329.00,4568.00,2329,2239,0.00,0.00,0,0,1182192.00,68023056.00,69205248.00,68023056,1182192
1669089536.701389,s2-eth1,8502882.00,147774.00,8650656.00,147774,8502882,2329.00,2239.00,4568.00,2239,2329,0.00,0.00,0,0,68023056.00,1182192.00,69205248.00,1182192,68023056
1669089536.701412,total,20963426.00,20982398.00,41945824.00,20982398,20963426,11567.00,11591.00,23158.00,11591,11567,0.00,0.00,0,0,167707408.00,167859184.00,335566592.00,167859184,167707408
1669089537.701693,lo,0.00,0.00,0.00,0,0,0.00,0.00,0.00,0,0,0.00,0.00,0,0,0.00,0.00,0.00,0,0
1669089537.701738,eth0,0.00,0.00,0.00,0,0,0.00,0.00,0.00,0,0,0.00,0.00,0,0,0.00,0.00,0.00,0,0
1669089537.701761,docker0,0.00,0.00,0.00,0,0,0.00,0.00,0.00,0,0,0.00,0.00,0,0,0.00,0.00,0.00,0,0
1669089537.701772,s1-eth1,66256.00,2962074.00,3028330.00,2962074,66256,990.00,1045.00,2035.00,1045,990,0.00,0.00,0,0,530048.00,23696592.00,24226640.00,23696592,530048
1669089537.701787,s2-eth2,60824.00,3766482.00,3827306.00,3766482,60824,908.00,925.00,1833.00,925,908,0.00,0.00,0,0,486592.00,30131856.00,30618448.00,30131856,486592
1669089537.701801,s2-eth3,63162.00,5258000.00,5321162.00,5258000,63162,957.00,992.00,1949.00,992,957,0.00,0.00,0,0,505296.00,42064000.00,42569296.00,42064000,505296
1669089537.701834,s1-eth3,12077594.00,189966.00,12267560.00,189966,12077594,3025.00,2851.00,5876.00,2851,3025,0.00,0.00,0,0,96620752.00,1519728.00,98140480.00,1519728,96620752
1669089537.701849,s1-eth2,123788.00,9024548.00,9148336.00,9024548,123788,1862.00,1918.00,3780.00,1918,1862,0.00,0.00,0,0,990304.00,72196384.00,73186688.00,72196384,990304
1669089537.701863,s2-eth1,9024548.00,123788.00,9148336.00,123788,9024548,1918.00,1862.00,3780.00,1862,1918,0.00,0.00,0,0,72196384.00,990304.00,73186688.00,990304,72196384
1669089537.701886,total,21416172.00,21324858.00,42741032.00,21324858,21416172,9660.00,9593.00,19253.00,9593,9660,0.00,0.00,0,0,171329376.00,170598864.00,341928256.00,170598864,171329376
1669089538.702152,lo,338.00,338.00,676.00,338,338,6.00,6.00,12.00,6,6,0.00,0.00,0,0,2704.00,2704.00,5408.00,2704,2704
1669089538.703366,eth0,205.79,207.79,413.59,208,206,3.00,3.00,5.99,3,3,0.00,0.00,0,0,1646.35,1662.34,3308.69,1664,1648
1669089538.703387,docker0,0.00,0.00,0.00,0,0,0.00,0.00,0.00,0,0,0.00,0.00,0,0,0.00,0.00,0.00,0,0
1669089538.703398,s1-eth1,68439.56,3176633.50,3245073.00,3179810,68508,1036.96,1095.90,2132.87,1097,1038,0.00,0.00,0,0,547516.50,25413068.00,25960584.00,25438480,548064
1669089538.703439,s2-eth2,56703.30,3810905.25,3867608.50,3814716,56760,859.14,865.13,1724.28,866,860,0.00,0.00,0,0,453626.38,30487242.00,30940868.00,30517728,454080
1669089538.703454,s2-eth3,56439.56,5144969.00,5201408.50,5150114,56496,855.14,936.06,1791.21,937,856,0.00,0.00,0,0,451516.50,41159752.00,41611268.00,41200912,451968
1669089538.703488,s1-eth3,12036965.00,181714.30,12218680.00,181896,12049002,2874.13,2753.25,5627.37,2756,2877,0.00,0.00,0,0,96295720.00,1453714.38,97749440.00,1455168,96392016
1669089538.703503,s1-eth2,113340.66,8967579.00,9080919.00,8976546,113454,1717.28,1803.20,3520.48,1805,1719,0.00,0.00,0,0,906725.31,71740632.00,72647352.00,71812368,907632
1669089538.703518,s2-eth1,8967579.00,113340.66,9080919.00,113454,8976546,1803.20,1717.28,3520.48,1719,1805,0.00,0.00,0,0,71740632.00,906725.31,72647352.00,907632,71812368
1669089538.703541,total,21300010.00,21395686.00,42695696.00,21417082,21321310,9154.85,9179.82,18334.67,9189,9164,0.00,0.00,0,0,170400080.00,171165488.00,341565568.00,171336656,170570480
1669089539.703922,lo,109.89,109.89,219.78,110,110,2.00,2.00,4.00,2,2,0.00,0.00,0,0,879.12,879.12,1758.24,880,880
1669089539.703969,eth0,98.00,40.00,138.00,40,98,1.00,1.00,2.00,1,1,0.00,0.00,0,0,784.00,320.00,1104.00,320,784
1669089539.703983,docker0,0.00,0.00,0.00,0,0,0.00,0.00,0.00,0,0,0.00,0.00,0,0,0.00,0.00,0.00,0,0
1669089539.704007,s1-eth1,71676.00,3314614.00,3386290.00,3314614,71676,1086.00,1143.00,2229.00,1143,1086,0.00,0.00,0,0,573408.00,26516912.00,27090320.00,26516912,573408
1669089539.704022,s2-eth2,56368.00,3783912.00,3840280.00,3783912,56368,854.00,860.00,1714.00,860,854,0.00,0.00,0,0,450944.00,30271296.00,30722240.00,30271296,450944
1669089539.704083,s2-eth3,57090.00,5056588.00,5113678.00,5056588,57090,865.00,946.00,1811.00,946,865,0.00,0.00,0,0,456720.00,40452704.00,40909424.00,40452704,456720
1669089539.704113,s1-eth3,12083960.00,184998.00,12268958.00,184998,12083960,2924.00,2803.00,5727.00,2803,2924,0.00,0.00,0,0,96671680.00,1479984.00,98151664.00,1479984,96671680
1669089539.704129,s1-eth2,113256.00,8827270.00,8940526.00,8827270,113256,1716.00,1803.00,3519.00,1803,1716,0.00,0.00,0,0,906048.00,70618160.00,71524208.00,70618160,906048
1669089539.704142,s2-eth1,8827270.00,113256.00,8940526.00,113256,8827270,1803.00,1716.00,3519.00,1716,1803,0.00,0.00,0,0,70618160.00,906048.00,71524208.00,906048,70618160
1669089539.704166,total,21209828.00,21280788.00,42490616.00,21280788,21209828,9251.00,9274.00,18525.00,9274,9251,0.00,0.00,0,0,169678624.00,170246304.00,339924928.00,170246304,169678624
1669089540.704461,lo,1158.00,1158.00,2316.00,1158,1158,9.00,9.00,18.00,9,9,0.00,0.00,0,0,9264.00,9264.00,18528.00,9264,9264
1669089540.704510,eth0,0.00,0.00,0.00,0,0,0.00,0.00,0.00,0,0,0.00,0.00,0,0,0.00,0.00,0.00,0,0
1669089540.704522,docker0,0.00,0.00,0.00,0,0,0.00,0.00,0.00,0,0,0.00,0.00,0,0,0.00,0.00,0.00,0,0
1669089540.704545,s1-eth1,73330.00,3388730.00,3462060.00,3388730,73330,1111.00,1169.00,2280.00,1169,1111,0.00,0.00,0,0,586640.00,27109840.00,27696480.00,27109840,586640
1669089540.704561,s2-eth2,57358.00,3850000.00,3907358.00,3850000,57358,869.00,874.00,1743.00,874,869,0.00,0.00,0,0,458864.00,30800000.00,31258864.00,30800000,458864
1669089540.704575,s2-eth3,72150.00,4899048.00,4971198.00,4899048,72150,1093.00,1104.00,2197.00,1104,1093,0.00,0.00,0,0,577200.00,39192384.00,39769584.00,39192384,577200
1669089540.704606,s1-eth3,12062346.00,202554.00,12264900.00,202554,12062346,3123.00,3069.00,6192.00,3069,3123,0.00,0.00,0,0,96498768.00,1620432.00,98119200.00,1620432,96498768
1669089540.704620,s1-eth2,129232.00,8752010.00,8881242.00,8752010,129232,1958.00,1979.00,3937.00,1979,1958,0.00,0.00,0,0,1033856.00,70016080.00,71049936.00,70016080,1033856
1669089540.704634,s2-eth1,8752010.00,129232.00,8881242.00,129232,8752010,1979.00,1958.00,3937.00,1958,1979,0.00,0.00,0,0,70016080.00,1033856.00,71049936.00,1033856,70016080
1669089540.704671,total,21147584.00,21222732.00,42370316.00,21222732,21147584,10142.00,10162.00,20304.00,10162,10142,0.00,0.00,0,0,169180672.00,169781856.00,338962528.00,169781856,169180672
1669089541.704989,lo,0.00,0.00,0.00,0,0,0.00,0.00,0.00,0,0,0.00,0.00,0,0,0.00,0.00,0.00,0,0
1669089541.705035,eth0,0.00,0.00,0.00,0,0,0.00,0.00,0.00,0,0,0.00,0.00,0,0,0.00,0.00,0.00,0,0
1669089541.705047,docker0,0.00,0.00,0.00,0,0,0.00,0.00,0.00,0,0,0.00,0.00,0,0,0.00,0.00,0.00,0,0
1669089541.705057,s1-eth1,57030.00,2509086.00,2566116.00,2509086,57030,851.00,895.00,1746.00,895,851,0.00,0.00,0,0,456240.00,20072688.00,20528928.00,20072688,456240
1669089541.705073,s2-eth2,62304.00,4193910.00,4256214.00,4193910,62304,944.00,951.00,1895.00,951,944,0.00,0.00,0,0,498432.00,33551280.00,34049712.00,33551280,498432
1669089541.705086,s2-eth3,67914.00,5307310.00,5375224.00,5307310,67914,1029.00,1059.00,2088.00,1059,1029,0.00,0.00,0,0,543312.00,42458480.00,43001792.00,42458480,543312
1669089541.705138,s1-eth3,12056056.00,187248.00,12243304.00,187248,12056056,2940.00,2824.00,5764.00,2824,2940,0.00,0.00,0,0,96448448.00,1497984.00,97946432.00,1497984,96448448
1669089541.705154,s1-eth2,130284.00,9496810.00,9627094.00,9496810,130284,1974.00,2009.00,3983.00,2009,1974,0.00,0.00,0,0,1042272.00,75974480.00,77016752.00,75974480,1042272
1669089541.705169,s2-eth1,9496810.00,130284.00,9627094.00,130284,9496810,2009.00,1974.00,3983.00,1974,2009,0.00,0.00,0,0,75974480.00,1042272.00,77016752.00,1042272,75974480
1669089541.705211,total,21870398.00,21824648.00,43695048.00,21824648,21870398,9747.00,9712.00,19459.00,9712,9747,0.00,0.00,0,0,174963184.00,174597184.00,349560384.00,174597184,174963184
1669089542.705503,lo,772.00,772.00,1544.00,772,772,6.00,6.00,12.00,6,6,0.00,0.00,0,0,6176.00,6176.00,12352.00,6176,6176
1669089542.705553,eth0,0.00,0.00,0.00,0,0,0.00,0.00,0.00,0,0,0.00,0.00,0,0,0.00,0.00,0.00,0,0
1669089542.705565,docker0,0.00,0.00,0.00,0,0,0.00,0.00,0.00,0,0,0.00,0.00,0,0,0.00,0.00,0.00,0,0
1669089542.705576,s1-eth1,47792.00,2212222.00,2260014.00,2212222,47792,724.00,763.00,1487.00,763,724,0.00,0.00,0,0,382336.00,17697776.00,18080112.00,17697776,382336
1669089542.705590,s2-eth2,66334.00,4445280.00,4511614.00,4445280,66334,1005.00,1008.00,2013.00,1008,1005,0.00,0.00,0,0,530672.00,35562240.00,36092912.00,35562240,530672
1669089542.705604,s2-eth3,59998.00,5462300.00,5522298.00,5462300,59998,909.00,994.00,1903.00,994,909,0.00,0.00,0,0,479984.00,43698400.00,44178384.00,43698400,479984
1669089542.705635,s1-eth3,12056416.00,173848.00,12230264.00,173848,12056416,2748.00,2634.00,5382.00,2634,2748,0.00,0.00,0,0,96451328.00,1390784.00,97842112.00,1390784,96451328
1669089542.705650,s1-eth2,126262.00,9904684.00,10030946.00,9904684,126262,1913.00,2002.00,3915.00,2002,1913,0.00,0.00,0,0,1010096.00,79237472.00,80247568.00,79237472,1010096
1669089542.705664,s2-eth1,9904684.00,126262.00,10030946.00,126262,9904684,2002.00,1913.00,3915.00,1913,2002,0.00,0.00,0,0,79237472.00,1010096.00,80247568.00,1010096,79237472
1669089542.705688,total,22262258.00,22325368.00,44587624.00,22325368,22262258,9307.00,9320.00,18627.00,9320,9307,0.00,0.00,0,0,178098064.00,178602944.00,356700992.00,178602944,178098064
1669089543.705974,lo,3650.00,3650.00,7300.00,3650,3650,33.00,33.00,66.00,33,33,0.00,0.00,0,0,29200.00,29200.00,58400.00,29200,29200
1669089543.706042,eth0,206.00,208.00,414.00,208,206,3.00,3.00,6.00,3,3,0.00,0.00,0,0,1648.00,1664.00,3312.00,1664,1648
1669089543.706139,docker0,0.00,0.00,0.00,0,0,0.00,0.00,0.00,0,0,0.00,0.00,0,0,0.00,0.00,0.00,0,0
1669089543.706155,s1-eth1,50994.00,2360430.00,2411424.00,2360430,50994,773.00,815.00,1588.00,815,773,0.00,0.00,0,0,407952.00,18883440.00,19291392.00,18883440,407952
1669089543.706170,s2-eth2,64986.00,4370352.00,4435338.00,4370352,64986,985.00,992.00,1977.00,992,985,0.00,0.00,0,0,519888.00,34962816.00,35482704.00,34962816,519888
1669089543.706184,s2-eth3,59466.00,5408064.00,5467530.00,5408064,59466,901.00,984.00,1885.00,984,901,0.00,0.00,0,0,475728.00,43264512.00,43740240.00,43264512,475728
1669089543.706215,s1-eth3,12068220.00,175380.00,12243600.00,175380,12068220,2774.00,2658.00,5432.00,2658,2774,0.00,0.00,0,0,96545760.00,1403040.00,97948800.00,1403040,96545760
1669089543.706229,s1-eth2,124320.00,9784274.00,9908594.00,9784274,124320,1884.00,1977.00,3861.00,1977,1884,0.00,0.00,0,0,994560.00,78274192.00,79268752.00,78274192,994560
1669089543.706243,s2-eth1,9784274.00,124320.00,9908594.00,124320,9784274,1977.00,1884.00,3861.00,1884,1977,0.00,0.00,0,0,78274192.00,994560.00,79268752.00,994560,78274192
1669089543.706268,total,22156116.00,22226678.00,44382792.00,22226678,22156116,9330.00,9346.00,18676.00,9346,9330,0.00,0.00,0,0,177248928.00,177813424.00,355062336.00,177813424,177248928
1669089544.706460,lo,1936.00,1936.00,3872.00,1936,1936,15.00,15.00,30.00,15,15,0.00,0.00,0,0,15488.00,15488.00,30976.00,15488,15488
1669089544.706543,eth0,98.00,40.00,138.00,40,98,1.00,1.00,2.00,1,1,0.00,0.00,0,0,784.00,320.00,1104.00,320,784
1669089544.706557,docker0,0.00,0.00,0.00,0,0,0.00,0.00,0.00,0,0,0.00,0.00,0,0,0.00,0.00,0.00,0,0
1669089544.706568,s1-eth1,47498.00,2015096.00,2062594.00,2015096,47498,701.00,738.00,1439.00,738,701,0.00,0.00,0,0,379984.00,16120768.00,16500752.00,16120768,379984
1669089544.706582,s2-eth2,68318.00,4568892.00,4637210.00,4568892,68318,1035.00,1038.00,2073.00,1038,1035,0.00,0.00,0,0,546544.00,36551136.00,37097680.00,36551136,546544
1669089544.706596,s2-eth3,59734.00,5437424.00,5497158.00,5437424,59734,905.00,990.00,1895.00,990,905,0.00,0.00,0,0,477872.00,43499392.00,43977264.00,43499392,477872
1669089544.706626,s1-eth3,12057422.00,175266.00,12232688.00,175266,12057422,2785.00,2637.00,5422.00,2637,2785,0.00,0.00,0,0,96459376.00,1402128.00,97861504.00,1402128,96459376
1669089544.706658,s1-eth2,127978.00,10003424.00,10131402.00,10003424,127978,1939.00,2028.00,3967.00,2028,1939,0.00,0.00,0,0,1023824.00,80027392.00,81051216.00,80027392,1023824
1669089544.706714,s2-eth1,10003424.00,127978.00,10131402.00,127978,10003424,2028.00,1939.00,3967.00,1939,2028,0.00,0.00,0,0,80027392.00,1023824.00,81051216.00,1023824,80027392
1669089544.706739,total,22366408.00,22330056.00,44696464.00,22330056,22366408,9409.00,9386.00,18795.00,9386,9409,0.00,0.00,0,0,178931264.00,178640448.00,357571712.00,178640448,178931264
1669089545.707081,lo,272.00,272.00,544.00,272,272,4.00,4.00,8.00,4,4,0.00,0.00,0,0,2176.00,2176.00,4352.00,2176,2176
1669089545.707173,eth0,176.00,148.00,324.00,148,176,2.00,2.00,4.00,2,2,0.00,0.00,0,0,1408.00,1184.00,2592.00,1184,1408
1669089545.707187,docker0,0.00,0.00,0.00,0,0,0.00,0.00,0.00,0,0,0.00,0.00,0,0,0.00,0.00,0.00,0,0
1669089545.707198,s1-eth1,32670.00,1518784.00,1551454.00,1518784,32670,495.00,524.00,1019.00,524,495,0.00,0.00,0,0,261360.00,12150272.00,12411632.00,12150272,261360
1669089545.707213,s2-eth2,70884.00,4762932.00,4833816.00,4762932,70884,1074.00,1082.00,2156.00,1082,1074,0.00,0.00,0,0,567072.00,38103456.00,38670528.00,38103456,567072
1669089545.707227,s2-eth3,64218.00,5846296.00,5910514.00,5846296,64218,973.00,1064.00,2037.00,1064,973,0.00,0.00,0,0,513744.00,46770368.00,47284112.00,46770368,513744
1669089545.707257,s1-eth3,12073578.00,167772.00,12241350.00,167772,12073578,2657.00,2542.00,5199.00,2542,2657,0.00,0.00,0,0,96588624.00,1342176.00,97930800.00,1342176,96588624
1669089545.707272,s1-eth2,135168.00,10609228.00,10744396.00,10609228,135168,2048.00,2146.00,4194.00,2146,2048,0.00,0.00,0,0,1081344.00,84873824.00,85955168.00,84873824,1081344
1669089545.707286,s2-eth1,10609228.00,135168.00,10744396.00,135168,10609228,2146.00,2048.00,4194.00,2048,2146,0.00,0.00,0,0,84873824.00,1081344.00,85955168.00,1081344,84873824
1669089545.707309,total,22986194.00,23040600.00,46026792.00,23040600,22986194,9399.00,9412.00,18811.00,9412,9399,0.00,0.00,0,0,183889552.00,184324800.00,368214336.00,184324800,183889552
1669089546.707623,lo,0.00,0.00,0.00,0,0,0.00,0.00,0.00,0,0,0.00,0.00,0,0,0.00,0.00,0.00,0,0
1669089546.707668,eth0,0.00,0.00,0.00,0,0,0.00,0.00,0.00,0,0,0.00,0.00,0,0,0.00,0.00,0.00,0,0
1669089546.707680,docker0,0.00,0.00,0.00,0,0,0.00,0.00,0.00,0,0,0.00,0.00,0,0,0.00,0.00,0.00,0,0
1669089546.707691,s1-eth1,37554.00,1749952.00,1787506.00,1749952,37554,569.00,604.00,1173.00,604,569,0.00,0.00,0,0,300432.00,13999616.00,14300048.00,13999616,300432
1669089546.707706,s2-eth2,73788.00,5001988.00,5075776.00,5001988,73788,1118.00,1106.00,2224.00,1106,1118,0.00,0.00,0,0,590304.00,40015904.00,40606208.00,40015904,590304
1669089546.707720,s2-eth3,59460.00,5154470.00,5213930.00,5154470,59460,884.00,1003.00,1887.00,1003,884,0.00,0.00,0,0,475680.00,41235760.00,41711440.00,41235760,475680
1669089546.707750,s1-eth3,12051676.00,170868.00,12222544.00,170868,12051676,2720.00,2572.00,5292.00,2572,2720,0.00,0.00,0,0,96413408.00,1366944.00,97780352.00,1366944,96413408
1669089546.707766,s1-eth2,133182.00,10153562.00,10286744.00,10153562,133182,2001.00,2109.00,4110.00,2109,2001,0.00,0.00,0,0,1065456.00,81228496.00,82293952.00,81228496,1065456
1669089546.707780,s2-eth1,10153562.00,133182.00,10286744.00,133182,10153562,2109.00,2001.00,4110.00,2001,2109,0.00,0.00,0,0,81228496.00,1065456.00,82293952.00,1065456,81228496
1669089546.707823,total,22509222.00,22364022.00,44873244.00,22364022,22509222,9401.00,9395.00,18796.00,9395,9401,0.00,0.00,0,0,180073776.00,178912176.00,358985952.00,178912176,180073776
1669089547.708084,lo,117.00,117.00,234.00,117,117,2.00,2.00,4.00,2,2,0.00,0.00,0,0,936.00,936.00,1872.00,936,936
1669089547.708162,eth0,186.00,196.00,382.00,196,186,3.00,3.00,6.00,3,3,0.00,0.00,0,0,1488.00,1568.00,3056.00,1568,1488
1669089547.708179,docker0,0.00,0.00,0.00,0,0,0.00,0.00,0.00,0,0,0.00,0.00,0,0,0.00,0.00,0.00,0,0
1669089547.708190,s1-eth1,51876.00,2403370.00,2455246.00,2403370,51876,786.00,829.00,1615.00,829,786,0.00,0.00,0,0,415008.00,19226960.00,19641968.00,19226960,415008
1669089547.708221,s2-eth2,65316.00,5843928.00,5909244.00,5843928,65316,982.00,1072.00,2054.00,1072,982,0.00,0.00,0,0,522528.00,46751424.00,47273952.00,46751424,522528
1669089547.708235,s2-eth3,80586.00,3731006.00,3811592.00,3731006,80586,1221.00,1287.00,2508.00,1287,1221,0.00,0.00,0,0,644688.00,29848048.00,30492736.00,29848048,644688
1669089547.708266,s1-eth3,12078150.00,197868.00,12276018.00,197868,12078150,3187.00,2990.00,6177.00,2990,3187,0.00,0.00,0,0,96625200.00,1582944.00,98208144.00,1582944,96625200
1669089547.708343,s1-eth2,146058.00,9580726.00,9726784.00,9580726,146058,2205.00,2359.00,4564.00,2359,2205,0.00,0.00,0,0,1168464.00,76645808.00,77814272.00,76645808,1168464
1669089547.708360,s2-eth1,9580726.00,146058.00,9726784.00,146058,9580726,2359.00,2205.00,4564.00,2205,2359,0.00,0.00,0,0,76645808.00,1168464.00,77814272.00,1168464,76645808
1669089547.708385,total,22003016.00,21903268.00,43906284.00,21903269,22003015,10745.00,10747.00,21492.00,10747,10745,0.00,0.00,0,0,176024128.00,175226144.00,351250272.00,175226152,176024120
1669089548.708614,lo,339.00,339.00,678.00,339,339,6.00,6.00,12.00,6,6,0.00,0.00,0,0,2712.00,2712.00,5424.00,2712,2712
1669089548.708707,eth0,206.00,216.00,422.00,216,206,3.00,3.00,6.00,3,3,0.00,0.00,0,0,1648.00,1728.00,3376.00,1728,1648
1669089548.709518,docker0,0.00,0.00,0.00,0,0,0.00,0.00,0.00,0,0,0.00,0.00,0,0,0.00,0.00,0.00,0,0
1669089548.709538,s1-eth1,72857.15,3371996.00,3444853.25,3375368,72930,1103.90,1162.84,2266.73,1164,1105,0.00,0.00,0,0,582857.19,26975968.00,27558826.00,27002944,583440
1669089548.709556,s2-eth2,61042.96,3978783.25,4039826.25,3982762,61104,923.08,932.07,1855.14,933,924,0.00,0.00,0,0,488343.66,31830266.00,32318610.00,31862096,488832
1669089548.709570,s2-eth3,72527.48,4757255.00,4829782.50,4762012,72600,1098.90,1088.91,2187.81,1090,1100,0.00,0.00,0,0,580219.81,38058040.00,38638260.00,38096096,580800
1669089548.709606,s1-eth3,12061155.00,206337.67,12267493.00,206544,12073216,3196.80,3124.88,6321.68,3128,3200,0.00,0.00,0,0,96489240.00,1650701.38,98139944.00,1652352,96585728
1669089548.709678,s1-eth2,133546.45,8741956.00,8875503.00,8750698,133680,2021.98,2022.98,4044.96,2025,2024,0.00,0.00,0,0,1068371.62,69935648.00,71004024.00,70005584,1069440
1669089548.709693,s2-eth1,8741956.00,133546.45,8875503.00,133680,8750698,2022.98,2021.98,4044.96,2024,2025,0.00,0.00,0,0,69935648.00,1068371.62,71004024.00,1069440,70005584
1669089548.709718,total,21143628.00,21190430.00,42334060.00,21211619,21164773,10376.62,10362.64,20739.26,10373,10387,0.00,0.00,0,0,169149024.00,169523440.00,338672480.00,169692952,169318184
1669089549.710125,lo,453.55,453.55,907.09,454,454,7.99,7.99,15.98,8,8,0.00,0.00,0,0,3628.37,3628.37,7256.74,3632,3632
1669089549.710199,eth0,97.90,39.96,137.86,40,98,1.00,1.00,2.00,1,1,0.00,0.00,0,0,783.22,319.68,1102.90,320,784
1669089549.710214,docker0,0.00,0.00,0.00,0,0,0.00,0.00,0.00,0,0,0.00,0.00,0,0,0.00,0.00,0.00,0,0
1669089549.710224,s1-eth1,75042.00,3473180.00,3548222.00,3473180,75042,1137.00,1198.00,2335.00,1198,1137,0.00,0.00,0,0,600336.00,27785440.00,28385776.00,27785440,600336
1669089549.710239,s2-eth2,57816.00,3898506.00,3956322.00,3898506,57816,876.00,885.00,1761.00,885,876,0.00,0.00,0,0,462528.00,31188048.00,31650576.00,31188048,462528
1669089549.710253,s2-eth3,71322.00,4780548.00,4851870.00,4780548,71322,1081.00,1086.00,2167.00,1086,1081,0.00,0.00,0,0,570576.00,38244384.00,38814960.00,38244384,570576
1669089549.710283,s1-eth3,12075618.00,204180.00,12279798.00,204180,12075618,3149.00,3094.00,6243.00,3094,3149,0.00,0.00,0,0,96604944.00,1633440.00,98238384.00,1633440,96604944
1669089549.710336,s1-eth2,129072.00,8670234.00,8799306.00,8670234,129072,1956.00,1969.00,3925.00,1969,1956,0.00,0.00,0,0,1032576.00,69361872.00,70394448.00,69361872,1032576
1669089549.710356,s2-eth1,8670234.00,129072.00,8799306.00,129072,8670234,1969.00,1956.00,3925.00,1956,1969,0.00,0.00,0,0,69361872.00,1032576.00,70394448.00,1032576,69361872
1669089549.710396,total,21079656.00,21156214.00,42235872.00,21156214,21079656,10177.00,10197.00,20374.00,10197,10177,0.00,0.00,0,0,168637248.00,169249712.00,337886976.00,169249712,168637248
1669089550.710680,lo,0.00,0.00,0.00,0,0,0.00,0.00,0.00,0,0,0.00,0.00,0,0,0.00,0.00,0.00,0,0
1669089550.710724,eth0,0.00,0.00,0.00,0,0,0.00,0.00,0.00,0,0,0.00,0.00,0,0,0.00,0.00,0.00,0,0
1669089550.710736,docker0,0.00,0.00,0.00,0,0,0.00,0.00,0.00,0,0,0.00,0.00,0,0,0.00,0.00,0.00,0,0
1669089550.710747,s1-eth1,76332.00,3422764.00,3499096.00,3422764,76332,1146.00,1202.00,2348.00,1202,1146,0.00,0.00,0,0,610656.00,27382112.00,27992768.00,27382112,610656
1669089550.710762,s2-eth2,60060.00,4026660.00,4086720.00,4026660,60060,910.00,918.00,1828.00,918,910,0.00,0.00,0,0,480480.00,32213280.00,32693760.00,32213280,480480
1669089550.710776,s2-eth3,67350.00,4427776.00,4495126.00,4427776,67350,1011.00,1028.00,2039.00,1028,1011,0.00,0.00,0,0,538800.00,35422208.00,35961008.00,35422208,538800
1669089550.710807,s1-eth3,12064916.00,203754.00,12268670.00,203754,12064916,3162.00,3067.00,6229.00,3067,3162,0.00,0.00,0,0,96519328.00,1630032.00,98149360.00,1630032,96519328
1669089550.710822,s1-eth2,127410.00,8452922.00,8580332.00,8452922,127410,1921.00,1945.00,3866.00,1945,1921,0.00,0.00,0,0,1019280.00,67623376.00,68642656.00,67623376,1019280
1669089550.710836,s2-eth1,8452922.00,127410.00,8580332.00,127410,8452922,1945.00,1921.00,3866.00,1921,1945,0.00,0.00,0,0,67623376.00,1019280.00,68642656.00,1019280,67623376
1669089550.710861,total,20848990.00,20661286.00,41510276.00,20661286,20848990,10095.00,10081.00,20176.00,10081,10095,0.00,0.00,0,0,166791920.00,165290288.00,332082208.00,165290288,166791920
1669089551.711286,lo,0.00,0.00,0.00,0,0,0.00,0.00,0.00,0,0,0.00,0.00,0,0,0.00,0.00,0.00,0,0
1669089551.711332,eth0,0.00,0.00,0.00,0,0,0.00,0.00,0.00,0,0,0.00,0.00,0,0,0.00,0.00,0.00,0,0
1669089551.711343,docker0,0.00,0.00,0.00,0,0,0.00,0.00,0.00,0,0,0.00,0.00,0,0,0.00,0.00,0.00,0,0
1669089551.711354,s1-eth1,60798.00,2802254.00,2863052.00,2802254,60798,919.00,971.00,1890.00,971,919,0.00,0.00,0,0,486384.00,22418032.00,22904416.00,22418032,486384
1669089551.711370,s2-eth2,66066.00,5832080.00,5898146.00,5832080,66066,1001.00,1068.00,2069.00,1068,1001,0.00,0.00,0,0,528528.00,46656640.00,47185168.00,46656640,528528
1669089551.711385,s2-eth3,75174.00,3516162.00,3591336.00,3516162,75174,1139.00,1213.00,2352.00,1213,1139,0.00,0.00,0,0,601392.00,28129296.00,28730688.00,28129296,601392
1669089551.711442,s1-eth3,12078690.00,201894.00,12280584.00,201894,12078690,3261.00,3057.00,6318.00,3057,3261,0.00,0.00,0,0,96629520.00,1615152.00,98244672.00,1615152,96629520
1669089551.711462,s1-eth2,141174.00,9348242.00,9489416.00,9348242,141174,2139.00,2281.00,4420.00,2281,2139,0.00,0.00,0,0,1129392.00,74785936.00,75915328.00,74785936,1129392
1669089551.711477,s2-eth1,9348242.00,141174.00,9489416.00,141174,9348242,2281.00,2139.00,4420.00,2139,2281,0.00,0.00,0,0,74785936.00,1129392.00,75915328.00,1129392,74785936
1669089551.711503,total,21770144.00,21841806.00,43611952.00,21841806,21770144,10740.00,10729.00,21469.00,10729,10740,0.00,0.00,0,0,174161152.00,174734448.00,348895616.00,174734448,174161152
1669089552.711772,lo,0.00,0.00,0.00,0,0,0.00,0.00,0.00,0,0,0.00,0.00,0,0,0.00,0.00,0.00,0,0
1669089552.711878,eth0,0.00,0.00,0.00,0,0,0.00,0.00,0.00,0,0,0.00,0.00,0,0,0.00,0.00,0.00,0,0
1669089552.711892,docker0,0.00,0.00,0.00,0,0,0.00,0.00,0.00,0,0,0.00,0.00,0,0,0.00,0.00,0.00,0,0
1669089552.711903,s1-eth1,64218.00,2978262.00,3042480.00,2978262,64218,973.00,1027.00,2000.00,1027,973,0.00,0.00,0,0,513744.00,23826096.00,24339840.00,23826096,513744
1669089552.711918,s2-eth2,60984.00,5569258.00,5630242.00,5569258,60984,924.00,1013.00,1937.00,1013,924,0.00,0.00,0,0,487872.00,44554064.00,45041936.00,44554064,487872
1669089552.711932,s2-eth3,78342.00,3624308.00,3702650.00,3624308,78342,1187.00,1250.00,2437.00,1250,1187,0.00,0.00,0,0,626736.00,28994464.00,29621200.00,28994464,626736
1669089552.711965,s1-eth3,12090802.00,203610.00,12294412.00,203610,12090802,3269.00,3085.00,6354.00,3085,3269,0.00,0.00,0,0,96726416.00,1628880.00,98355296.00,1628880,96726416
1669089552.712034,s1-eth2,139326.00,9192184.00,9331510.00,9192184,139326,2111.00,2264.00,4375.00,2264,2111,0.00,0.00,0,0,1114608.00,73537472.00,74652080.00,73537472,1114608
1669089552.712051,s2-eth1,9192184.00,139326.00,9331510.00,139326,9192184,2264.00,2111.00,4375.00,2111,2264,0.00,0.00,0,0,73537472.00,1114608.00,74652080.00,1114608,73537472
1669089552.712077,total,21625856.00,21706948.00,43332804.00,21706948,21625856,10728.00,10750.00,21478.00,10750,10728,0.00,0.00,0,0,173006848.00,173655584.00,346662432.00,173655584,173006848
1669089553.712251,lo,338.00,338.00,676.00,338,338,6.00,6.00,12.00,6,6,0.00,0.00,0,0,2704.00,2704.00,5408.00,2704,2704
1669089553.712311,eth0,206.00,208.00,414.00,208,206,3.00,3.00,6.00,3,3,0.00,0.00,0,0,1648.00,1664.00,3312.00,1664,1648
1669089553.712331,docker0,0.00,0.00,0.00,0,0,0.00,0.00,0.00,0,0,0.00,0.00,0,0,0.00,0.00,0.00,0,0
1669089553.712343,s1-eth1,68118.00,3033162.00,3101280.00,3033162,68118,1015.00,1069.00,2084.00,1069,1015,0.00,0.00,0,0,544944.00,24265296.00,24810240.00,24265296,544944
1669089553.712357,s2-eth2,59790.00,5121558.00,5181348.00,5121558,59790,897.00,987.00,1884.00,987,897,0.00,0.00,0,0,478320.00,40972464.00,41450784.00,40972464,478320
1669089553.712371,s2-eth3,80718.00,3740544.00,3821262.00,3740544,80718,1223.00,1256.00,2479.00,1256,1223,0.00,0.00,0,0,645744.00,29924352.00,30570096.00,29924352,645744
1669089553.712402,s1-eth3,12095884.00,208692.00,12304576.00,208692,12095884,3346.00,3136.00,6482.00,3136,3346,0.00,0.00,0,0,96767072.00,1669536.00,98436608.00,1669536,96767072
1669089553.712417,s1-eth2,140574.00,8869342.00,9009916.00,8869342,140574,2121.00,2243.00,4364.00,2243,2121,0.00,0.00,0,0,1124592.00,70954736.00,72079328.00,70954736,1124592
1669089553.712431,s2-eth1,8869342.00,140574.00,9009916.00,140574,8869342,2243.00,2121.00,4364.00,2121,2243,0.00,0.00,0,0,70954736.00,1124592.00,72079328.00,1124592,70954736
1669089553.712456,total,21314970.00,21114418.00,42429388.00,21114418,21314970,10854.00,10821.00,21675.00,10821,10854,0.00,0.00,0,0,170519760.00,168915344.00,339435104.00,168915344,170519760
1669089554.712734,lo,454.00,454.00,908.00,454,454,8.00,8.00,16.00,8,8,0.00,0.00,0,0,3632.00,3632.00,7264.00,3632,3632
1669089554.712783,eth0,188.00,116.00,304.00,116,188,2.00,2.00,4.00,2,2,0.00,0.00,0,0,1504.00,928.00,2432.00,928,1504
1669089554.712798,docker0,0.00,0.00,0.00,0,0,0.00,0.00,0.00,0,0,0.00,0.00,0,0,0.00,0.00,0.00,0,0
1669089554.712808,s1-eth1,55902.00,2603404.00,2659306.00,2603404,55902,847.00,898.00,1745.00,898,847,0.00,0.00,0,0,447216.00,20827232.00,21274448.00,20827232,447216
1669089554.712823,s2-eth2,62634.00,4125194.00,4187828.00,4125194,62634,949.00,941.00,1890.00,941,949,0.00,0.00,0,0,501072.00,33001552.00,33502624.00,33001552,501072
1669089554.712837,s2-eth3,60456.00,5431496.00,5491952.00,5431496,60456,916.00,988.00,1904.00,988,916,0.00,0.00,0,0,483648.00,43451968.00,43935616.00,43451968,483648
1669089554.712868,s1-eth3,12068478.00,178926.00,12247404.00,178926,12068478,2843.00,2711.00,5554.00,2711,2843,0.00,0.00,0,0,96547824.00,1431408.00,97979232.00,1431408,96547824
1669089554.712883,s1-eth2,123090.00,9552346.00,9675436.00,9552346,123090,1865.00,1929.00,3794.00,1929,1865,0.00,0.00,0,0,984720.00,76418768.00,77403488.00,76418768,984720
1669089554.712897,s2-eth1,9552346.00,123090.00,9675436.00,123090,9552346,1929.00,1865.00,3794.00,1865,1929,0.00,0.00,0,0,76418768.00,984720.00,77403488.00,984720,76418768
1669089554.712922,total,21923548.00,22015026.00,43938576.00,22015026,21923548,9359.00,9342.00,18701.00,9342,9359,0.00,0.00,0,0,175388384.00,176120208.00,351508608.00,176120208,175388384
1669089555.713175,lo,0.00,0.00,0.00,0,0,0.00,0.00,0.00,0,0,0.00,0.00,0,0,0.00,0.00,0.00,0,0
1669089555.713219,eth0,0.00,0.00,0.00,0,0,0.00,0.00,0.00,0,0,0.00,0.00,0,0,0.00,0.00,0.00,0,0
1669089555.713231,docker0,0.00,0.00,0.00,0,0,0.00,0.00,0.00,0,0,0.00,0.00,0,0,0.00,0.00,0.00,0,0
1669089555.713241,s1-eth1,60852.00,2824172.00,2885024.00,2824172,60852,922.00,974.00,1896.00,974,922,0.00,0.00,0,0,486816.00,22593376.00,23080192.00,22593376,486816
1669089555.713271,s2-eth2,60786.00,4096890.00,4157676.00,4096890,60786,921.00,929.00,1850.00,929,921,0.00,0.00,0,0,486288.00,32775120.00,33261408.00,32775120,486288
1669089555.713285,s2-eth3,57288.00,5223438.00,5280726.00,5223438,57288,868.00,951.00,1819.00,951,868,0.00,0.00,0,0,458304.00,41787504.00,42245808.00,41787504,458304
1669089555.713319,s1-eth3,12054654.00,178860.00,12233514.00,178860,12054654,2831.00,2710.00,5541.00,2710,2831,0.00,0.00,0,0,96437232.00,1430880.00,97868112.00,1430880,96437232
1669089555.713334,s1-eth2,118008.00,9315918.00,9433926.00,9315918,118008,1788.00,1879.00,3667.00,1879,1788,0.00,0.00,0,0,944064.00,74527344.00,75471408.00,74527344,944064
1669089555.713348,s2-eth1,9315918.00,118008.00,9433926.00,118008,9315918,1879.00,1788.00,3667.00,1788,1879,0.00,0.00,0,0,74527344.00,944064.00,75471408.00,944064,74527344
1669089555.713371,total,21667506.00,21757286.00,43424792.00,21757286,21667506,9209.00,9231.00,18440.00,9231,9209,0.00,0.00,0,0,173340048.00,174058288.00,347398336.00,174058288,173340048
1669089556.713578,lo,0.00,0.00,0.00,0,0,0.00,0.00,0.00,0,0,0.00,0.00,0,0,0.00,0.00,0.00,0,0
1669089556.713660,eth0,0.00,0.00,0.00,0,0,0.00,0.00,0.00,0,0,0.00,0.00,0,0,0.00,0.00,0.00,0,0
1669089556.713672,docker0,0.00,0.00,0.00,0,0,0.00,0.00,0.00,0,0,0.00,0.00,0,0,0.00,0.00,0.00,0,0
1669089556.713682,s1-eth1,64152.00,2970890.00,3035042.00,2970890,64152,972.00,1025.00,1997.00,1025,972,0.00,0.00,0,0,513216.00,23767120.00,24280336.00,23767120,513216
1669089556.713697,s2-eth2,61380.00,4110318.00,4171698.00,4110318,61380,930.00,935.00,1865.00,935,930,0.00,0.00,0,0,491040.00,32882544.00,33373584.00,32882544,491040
1669089556.713712,s2-eth3,55440.00,5053424.00,5108864.00,5053424,55440,840.00,920.00,1760.00,920,840,0.00,0.00,0,0,443520.00,40427392.00,40870912.00,40427392,443520
1669089556.713754,s1-eth3,12061044.00,181038.00,12242082.00,181038,12061044,2862.00,2743.00,5605.00,2743,2862,0.00,0.00,0,0,96488352.00,1448304.00,97936656.00,1448304,96488352
1669089556.713770,s1-eth2,116886.00,9172562.00,9289448.00,9172562,116886,1771.00,1857.00,3628.00,1857,1771,0.00,0.00,0,0,935088.00,73380496.00,74315584.00,73380496,935088
1669089556.713785,s2-eth1,9172562.00,116886.00,9289448.00,116886,9172562,1857.00,1771.00,3628.00,1771,1857,0.00,0.00,0,0,73380496.00,935088.00,74315584.00,935088,73380496
1669089556.713809,total,21531464.00,21605118.00,43136584.00,21605118,21531464,9232.00,9251.00,18483.00,9251,9232,0.00,0.00,0,0,172251712.00,172840944.00,345092672.00,172840944,172251712
1669089557.714031,lo,0.00,0.00,0.00,0,0,0.00,0.00,0.00,0,0,0.00,0.00,0,0,0.00,0.00,0.00,0,0
1669089557.714075,eth0,0.00,0.00,0.00,0,0,0.00,0.00,0.00,0,0,0.00,0.00,0,0,0.00,0.00,0.00,0,0
1669089557.714087,docker0,0.00,0.00,0.00,0,0,0.00,0.00,0.00,0,0,0.00,0.00,0,0,0.00,0.00,0.00,0,0
1669089557.714098,s1-eth1,66924.00,3093846.00,3160770.00,3093846,66924,1014.00,1067.00,2081.00,1067,1014,0.00,0.00,0,0,535392.00,24750768.00,25286160.00,24750768,535392
1669089557.714150,s2-eth2,60456.00,4074906.00,4135362.00,4074906,60456,916.00,925.00,1841.00,925,916,0.00,0.00,0,0,483648.00,32599248.00,33082896.00,32599248,483648
1669089557.714169,s2-eth3,61314.00,4953722.00,5015036.00,4953722,61314,929.00,989.00,1918.00,989,929,0.00,0.00,0,0,490512.00,39629776.00,40120288.00,39629776,490512
1669089557.714201,s1-eth3,12061192.00,188694.00,12249886.00,188694,12061192,2952.00,2859.00,5811.00,2859,2952,0.00,0.00,0,0,96489536.00,1509552.00,97999088.00,1509552,96489536
1669089557.714216,s1-eth2,121704.00,9028628.00,9150332.00,9028628,121704,1844.00,1914.00,3758.00,1914,1844,0.00,0.00,0,0,973632.00,72229024.00,73202656.00,72229024,973632
1669089557.714230,s2-eth1,9028628.00,121704.00,9150332.00,121704,9028628,1914.00,1844.00,3758.00,1844,1914,0.00,0.00,0,0,72229024.00,973632.00,73202656.00,973632,72229024
1669089557.714254,total,21400218.00,21461500.00,42861720.00,21461500,21400218,9569.00,9598.00,19167.00,9598,9569,0.00,0.00,0,0,171201744.00,171692000.00,342893760.00,171692000,171201744
1669089558.714474,lo,338.00,338.00,676.00,338,338,6.00,6.00,12.00,6,6,0.00,0.00,0,0,2704.00,2704.00,5408.00,2704,2704
1669089558.714577,eth0,206.00,208.00,414.00,208,206,3.00,3.00,6.00,3,3,0.00,0.00,0,0,1648.00,1664.00,3312.00,1664,1648
1669089558.714593,docker0,0.00,0.00,0.00,0,0,0.00,0.00,0.00,0,0,0.00,0.00,0,0,0.00,0.00,0.00,0,0
1669089558.714603,s1-eth1,55968.00,2468868.00,2524836.00,2468868,55968,836.00,878.00,1714.00,878,836,0.00,0.00,0,0,447744.00,19750944.00,20198688.00,19750944,447744
1669089558.714618,s2-eth2,66198.00,5579336.00,5645534.00,5579336,66198,1003.00,1056.00,2059.00,1056,1003,0.00,0.00,0,0,529584.00,44634688.00,45164272.00,44634688,529584
1669089558.714632,s2-eth3,77340.00,3843282.00,3920622.00,3843282,77340,1162.00,1233.00,2395.00,1233,1162,0.00,0.00,0,0,618720.00,30746256.00,31364976.00,30746256,618720
1669089558.714692,s1-eth3,12078352.00,199572.00,12277924.00,199572,12078352,3212.00,3002.00,6214.00,3002,3212,0.00,0.00,0,0,96626816.00,1596576.00,98223392.00,1596576,96626816
1669089558.714710,s1-eth2,143604.00,9421170.00,9564774.00,9421170,143604,2166.00,2289.00,4455.00,2289,2166,0.00,0.00,0,0,1148832.00,75369360.00,76518192.00,75369360,1148832
1669089558.714724,s2-eth1,9421170.00,143604.00,9564774.00,143604,9421170,2289.00,2166.00,4455.00,2166,2289,0.00,0.00,0,0,75369360.00,1148832.00,76518192.00,1148832,75369360
1669089558.714748,total,21843176.00,21656378.00,43499552.00,21656378,21843176,10677.00,10633.00,21310.00,10633,10677,0.00,0.00,0,0,174745408.00,173251024.00,347996416.00,173251024,174745408
1669089559.715010,lo,1436.00,1436.00,2872.00,1436,1436,21.00,21.00,42.00,21,21,0.00,0.00,0,0,11488.00,11488.00,22976.00,11488,11488
1669089559.715095,eth0,656.00,552.00,1208.00,552,656,6.00,6.00,12.00,6,6,0.00,0.00,0,0,5248.00,4416.00,9664.00,4416,5248
1669089559.715110,docker0,0.00,0.00,0.00,0,0,0.00,0.00,0.00,0,0,0.00,0.00,0,0,0.00,0.00,0.00,0,0
1669089559.715120,s1-eth1,57486.00,2673044.00,2730530.00,2673044,57486,871.00,922.00,1793.00,922,871,0.00,0.00,0,0,459888.00,21384352.00,21844240.00,21384352,459888
1669089559.715135,s2-eth2,62964.00,5737824.00,5800788.00,5737824,62964,954.00,1044.00,1998.00,1044,954,0.00,0.00,0,0,503712.00,45902592.00,46406304.00,45902592,503712
1669089559.715149,s2-eth3,75570.00,3746192.00,3821762.00,3746192,75570,1145.00,1188.00,2333.00,1188,1145,0.00,0.00,0,0,604560.00,29969536.00,30574096.00,29969536,604560
1669089559.715195,s1-eth3,12082156.00,195954.00,12278110.00,195954,12082156,3138.00,2969.00,6107.00,2969,3138,0.00,0.00,0,0,96657248.00,1567632.00,98224880.00,1567632,96657248
1669089559.715212,s1-eth2,138534.00,9482502.00,9621036.00,9482502,138534,2099.00,2231.00,4330.00,2231,2099,0.00,0.00,0,0,1108272.00,75860016.00,76968288.00,75860016,1108272
1669089559.715226,s2-eth1,9482502.00,138534.00,9621036.00,138534,9482502,2231.00,2099.00,4330.00,2099,2231,0.00,0.00,0,0,75860016.00,1108272.00,76968288.00,1108272,75860016
1669089559.715250,total,21901304.00,21976038.00,43877344.00,21976038,21901304,10465.00,10480.00,20945.00,10480,10465,0.00,0.00,0,0,175210432.00,175808304.00,351018752.00,175808304,175210432
1669089560.715502,lo,1435.00,1435.00,2870.00,1435,1435,19.00,19.00,38.00,19,19,0.00,0.00,0,0,11480.00,11480.00,22960.00,11480,11480
1669089560.715551,eth0,780.00,760.00,1540.00,760,780,6.00,8.00,14.00,8,6,0.00,0.00,0,0,6240.00,6080.00,12320.00,6080,6240
1669089560.715565,docker0,0.00,0.00,0.00,0,0,0.00,0.00,0.00,0,0,0.00,0.00,0,0,0.00,0.00,0.00,0,0
1669089560.715576,s1-eth1,60720.00,2812324.00,2873044.00,2812324,60720,920.00,970.00,1890.00,970,920,0.00,0.00,0,0,485760.00,22498592.00,22984352.00,22498592,485760
1669089560.715590,s2-eth2,60786.00,5534110.00,5594896.00,5534110,60786,921.00,1007.00,1928.00,1007,921,0.00,0.00,0,0,486288.00,44272880.00,44759168.00,44272880,486288
1669089560.715604,s2-eth3,62832.00,3789724.00,3852556.00,3789724,62832,952.00,970.00,1922.00,970,952,0.00,0.00,0,0,502656.00,30317792.00,30820448.00,30317792,502656
1669089560.715635,s1-eth3,12062966.00,184338.00,12247304.00,184338,12062966,2935.00,2793.00,5728.00,2793,2935,0.00,0.00,0,0,96503728.00,1474704.00,97978432.00,1474704,96503728
1669089560.715650,s1-eth2,123486.00,9325348.00,9448834.00,9325348,123486,1871.00,1978.00,3849.00,1978,1871,0.00,0.00,0,0,987888.00,74602784.00,75590672.00,74602784,987888
1669089560.715680,s2-eth1,9325348.00,123486.00,9448834.00,123486,9325348,1978.00,1871.00,3849.00,1871,1978,0.00,0.00,0,0,74602784.00,987888.00,75590672.00,987888,74602784
1669089560.715703,total,21698352.00,21771524.00,43469880.00,21771525,21698353,9602.00,9616.00,19218.00,9616,9602,0.00,0.00,0,0,173586816.00,174172192.00,347759040.00,174172200,173586824
1669089561.715907,lo,0.00,0.00,0.00,0,0,0.00,0.00,0.00,0,0,0.00,0.00,0,0,0.00,0.00,0.00,0,0
1669089561.715976,eth0,0.00,0.00,0.00,0,0,0.00,0.00,0.00,0,0,0.00,0.00,0,0,0.00,0.00,0.00,0,0
1669089561.715988,docker0,0.00,0.00,0.00,0,0,0.00,0.00,0.00,0,0,0.00,0.00,0,0,0.00,0.00,0.00,0,0
1669089561.715999,s1-eth1,63558.00,2939756.00,3003314.00,2939756,63558,963.00,1014.00,1977.00,1014,963,0.00,0.00,0,0,508464.00,23518048.00,24026512.00,23518048,508464
1669089561.716014,s2-eth2,59862.00,5474016.00,5533878.00,5474016,59862,907.00,996.00,1903.00,996,907,0.00,0.00,0,0,478896.00,43792128.00,44271024.00,43792128,478896
1669089561.716028,s2-eth3,58542.00,3707304.00,3765846.00,3707304,58542,887.00,884.00,1771.00,884,887,0.00,0.00,0,0,468336.00,29658432.00,30126768.00,29658432,468336
1669089561.716059,s1-eth3,12049662.00,181962.00,12231624.00,181962,12049662,2887.00,2757.00,5644.00,2757,2887,0.00,0.00,0,0,96397296.00,1455696.00,97852992.00,1455696,96397296
1669089561.716126,s1-eth2,118470.00,9181320.00,9299790.00,9181320,118470,1795.00,1880.00,3675.00,1880,1795,0.00,0.00,0,0,947760.00,73450560.00,74398320.00,73450560,947760
1669089561.716142,s2-eth1,9181320.00,118470.00,9299790.00,118470,9181320,1880.00,1795.00,3675.00,1795,1880,0.00,0.00,0,0,73450560.00,947760.00,74398320.00,947760,73450560
1669089561.716167,total,21531414.00,21602828.00,43134240.00,21602828,21531414,9319.00,9326.00,18645.00,9326,9319,0.00,0.00,0,0,172251312.00,172822624.00,345073920.00,172822624,172251312
1669089562.716424,lo,235.00,235.00,470.00,235,235,4.00,4.00,8.00,4,4,0.00,0.00,0,0,1880.00,1880.00,3760.00,1880,1880
1669089562.716503,eth0,54.00,184.00,238.00,184,54,1.00,2.00,3.00,2,1,0.00,0.00,0,0,432.00,1472.00,1904.00,1472,432
1669089562.716519,docker0,0.00,0.00,0.00,0,0,0.00,0.00,0.00,0,0,0.00,0.00,0,0,0.00,0.00,0.00,0,0
1669089562.716529,s1-eth1,44298.00,1960192.00,2004490.00,1960192,44298,661.00,696.00,1357.00,696,661,0.00,0.00,0,0,354384.00,15681536.00,16035920.00,15681536,354384
1669089562.716544,s2-eth2,64152.00,5834580.00,5898732.00,5834580,64152,972.00,1062.00,2034.00,1062,972,0.00,0.00,0,0,513216.00,46676640.00,47189856.00,46676640,513216
1669089562.716558,s2-eth3,64086.00,4217346.00,4281432.00,4217346,64086,971.00,977.00,1948.00,977,971,0.00,0.00,0,0,512688.00,33738768.00,34251456.00,33738768,512688
1669089562.716589,s1-eth3,12053916.00,172470.00,12226386.00,172470,12053916,2754.00,2603.00,5357.00,2603,2754,0.00,0.00,0,0,96431328.00,1379760.00,97811088.00,1379760,96431328
1669089562.716603,s1-eth2,128238.00,10051860.00,10180098.00,10051860,128238,1943.00,2038.00,3981.00,2038,1943,0.00,0.00,0,0,1025904.00,80414880.00,81440784.00,80414880,1025904
1669089562.716618,s2-eth1,10051860.00,128238.00,10180098.00,128238,10051860,2038.00,1943.00,3981.00,1943,2038,0.00,0.00,0,0,80414880.00,1025904.00,81440784.00,1025904,80414880
1669089562.716641,total,22406840.00,22365104.00,44771944.00,22365105,22406839,9344.00,9325.00,18669.00,9325,9344,0.00,0.00,0,0,179254720.00,178920832.00,358175552.00,178920840,179254712
1669089563.716948,lo,341.00,341.00,682.00,341,341,6.00,6.00,12.00,6,6,0.00,0.00,0,0,2728.00,2728.00,5456.00,2728,2728
1669089563.717061,eth0,476.00,452.00,928.00,452,476,6.00,6.00,12.00,6,6,0.00,0.00,0,0,3808.00,3616.00,7424.00,3616,3808
1669089563.717085,docker0,0.00,0.00,0.00,0,0,0.00,0.00,0.00,0,0,0.00,0.00,0,0,0.00,0.00,0.00,0,0
1669089563.717096,s1-eth1,41910.00,1951434.00,1993344.00,1951434,41910,635.00,673.00,1308.00,673,635,0.00,0.00,0,0,335280.00,15611472.00,15946752.00,15611472,335280
1669089563.717111,s2-eth2,64086.00,5838924.00,5903010.00,5838924,64086,971.00,1062.00,2033.00,1062,971,0.00,0.00,0,0,512688.00,46711392.00,47224080.00,46711392,512688
1669089563.717142,s2-eth3,64350.00,4335030.00,4399380.00,4335030,64350,975.00,983.00,1958.00,983,975,0.00,0.00,0,0,514800.00,34680240.00,35195040.00,34680240,514800
1669089563.717207,s1-eth3,12056012.00,170412.00,12226424.00,170412,12056012,2698.00,2582.00,5280.00,2582,2698,0.00,0.00,0,0,96448096.00,1363296.00,97811392.00,1363296,96448096
1669089563.717224,s1-eth2,128502.00,10174020.00,10302522.00,10174020,128502,1947.00,2046.00,3993.00,2046,1947,0.00,0.00,0,0,1028016.00,81392160.00,82420176.00,81392160,1028016
1669089563.717238,s2-eth1,10174020.00,128502.00,10302522.00,128502,10174020,2046.00,1947.00,3993.00,1947,2046,0.00,0.00,0,0,81392160.00,1028016.00,82420176.00,1028016,81392160
1669089563.717261,total,22529696.00,22599116.00,45128812.00,22599115,22529697,9284.00,9305.00,18589.00,9305,9284,0.00,0.00,0,0,180237568.00,180792928.00,361030496.00,180792920,180237576
1669089564.717569,lo,454.00,454.00,908.00,454,454,8.00,8.00,16.00,8,8,0.00,0.00,0,0,3632.00,3632.00,7264.00,3632,3632
1669089564.717617,eth0,98.00,40.00,138.00,40,98,1.00,1.00,2.00,1,1,0.00,0.00,0,0,784.00,320.00,1104.00,320,784
1669089564.717631,docker0,0.00,0.00,0.00,0,0,0.00,0.00,0.00,0,0,0.00,0.00,0,0,0.00,0.00,0.00,0,0
1669089564.717642,s1-eth1,45408.00,2102562.00,2147970.00,2102562,45408,688.00,725.00,1413.00,725,688,0.00,0.00,0,0,363264.00,16820496.00,17183760.00,16820496,363264
1669089564.717656,s2-eth2,63756.00,5797918.00,5861674.00,5797918,63756,966.00,1055.00,2021.00,1055,966,0.00,0.00,0,0,510048.00,46383344.00,46893392.00,46383344,510048
1669089564.717686,s2-eth3,62766.00,4216290.00,4279056.00,4216290,62766,951.00,961.00,1912.00,961,951,0.00,0.00,0,0,502128.00,33730320.00,34232448.00,33730320,502128
1669089564.717719,s1-eth3,12062336.00,171864.00,12234200.00,171864,12062336,2728.00,2604.00,5332.00,2604,2728,0.00,0.00,0,0,96498688.00,1374912.00,97873600.00,1374912,96498688
1669089564.717736,s1-eth2,126456.00,10009798.00,10136254.00,10009798,126456,1916.00,2015.00,3931.00,2015,1916,0.00,0.00,0,0,1011648.00,80078384.00,81090032.00,80078384,1011648
1669089564.717750,s2-eth1,10009798.00,126456.00,10136254.00,126456,10009798,2015.00,1916.00,3931.00,1916,2015,0.00,0.00,0,0,80078384.00,1011648.00,81090032.00,1011648,80078384
1669089564.717774,total,22371072.00,22425382.00,44796456.00,22425382,22371072,9273.00,9285.00,18558.00,9285,9273,0.00,0.00,0,0,178968576.00,179403056.00,358371648.00,179403056,178968576
1669089565.718069,lo,0.00,0.00,0.00,0,0,0.00,0.00,0.00,0,0,0.00,0.00,0,0,0.00,0.00,0.00,0,0
1669089565.718148,eth0,0.00,0.00,0.00,0,0,0.00,0.00,0.00,0,0,0.00,0.00,0,0,0.00,0.00,0.00,0,0
1669089565.718160,docker0,0.00,0.00,0.00,0,0,0.00,0.00,0.00,0,0,0.00,0.00,0,0,0.00,0.00,0.00,0,0
1669089565.718170,s1-eth1,33820.00,1376550.00,1410370.00,1376550,33820,494.00,519.00,1013.00,519,494,0.00,0.00,0,0,270560.00,11012400.00,11282960.00,11012400,270560
1669089565.718185,s2-eth2,64482.00,6040918.00,6105400.00,6040918,64482,977.00,1051.00,2028.00,1051,977,0.00,0.00,0,0,515856.00,48327344.00,48843200.00,48327344,515856
1669089565.718200,s2-eth3,68838.00,4612860.00,4681698.00,4612860,68838,1043.00,1046.00,2089.00,1046,1043,0.00,0.00,0,0,550704.00,36902880.00,37453584.00,36902880,550704
1669089565.718231,s1-eth3,12051590.00,167206.00,12218796.00,167206,12051590,2631.00,2515.00,5146.00,2515,2631,0.00,0.00,0,0,96412720.00,1337648.00,97750368.00,1337648,96412720
1669089565.718278,s1-eth2,133320.00,10655226.00,10788546.00,10655226,133320,2020.00,2097.00,4117.00,2097,2020,0.00,0.00,0,0,1066560.00,85241808.00,86308368.00,85241808,1066560
1669089565.718293,s2-eth1,10655226.00,133320.00,10788546.00,133320,10655226,2097.00,2020.00,4117.00,2020,2097,0.00,0.00,0,0,85241808.00,1066560.00,86308368.00,1066560,85241808
1669089565.718317,total,23007276.00,22986080.00,45993356.00,22986080,23007276,9262.00,9248.00,18510.00,9248,9262,0.00,0.00,0,0,184058208.00,183888640.00,367946848.00,183888640,184058208
1669089566.718607,lo,0.00,0.00,0.00,0,0,0.00,0.00,0.00,0,0,0.00,0.00,0,0,0.00,0.00,0.00,0,0
1669089566.718674,eth0,0.00,0.00,0.00,0,0,0.00,0.00,0.00,0,0,0.00,0.00,0,0,0.00,0.00,0.00,0,0
1669089566.718686,docker0,0.00,0.00,0.00,0,0,0.00,0.00,0.00,0,0,0.00,0.00,0,0,0.00,0.00,0.00,0,0
1669089566.718697,s1-eth1,30492.00,1420972.00,1451464.00,1420972,30492,462.00,490.00,952.00,490,462,0.00,0.00,0,0,243936.00,11367776.00,11611712.00,11367776,243936
1669089566.718711,s2-eth2,66726.00,6091016.00,6157742.00,6091016,66726,1011.00,1108.00,2119.00,1108,1011,0.00,0.00,0,0,533808.00,48728128.00,49261936.00,48728128,533808
1669089566.718726,s2-eth3,68574.00,4604106.00,4672680.00,4604106,68574,1039.00,1045.00,2084.00,1045,1039,0.00,0.00,0,0,548592.00,36832848.00,37381440.00,36832848,548592
1669089566.718756,s1-eth3,12060146.00,165792.00,12225938.00,165792,12060146,2629.00,2512.00,5141.00,2512,2629,0.00,0.00,0,0,96481168.00,1326336.00,97807504.00,1326336,96481168
1669089566.718770,s1-eth2,135366.00,10690712.00,10826078.00,10690712,135366,2051.00,2152.00,4203.00,2152,2051,0.00,0.00,0,0,1082928.00,85525696.00,86608624.00,85525696,1082928
1669089566.718784,s2-eth1,10690712.00,135366.00,10826078.00,135366,10690712,2152.00,2051.00,4203.00,2051,2152,0.00,0.00,0,0,85525696.00,1082928.00,86608624.00,1082928,85525696
1669089566.718808,total,23052016.00,23107964.00,46159980.00,23107964,23052016,9344.00,9358.00,18702.00,9358,9344,0.00,0.00,0,0,184416128.00,184863712.00,369279840.00,184863712,184416128
1669089567.719090,lo,0.00,0.00,0.00,0,0,0.00,0.00,0.00,0,0,0.00,0.00,0,0,0.00,0.00,0.00,0,0
1669089567.719181,eth0,0.00,0.00,0.00,0,0,0.00,0.00,0.00,0,0,0.00,0.00,0,0,0.00,0.00,0.00,0,0
1669089567.719193,docker0,0.00,0.00,0.00,0,0,0.00,0.00,0.00,0,0,0.00,0.00,0,0,0.00,0.00,0.00,0,0
1669089567.719204,s1-eth1,42240.00,1964796.00,2007036.00,1964796,42240,640.00,678.00,1318.00,678,640,0.00,0.00,0,0,337920.00,15718368.00,16056288.00,15718368,337920
1669089567.719219,s2-eth2,62022.00,4318702.00,4380724.00,4318702,62022,929.00,955.00,1884.00,955,929,0.00,0.00,0,0,496176.00,34549616.00,35045792.00,34549616,496176
1669089567.719233,s2-eth3,68904.00,5608894.00,5677798.00,5608894,68904,1044.00,1087.00,2131.00,1087,1044,0.00,0.00,0,0,551232.00,44871152.00,45422384.00,44871152,551232
1669089567.719295,s1-eth3,12060826.00,173166.00,12233992.00,173166,12060826,2749.00,2613.00,5362.00,2613,2749,0.00,0.00,0,0,96486608.00,1385328.00,97871936.00,1385328,96486608
1669089567.719314,s1-eth2,130926.00,9924700.00,10055626.00,9924700,130926,1973.00,2042.00,4015.00,2042,1973,0.00,0.00,0,0,1047408.00,79397600.00,80445008.00,79397600,1047408
1669089567.719329,s2-eth1,9924700.00,130926.00,10055626.00,130926,9924700,2042.00,1973.00,4015.00,1973,2042,0.00,0.00,0,0,79397600.00,1047408.00,80445008.00,1047408,79397600
1669089567.719353,total,22289618.00,22121184.00,44410800.00,22121184,22289618,9377.00,9348.00,18725.00,9348,9377,0.00,0.00,0,0,178316944.00,176969472.00,355286400.00,176969472,178316944
1669089568.719672,lo,338.00,338.00,676.00,338,338,6.00,6.00,12.00,6,6,0.00,0.00,0,0,2704.00,2704.00,5408.00,2704,2704
1669089568.719728,eth0,206.00,208.00,414.00,208,206,3.00,3.00,6.00,3,3,0.00,0.00,0,0,1648.00,1664.00,3312.00,1664,1648
1669089568.719750,docker0,0.00,0.00,0.00,0,0,0.00,0.00,0.00,0,0,0.00,0.00,0,0,0.00,0.00,0.00,0,0
1669089568.719761,s1-eth1,49104.00,2278900.00,2328004.00,2278900,49104,744.00,786.00,1530.00,786,744,0.00,0.00,0,0,392832.00,18231200.00,18624032.00,18231200,392832
1669089568.719775,s2-eth2,59466.00,4000068.00,4059534.00,4000068,59466,901.00,910.00,1811.00,910,901,0.00,0.00,0,0,475728.00,32000544.00,32476272.00,32000544,475728
1669089568.719789,s2-eth3,64218.00,5850640.00,5914858.00,5850640,64218,973.00,1064.00,2037.00,1064,973,0.00,0.00,0,0,513744.00,46805120.00,47318864.00,46805120,513744
1669089568.719819,s1-eth3,12058916.00,172788.00,12231704.00,172788,12058916,2742.00,2618.00,5360.00,2618,2742,0.00,0.00,0,0,96471328.00,1382304.00,97853632.00,1382304,96471328
1669089568.719834,s1-eth2,123618.00,9852156.00,9975774.00,9852156,123618,1873.00,1974.00,3847.00,1974,1873,0.00,0.00,0,0,988944.00,78817248.00,79806192.00,78817248,988944
1669089568.719866,s2-eth1,9852156.00,123618.00,9975774.00,123618,9852156,1974.00,1873.00,3847.00,1873,1974,0.00,0.00,0,0,78817248.00,988944.00,79806192.00,988944,78817248
1669089568.719905,total,22208022.00,22278716.00,44486736.00,22278716,22208022,9216.00,9234.00,18450.00,9234,9216,0.00,0.00,0,0,177664176.00,178229728.00,355893888.00,178229728,177664176
1669089569.720206,lo,454.00,454.00,908.00,454,454,8.00,8.00,16.00,8,8,0.00,0.00,0,0,3632.00,3632.00,7264.00,3632,3632
1669089569.720259,eth0,98.00,40.00,138.00,40,98,1.00,1.00,2.00,1,1,0.00,0.00,0,0,784.00,320.00,1104.00,320,784
1669089569.720273,docker0,0.00,0.00,0.00,0,0,0.00,0.00,0.00,0,0,0.00,0.00,0,0,0.00,0.00,0.00,0,0
1669089569.720283,s1-eth1,52338.00,2424104.00,2476442.00,2424104,52338,793.00,836.00,1629.00,836,793,0.00,0.00,0,0,418704.00,19392832.00,19811536.00,19392832,418704
1669089569.720298,s2-eth2,58410.00,3925032.00,3983442.00,3925032,58410,885.00,892.00,1777.00,892,885,0.00,0.00,0,0,467280.00,31400256.00,31867536.00,31400256,467280
1669089569.720312,s2-eth3,63294.00,5768628.00,5831922.00,5768628,63294,959.00,1050.00,2009.00,1050,959,0.00,0.00,0,0,506352.00,46149024.00,46655376.00,46149024,506352
1669089569.720400,s1-eth3,12064778.00,174108.00,12238886.00,174108,12064778,2765.00,2638.00,5403.00,2638,2765,0.00,0.00,0,0,96518224.00,1392864.00,97911088.00,1392864,96518224
1669089569.720415,s1-eth2,121770.00,9702480.00,9824250.00,9702480,121770,1845.00,1944.00,3789.00,1944,1845,0.00,0.00,0,0,974160.00,77619840.00,78594000.00,77619840,974160
1669089569.720429,s2-eth1,9702480.00,121770.00,9824250.00,121770,9702480,1944.00,1845.00,3789.00,1845,1944,0.00,0.00,0,0,77619840.00,974160.00,78594000.00,974160,77619840
1669089569.720453,total,22063622.00,22116616.00,44180240.00,22116616,22063622,9200.00,9214.00,18414.00,9214,9200,0.00,0.00,0,0,176508976.00,176932928.00,353441920.00,176932928,176508976
1669089570.720752,lo,0.00,0.00,0.00,0,0,0.00,0.00,0.00,0,0,0.00,0.00,0,0,0.00,0.00,0.00,0,0
1669089570.720798,eth0,0.00,0.00,0.00,0,0,0.00,0.00,0.00,0,0,0.00,0.00,0,0,0.00,0.00,0.00,0,0
1669089570.720810,docker0,0.00,0.00,0.00,0,0,0.00,0.00,0.00,0,0,0.00,0.00,0,0,0.00,0.00,0.00,0,0
1669089570.720821,s1-eth1,47094.00,2077488.00,2124582.00,2077488,47094,703.00,740.00,1443.00,740,703,0.00,0.00,0,0,376752.00,16619904.00,16996656.00,16619904,376752
1669089570.720837,s2-eth2,65542.00,5256164.00,5321706.00,5256164,65542,993.00,1030.00,2023.00,1030,993,0.00,0.00,0,0,524336.00,42049312.00,42573648.00,42049312,524336
1669089570.720851,s2-eth3,61808.00,4500758.00,4562566.00,4500758,61808,920.00,971.00,1891.00,971,920,0.00,0.00,0,0,494464.00,36006064.00,36500528.00,36006064,494464
1669089570.720881,s1-eth3,12059650.00,174172.00,12233822.00,174172,12059650,2797.00,2612.00,5409.00,2612,2797,0.00,0.00,0,0,96477200.00,1393376.00,97870576.00,1393376,96477200
1669089570.720896,s1-eth2,127144.00,9749550.00,9876694.00,9749550,127144,1910.00,1999.00,3909.00,1999,1910,0.00,0.00,0,0,1017152.00,77996400.00,79013552.00,77996400,1017152
1669089570.720910,s2-eth1,9749550.00,127144.00,9876694.00,127144,9749550,1999.00,1910.00,3909.00,1910,1999,0.00,0.00,0,0,77996400.00,1017152.00,79013552.00,1017152,77996400
1669089570.720934,total,22110788.00,21885276.00,43996064.00,21885276,22110788,9322.00,9262.00,18584.00,9262,9322,0.00,0.00,0,0,176886304.00,175082208.00,351968512.00,175082208,176886304
1669089571.721236,lo,0.00,0.00,0.00,0,0,0.00,0.00,0.00,0,0,0.00,0.00,0,0,0.00,0.00,0.00,0,0
1669089571.721321,eth0,0.00,0.00,0.00,0,0,0.00,0.00,0.00,0,0,0.00,0.00,0,0,0.00,0.00,0.00,0,0
1669089571.721332,docker0,0.00,0.00,0.00,0,0,0.00,0.00,0.00,0,0,0.00,0.00,0,0,0.00,0.00,0.00,0,0
1669089571.721343,s1-eth1,47892.00,2225626.00,2273518.00,2225626,47892,726.00,769.00,1495.00,769,726,0.00,0.00,0,0,383136.00,17805008.00,18188144.00,17805008,383136
1669089571.721359,s2-eth2,62610.00,5701204.00,5763814.00,5701204,62610,949.00,1038.00,1987.00,1038,949,0.00,0.00,0,0,500880.00,45609632.00,46110512.00,45609632,500880
1669089571.721373,s2-eth3,62436.00,4202730.00,4265166.00,4202730,62436,946.00,953.00,1899.00,953,946,0.00,0.00,0,0,499488.00,33621840.00,34121328.00,33621840,499488
1669089571.721439,s1-eth3,12055840.00,173070.00,12228910.00,173070,12055840,2740.00,2623.00,5363.00,2623,2740,0.00,0.00,0,0,96446720.00,1384560.00,97831280.00,1384560,96446720
1669089571.721455,s1-eth2,125178.00,9906896.00,10032074.00,9906896,125178,1897.00,1992.00,3889.00,1992,1897,0.00,0.00,0,0,1001424.00,79255168.00,80256592.00,79255168,1001424
1669089571.721469,s2-eth1,9906896.00,125178.00,10032074.00,125178,9906896,1992.00,1897.00,3889.00,1897,1992,0.00,0.00,0,0,79255168.00,1001424.00,80256592.00,1001424,79255168
1669089571.721493,total,22260852.00,22334704.00,44595556.00,22334704,22260852,9250.00,9272.00,18522.00,9272,9250,0.00,0.00,0,0,178086816.00,178677632.00,356764448.00,178677632,178086816
1669089572.721746,lo,1158.00,1158.00,2316.00,1158,1158,9.00,9.00,18.00,9,9,0.00,0.00,0,0,9264.00,9264.00,18528.00,9264,9264
1669089572.721797,eth0,0.00,0.00,0.00,0,0,0.00,0.00,0.00,0,0,0.00,0.00,0,0,0.00,0.00,0.00,0,0
1669089572.721809,docker0,0.00,0.00,0.00,0,0,0.00,0.00,0.00,0,0,0.00,0.00,0,0,0.00,0.00,0.00,0,0
1669089572.721819,s1-eth1,51748.00,2391522.00,2443270.00,2391522,51748,784.00,825.00,1609.00,825,784,0.00,0.00,0,0,413984.00,19132176.00,19546160.00,19132176,413984
1669089572.721834,s2-eth2,61186.00,5582558.00,5643744.00,5582558,61186,927.00,1017.00,1944.00,1017,927,0.00,0.00,0,0,489488.00,44660464.00,45149952.00,44660464,489488
1669089572.721848,s2-eth3,62180.00,4163172.00,4225352.00,4163172,62180,942.00,946.00,1888.00,946,942,0.00,0.00,0,0,497440.00,33305376.00,33802816.00,33305376,497440
1669089572.721879,s1-eth3,12065244.00,174834.00,12240078.00,174834,12065244,2772.00,2649.00,5421.00,2649,2772,0.00,0.00,0,0,96521952.00,1398672.00,97920624.00,1398672,96521952
1669089572.721894,s1-eth2,123094.00,9751588.00,9874682.00,9751588,123094,1865.00,1964.00,3829.00,1964,1865,0.00,0.00,0,0,984752.00,78012704.00,78997456.00,78012704,984752
1669089572.721908,s2-eth1,9751588.00,123094.00,9874682.00,123094,9751588,1964.00,1865.00,3829.00,1865,1964,0.00,0.00,0,0,78012704.00,984752.00,78997456.00,984752,78012704
1669089572.721932,total,22116198.00,22187926.00,44304124.00,22187926,22116198,9263.00,9275.00,18538.00,9275,9263,0.00,0.00,0,0,176929584.00,177503408.00,354432992.00,177503408,176929584
1669089573.722221,lo,338.00,338.00,676.00,338,338,6.00,6.00,12.00,6,6,0.00,0.00,0,0,2704.00,2704.00,5408.00,2704,2704
1669089573.722284,eth0,206.00,208.00,414.00,208,206,3.00,3.00,6.00,3,3,0.00,0.00,0,0,1648.00,1664.00,3312.00,1664,1648
1669089573.722308,docker0,0.00,0.00,0.00,0,0,0.00,0.00,0.00,0,0,0.00,0.00,0,0,0.00,0.00,0.00,0,0
1669089573.722319,s1-eth1,64944.00,5338886.00,5403830.00,5338886,64944,984.00,967.00,1951.00,967,984,0.00,0.00,0,0,519552.00,42711088.00,43230640.00,42711088,519552
1669089573.722333,s2-eth2,29436.00,2296670.00,2326106.00,2296670,29436,446.00,419.00,865.00,419,446,0.00,0.00,0,0,235488.00,18373360.00,18608848.00,18373360,235488
1669089573.722346,s2-eth3,50424.00,3777960.00,3828384.00,3777960,50424,764.00,704.00,1468.00,704,764,0.00,0.00,0,0,403392.00,30223680.00,30627072.00,30223680,403392
1669089573.722379,s1-eth3,12042636.00,144474.00,12187110.00,144474,12042636,2254.00,2189.00,4443.00,2189,2254,0.00,0.00,0,0,96341088.00,1155792.00,97496880.00,1155792,96341088
1669089573.722394,s1-eth2,79728.00,6079040.00,6158768.00,6079040,79728,1208.00,1124.00,2332.00,1124,1208,0.00,0.00,0,0,637824.00,48632320.00,49270144.00,48632320,637824
1669089573.722408,s2-eth1,6079040.00,79728.00,6158768.00,79728,6079040,1124.00,1208.00,2332.00,1208,1124,0.00,0.00,0,0,48632320.00,637824.00,49270144.00,637824,48632320
1669089573.722433,total,18346752.00,17717304.00,36064056.00,17717304,18346752,6789.00,6620.00,13409.00,6620,6789,0.00,0.00,0,0,146774016.00,141738432.00,288512448.00,141738432,146774016
