1668556526.470359,lo,0.00,0.00,0.00,0,0,0.00,0.00,0.00,0,0,0.00,0.00,0,0,0.00,0.00,0.00,0,0
1668556526.470422,eth0,0.00,0.00,0.00,0,0,0.00,0.00,0.00,0,0,0.00,0.00,0,0,0.00,0.00,0.00,0,0
1668556526.470435,docker0,0.00,0.00,0.00,0,0,0.00,0.00,0.00,0,0,0.00,0.00,0,0,0.00,0.00,0.00,0,0
1668556526.470455,s1-eth1,0.00,0.00,0.00,0,0,0.00,0.00,0.00,0,0,0.00,0.00,0,0,0.00,0.00,0.00,0,0
1668556526.470465,s2-eth2,0.00,0.00,0.00,0,0,0.00,0.00,0.00,0,0,0.00,0.00,0,0,0.00,0.00,0.00,0,0
1668556526.470475,s2-eth3,0.00,0.00,0.00,0,0,0.00,0.00,0.00,0,0,0.00,0.00,0,0,0.00,0.00,0.00,0,0
1668556526.470498,s1-eth3,0.00,0.00,0.00,0,0,0.00,0.00,0.00,0,0,0.00,0.00,0,0,0.00,0.00,0.00,0,0
1668556526.470508,s1-eth2,0.00,0.00,0.00,0,0,0.00,0.00,0.00,0,0,0.00,0.00,0,0,0.00,0.00,0.00,0,0
1668556526.470518,s2-eth1,0.00,0.00,0.00,0,0,0.00,0.00,0.00,0,0,0.00,0.00,0,0,0.00,0.00,0.00,0,0
1668556526.470567,total,0.00,0.00,0.00,0,0,0.00,0.00,0.00,0,0,0.00,0.00,0,0,0.00,0.00,0.00,0,0
1668556527.470827,lo,7778.00,7778.00,15556.00,7778,7778,56.00,56.00,112.00,56,56,0.00,0.00,0,0,62224.00,62224.00,124448.00,62224,62224
1668556527.470863,eth0,90.00,76.00,166.00,76,90,1.00,1.00,2.00,1,1,0.00,0.00,0,0,720.00,608.00,1328.00,608,720
1668556527.470917,docker0,0.00,0.00,0.00,0,0,0.00,0.00,0.00,0,0,0.00,0.00,0,0,0.00,0.00,0.00,0,0
1668556527.470928,s1-eth1,69424.00,7827922.00,7897346.00,7827922,69424,820.00,1119.00,1939.00,1119,820,0.00,0.00,0,0,555392.00,62623376.00,63178768.00,62623376,555392
1668556527.470942,s2-eth2,46904.00,4208122.00,4255026.00,4208122,46904,566.00,925.00,1491.00,925,566,0.00,0.00,0,0,375232.00,33664976.00,34040208.00,33664976,375232
1668556527.470955,s2-eth3,49944.00,2378076.00,2428020.00,2378076,49944,582.00,796.00,1378.00,796,582,0.00,0.00,0,0,399552.00,19024608.00,19424160.00,19024608,399552
1668556527.470983,s1-eth3,12025916.00,164254.00,12190170.00,164254,12025916,2394.00,1945.00,4339.00,1945,2394,0.00,0.00,0,0,96207328.00,1314032.00,97521360.00,1314032,96207328
1668556527.470997,s1-eth2,95886.00,6595268.00,6691154.00,6595268,95886,1137.00,1726.00,2863.00,1726,1137,0.00,0.00,0,0,767088.00,52762144.00,53529232.00,52762144,767088
1668556527.471010,s2-eth1,6595268.00,95886.00,6691154.00,95886,6595268,1726.00,1137.00,2863.00,1137,1726,0.00,0.00,0,0,52762144.00,767088.00,53529232.00,767088,52762144
1668556527.471032,total,18891210.00,21277382.00,40168592.00,21277382,18891210,7282.00,7705.00,14987.00,7705,7282,0.00,0.00,0,0,151129680.00,170219056.00,321348736.00,170219056,151129680
1668556528.471254,lo,1840.00,1840.00,3680.00,1840,1840,15.00,15.00,30.00,15,15,0.00,0.00,0,0,14720.00,14720.00,29440.00,14720,14720
1668556528.471290,eth0,5370.00,6255.00,11625.00,6255,5370,13.00,14.00,27.00,14,13,0.00,0.00,0,0,42960.00,50040.00,93000.00,50040,42960
1668556528.471304,docker0,0.00,0.00,0.00,0,0,0.00,0.00,0.00,0,0,0.00,0.00,0,0,0.00,0.00,0.00,0,0
1668556528.471351,s1-eth1,63492.00,7006874.00,7070366.00,7006874,63492,962.00,965.00,1927.00,965,962,0.00,0.00,0,0,507936.00,56054992.00,56562928.00,56054992,507936
1668556528.471370,s2-eth2,71304.00,3287956.00,3359260.00,3287956,71304,1080.00,1134.00,2214.00,1134,1080,0.00,0.00,0,0,570432.00,26303648.00,26874080.00,26303648,570432
1668556528.471384,s2-eth3,39030.00,1815116.00,1854146.00,1815116,39030,591.00,626.00,1217.00,626,591,0.00,0.00,0,0,312240.00,14520928.00,14833168.00,14520928,312240
1668556528.471411,s1-eth3,12048602.00,173712.00,12222314.00,173712,12048602,2717.00,2632.00,5349.00,2632,2717,0.00,0.00,0,0,96388816.00,1389696.00,97778512.00,1389696,96388816
1668556528.471425,s1-eth2,110310.00,5100110.00,5210420.00,5100110,110310,1671.00,1759.00,3430.00,1759,1671,0.00,0.00,0,0,882480.00,40800880.00,41683360.00,40800880,882480
1668556528.471438,s2-eth1,5100110.00,110310.00,5210420.00,110310,5100110,1759.00,1671.00,3430.00,1671,1759,0.00,0.00,0,0,40800880.00,882480.00,41683360.00,882480,40800880
1668556528.471460,total,17440058.00,17502172.00,34942232.00,17502173,17440058,8808.00,8816.00,17624.00,8816,8808,0.00,0.00,0,0,139520464.00,140017376.00,279537856.00,140017384,139520464
1668556529.471620,lo,0.00,0.00,0.00,0,0,0.00,0.00,0.00,0,0,0.00,0.00,0,0,0.00,0.00,0.00,0,0
1668556529.471665,eth0,0.00,0.00,0.00,0,0,0.00,0.00,0.00,0,0,0.00,0.00,0,0,0.00,0.00,0.00,0,0
1668556529.471687,docker0,0.00,0.00,0.00,0,0,0.00,0.00,0.00,0,0,0.00,0.00,0,0,0.00,0.00,0.00,0,0
1668556529.471698,s1-eth1,60918.00,6787406.00,6848324.00,6787406,60918,923.00,931.00,1854.00,931,923,0.00,0.00,0,0,487344.00,54299248.00,54786592.00,54299248,487344
1668556529.471712,s2-eth2,71148.00,3316128.00,3387276.00,3316128,71148,1078.00,1144.00,2222.00,1144,1078,0.00,0.00,0,0,569184.00,26529024.00,27098208.00,26529024,569184
1668556529.471726,s2-eth3,42834.00,1997378.00,2040212.00,1997378,42834,649.00,689.00,1338.00,689,649,0.00,0.00,0,0,342672.00,15979024.00,16321696.00,15979024,342672
1668556529.471752,s1-eth3,12026994.00,174900.00,12201894.00,174900,12026994,2741.00,2650.00,5391.00,2650,2741,0.00,0.00,0,0,96215952.00,1399200.00,97615152.00,1399200,96215952
1668556529.471766,s1-eth2,113916.00,5307582.00,5421498.00,5307582,113916,1726.00,1831.00,3557.00,1831,1726,0.00,0.00,0,0,911328.00,42460656.00,43371984.00,42460656,911328
1668556529.471780,s2-eth1,5307582.00,113916.00,5421498.00,113916,5307582,1831.00,1726.00,3557.00,1726,1831,0.00,0.00,0,0,42460656.00,911328.00,43371984.00,911328,42460656
1668556529.471806,total,17623392.00,17697310.00,35320704.00,17697310,17623392,8948.00,8971.00,17919.00,8971,8948,0.00,0.00,0,0,140987136.00,141578480.00,282565632.00,141578480,140987136
1668556530.471998,lo,1180.00,1180.00,2360.00,1180,1180,13.00,13.00,26.00,13,13,0.00,0.00,0,0,9440.00,9440.00,18880.00,9440,9440
1668556530.472036,eth0,260.00,316.00,576.00,316,260,4.00,4.00,8.00,4,4,0.00,0.00,0,0,2080.00,2528.00,4608.00,2528,2080
1668556530.472049,docker0,0.00,0.00,0.00,0,0,0.00,0.00,0.00,0,0,0.00,0.00,0,0,0.00,0.00,0.00,0,0
1668556530.472060,s1-eth1,64358.00,7405314.00,7469672.00,7405314,64358,975.00,969.00,1944.00,969,975,0.00,0.00,0,0,514864.00,59242512.00,59757376.00,59242512,514864
1668556530.472074,s2-eth2,59932.00,2725642.00,2785574.00,2725642,59932,898.00,951.00,1849.00,951,898,0.00,0.00,0,0,479456.00,21805136.00,22284592.00,21805136,479456
1668556530.472087,s2-eth3,39028.00,1761144.00,1800172.00,1761144,39028,584.00,620.00,1204.00,620,584,0.00,0.00,0,0,312224.00,14089152.00,14401376.00,14089152,312224
1668556530.472150,s1-eth3,12030790.00,163104.00,12193894.00,163104,12030790,2601.00,2454.00,5055.00,2454,2601,0.00,0.00,0,0,96246320.00,1304832.00,97551152.00,1304832,96246320
1668556530.472167,s1-eth2,98886.00,4489748.00,4588634.00,4489748,98886,1481.00,1572.00,3053.00,1572,1481,0.00,0.00,0,0,791088.00,35917984.00,36709072.00,35917984,791088
1668556530.472181,s2-eth1,4489748.00,98886.00,4588634.00,98886,4489748,1572.00,1481.00,3053.00,1481,1572,0.00,0.00,0,0,35917984.00,791088.00,36709072.00,791088,35917984
1668556530.472203,total,16784182.00,16645334.00,33429516.00,16645334,16784182,8128.00,8064.00,16192.00,8064,8128,0.00,0.00,0,0,134273456.00,133162672.00,267436128.00,133162672,134273456
1668556531.472344,lo,13303.00,13303.00,26606.00,13303,13303,98.00,98.00,196.00,98,98,0.00,0.00,0,0,106424.00,106424.00,212848.00,106424,106424
1668556531.472383,eth0,98.00,40.00,138.00,40,98,1.00,1.00,2.00,1,1,0.00,0.00,0,0,784.00,320.00,1104.00,320,784
1668556531.472424,docker0,0.00,0.00,0.00,0,0,0.00,0.00,0.00,0,0,0.00,0.00,0,0,0.00,0.00,0.00,0,0
1668556531.472437,s1-eth1,66468.00,8250754.00,8317222.00,8250754,66468,1008.00,1011.00,2019.00,1011,1008,0.00,0.00,0,0,531744.00,66006032.00,66537776.00,66006032,531744
1668556531.472451,s2-eth2,49972.00,2302722.00,2352694.00,2302722,49972,758.00,797.00,1555.00,797,758,0.00,0.00,0,0,399776.00,18421776.00,18821552.00,18421776,399776
1668556531.472465,s2-eth3,33736.00,1553076.00,1586812.00,1553076,33736,512.00,540.00,1052.00,540,512,0.00,0.00,0,0,269888.00,12424608.00,12694496.00,12424608,269888
1668556531.472497,s1-eth3,12035484.00,149092.00,12184576.00,149092,12035484,2322.00,2260.00,4582.00,2260,2322,0.00,0.00,0,0,96283872.00,1192736.00,97476608.00,1192736,96283872
1668556531.472512,s1-eth2,83142.00,3855784.00,3938926.00,3855784,83142,1261.00,1336.00,2597.00,1336,1261,0.00,0.00,0,0,665136.00,30846272.00,31511408.00,30846272,665136
1668556531.472535,s2-eth1,3855784.00,83142.00,3938926.00,83142,3855784,1336.00,1261.00,2597.00,1261,1336,0.00,0.00,0,0,30846272.00,665136.00,31511408.00,665136,30846272
1668556531.472598,total,16137987.00,16207913.00,32345900.00,16207913,16137987,7296.00,7304.00,14600.00,7304,7296,0.00,0.00,0,0,129103896.00,129663304.00,258767200.00,129663304,129103896
1668556532.472820,lo,0.00,0.00,0.00,0,0,0.00,0.00,0.00,0,0,0.00,0.00,0,0,0.00,0.00,0.00,0,0
1668556532.472853,eth0,0.00,0.00,0.00,0,0,0.00,0.00,0.00,0,0,0.00,0.00,0,0,0.00,0.00,0.00,0,0
1668556532.472865,docker0,0.00,0.00,0.00,0,0,0.00,0.00,0.00,0,0,0.00,0.00,0,0,0.00,0.00,0.00,0,0
1668556532.472875,s1-eth1,63162.00,7873938.00,7937100.00,7873938,63162,957.00,961.00,1918.00,961,957,0.00,0.00,0,0,505296.00,62991504.00,63496800.00,62991504,505296
1668556532.472889,s2-eth2,52734.00,2440428.00,2493162.00,2440428,52734,799.00,842.00,1641.00,842,799,0.00,0.00,0,0,421872.00,19523424.00,19945296.00,19523424,421872
1668556532.472903,s2-eth3,38412.00,1781020.00,1819432.00,1781020,38412,582.00,614.00,1196.00,614,582,0.00,0.00,0,0,307296.00,14248160.00,14555456.00,14248160,307296
1668556532.472930,s1-eth3,12038188.00,154374.00,12192562.00,154374,12038188,2406.00,2339.00,4745.00,2339,2406,0.00,0.00,0,0,96305504.00,1234992.00,97540496.00,1234992,96305504
1668556532.472944,s1-eth2,91278.00,4221448.00,4312726.00,4221448,91278,1383.00,1456.00,2839.00,1456,1383,0.00,0.00,0,0,730224.00,33771584.00,34501808.00,33771584,730224
1668556532.472958,s2-eth1,4221448.00,91278.00,4312726.00,91278,4221448,1456.00,1383.00,2839.00,1383,1456,0.00,0.00,0,0,33771584.00,730224.00,34501808.00,730224,33771584
1668556532.472980,total,16505222.00,16562486.00,33067708.00,16562486,16505222,7583.00,7595.00,15178.00,7595,7583,0.00,0.00,0,0,132041776.00,132499888.00,264541664.00,132499888,132041776
1668556533.473258,lo,0.00,0.00,0.00,0,0,0.00,0.00,0.00,0,0,0.00,0.00,0,0,0.00,0.00,0.00,0,0
1668556533.473292,eth0,0.00,0.00,0.00,0,0,0.00,0.00,0.00,0,0,0.00,0.00,0,0,0.00,0.00,0.00,0,0
1668556533.473303,docker0,0.00,0.00,0.00,0,0,0.00,0.00,0.00,0,0,0.00,0.00,0,0,0.00,0.00,0.00,0,0
1668556533.473313,s1-eth1,61776.00,7660946.00,7722722.00,7660946,61776,936.00,937.00,1873.00,937,936,0.00,0.00,0,0,494208.00,61287568.00,61781776.00,61287568,494208
1668556533.473379,s2-eth2,54054.00,2507106.00,2561160.00,2507106,54054,819.00,865.00,1684.00,865,819,0.00,0.00,0,0,432432.00,20056848.00,20489280.00,20056848,432432
1668556533.473393,s2-eth3,41514.00,1930700.00,1972214.00,1930700,41514,629.00,666.00,1295.00,666,629,0.00,0.00,0,0,332112.00,15445600.00,15777712.00,15445600,332112
1668556533.473421,s1-eth3,12030758.00,157278.00,12188036.00,157278,12030758,2447.00,2383.00,4830.00,2383,2447,0.00,0.00,0,0,96246064.00,1258224.00,97504288.00,1258224,96246064
1668556533.473435,s1-eth2,95502.00,4440768.00,4536270.00,4440768,95502,1447.00,1532.00,2979.00,1532,1447,0.00,0.00,0,0,764016.00,35526144.00,36290160.00,35526144,764016
1668556533.473448,s2-eth1,4440768.00,95502.00,4536270.00,95502,4440768,1532.00,1447.00,2979.00,1447,1532,0.00,0.00,0,0,35526144.00,764016.00,36290160.00,764016,35526144
1668556533.473482,total,16724372.00,16792300.00,33516672.00,16792300,16724372,7810.00,7830.00,15640.00,7830,7810,0.00,0.00,0,0,133794976.00,134338400.00,268133376.00,134338400,133794976
1668556534.473740,lo,0.00,0.00,0.00,0,0,0.00,0.00,0.00,0,0,0.00,0.00,0,0,0.00,0.00,0.00,0,0
1668556534.473773,eth0,0.00,0.00,0.00,0,0,0.00,0.00,0.00,0,0,0.00,0.00,0,0,0.00,0.00,0.00,0,0
1668556534.473817,docker0,0.00,0.00,0.00,0,0,0.00,0.00,0.00,0,0,0.00,0.00,0,0,0.00,0.00,0.00,0,0
1668556534.473828,s1-eth1,66828.00,7108478.00,7175306.00,7108478,66828,998.00,991.00,1989.00,991,998,0.00,0.00,0,0,534624.00,56867824.00,57402448.00,56867824,534624
1668556534.473842,s2-eth2,54828.00,2476830.00,2531658.00,2476830,54828,822.00,867.00,1689.00,867,822,0.00,0.00,0,0,438624.00,19814640.00,20253264.00,19814640,438624
1668556534.473857,s2-eth3,45804.00,2118886.00,2164690.00,2118886,45804,694.00,731.00,1425.00,731,694,0.00,0.00,0,0,366432.00,16951088.00,17317520.00,16951088,366432
1668556534.473895,s1-eth3,12042506.00,167526.00,12210032.00,167526,12042506,2625.00,2515.00,5140.00,2515,2625,0.00,0.00,0,0,96340048.00,1340208.00,97680256.00,1340208,96340048
1668556534.473910,s1-eth2,100566.00,4595716.00,4696282.00,4595716,100566,1515.00,1598.00,3113.00,1598,1515,0.00,0.00,0,0,804528.00,36765728.00,37570256.00,36765728,804528
1668556534.473923,s2-eth1,4595716.00,100566.00,4696282.00,100566,4595716,1598.00,1515.00,3113.00,1515,1598,0.00,0.00,0,0,36765728.00,804528.00,37570256.00,804528,36765728
1668556534.473977,total,16906248.00,16568002.00,33474250.00,16568002,16906248,8252.00,8217.00,16469.00,8217,8252,0.00,0.00,0,0,135249984.00,132544016.00,267794000.00,132544016,135249984
1668556535.474303,lo,338.00,338.00,676.00,338,338,6.00,6.00,12.00,6,6,0.00,0.00,0,0,2704.00,2704.00,5408.00,2704,2704
1668556535.474378,eth0,206.00,208.00,414.00,208,206,3.00,3.00,6.00,3,3,0.00,0.00,0,0,1648.00,1664.00,3312.00,1664,1648
1668556535.474393,docker0,0.00,0.00,0.00,0,0,0.00,0.00,0.00,0,0,0.00,0.00,0,0,0.00,0.00,0.00,0,0
1668556535.474403,s1-eth1,62370.00,6171424.00,6233794.00,6171424,62370,945.00,988.00,1933.00,988,945,0.00,0.00,0,0,498960.00,49371392.00,49870352.00,49371392,498960
1668556535.474417,s2-eth2,50952.00,2369274.00,2420226.00,2369274,50952,772.00,817.00,1589.00,817,772,0.00,0.00,0,0,407616.00,18954192.00,19361808.00,18954192,407616
1668556535.474431,s2-eth3,77946.00,3606536.00,3684482.00,3606536,77946,1181.00,1244.00,2425.00,1244,1181,0.00,0.00,0,0,623568.00,28852288.00,29475856.00,28852288,623568
1668556535.474459,s1-eth3,12061996.00,191268.00,12253264.00,191268,12061996,3030.00,2898.00,5928.00,2898,3030,0.00,0.00,0,0,96495968.00,1530144.00,98026112.00,1530144,96495968
1668556535.474473,s1-eth2,128964.00,5972848.00,6101812.00,5972848,128964,1954.00,2060.00,4014.00,2060,1954,0.00,0.00,0,0,1031712.00,47782784.00,48814496.00,47782784,1031712
1668556535.474487,s2-eth1,5972848.00,128964.00,6101812.00,128964,5972848,2060.00,1954.00,4014.00,1954,2060,0.00,0.00,0,0,47782784.00,1031712.00,48814496.00,1031712,47782784
1668556535.474510,total,18355620.00,18440860.00,36796480.00,18440860,18355620,9951.00,9970.00,19921.00,9970,9951,0.00,0.00,0,0,146844960.00,147526880.00,294371840.00,147526880,146844960
1668556536.474744,lo,454.00,454.00,908.00,454,454,8.00,8.00,16.00,8,8,0.00,0.00,0,0,3632.00,3632.00,7264.00,3632,3632
1668556536.474781,eth0,98.00,40.00,138.00,40,98,1.00,1.00,2.00,1,1,0.00,0.00,0,0,784.00,320.00,1104.00,320,784
1668556536.474795,docker0,0.00,0.00,0.00,0,0,0.00,0.00,0.00,0,0,0.00,0.00,0,0,0.00,0.00,0.00,0,0
1668556536.474805,s1-eth1,65670.00,5978200.00,6043870.00,5978200,65670,995.00,1088.00,2083.00,1088,995,0.00,0.00,0,0,525360.00,47825600.00,48350960.00,47825600,525360
1668556536.474818,s2-eth2,54516.00,2530802.00,2585318.00,2530802,54516,826.00,873.00,1699.00,873,826,0.00,0.00,0,0,436128.00,20246416.00,20682544.00,20246416,436128
1668556536.474856,s2-eth3,78672.00,3637670.00,3716342.00,3637670,78672,1192.00,1255.00,2447.00,1255,1192,0.00,0.00,0,0,629376.00,29101360.00,29730736.00,29101360,629376
1668556536.474885,s1-eth3,12073018.00,198924.00,12271942.00,198924,12073018,3197.00,3014.00,6211.00,3014,3197,0.00,0.00,0,0,96584144.00,1591392.00,98175536.00,1591392,96584144
1668556536.474899,s1-eth2,133254.00,6165510.00,6298764.00,6165510,133254,2019.00,2127.00,4146.00,2127,2019,0.00,0.00,0,0,1066032.00,49324080.00,50390112.00,49324080,1066032
1668556536.474912,s2-eth1,6165510.00,133254.00,6298764.00,133254,6165510,2127.00,2019.00,4146.00,2019,2127,0.00,0.00,0,0,49324080.00,1066032.00,50390112.00,1066032,49324080
1668556536.474939,total,18571192.00,18644854.00,37216048.00,18644854,18571192,10365.00,10385.00,20750.00,10385,10365,0.00,0.00,0,0,148569536.00,149158832.00,297728384.00,149158832,148569536
1668556537.475145,lo,0.00,0.00,0.00,0,0,0.00,0.00,0.00,0,0,0.00,0.00,0,0,0.00,0.00,0.00,0,0
1668556537.475179,eth0,0.00,0.00,0.00,0,0,0.00,0.00,0.00,0,0,0.00,0.00,0,0,0.00,0.00,0.00,0,0
1668556537.475237,docker0,0.00,0.00,0.00,0,0,0.00,0.00,0.00,0,0,0.00,0.00,0,0,0.00,0.00,0.00,0,0
1668556537.475263,s1-eth1,63756.00,5796404.00,5860160.00,5796404,63756,966.00,1054.00,2020.00,1054,966,0.00,0.00,0,0,510048.00,46371232.00,46881280.00,46371232,510048
1668556537.475278,s2-eth2,58410.00,2701216.00,2759626.00,2701216,58410,885.00,932.00,1817.00,932,885,0.00,0.00,0,0,467280.00,21609728.00,22077008.00,21609728,467280
1668556537.475291,s2-eth3,77780.00,3533146.00,3610926.00,3533146,77780,1166.00,1229.00,2395.00,1229,1166,0.00,0.00,0,0,622240.00,28265168.00,28887408.00,28265168,622240
1668556537.475319,s1-eth3,12082304.00,199946.00,12282250.00,199946,12082304,3228.00,3017.00,6245.00,3017,3228,0.00,0.00,0,0,96658432.00,1599568.00,98258000.00,1599568,96658432
1668556537.475333,s1-eth2,136190.00,6234362.00,6370552.00,6234362,136190,2051.00,2161.00,4212.00,2161,2051,0.00,0.00,0,0,1089520.00,49874896.00,50964416.00,49874896,1089520
1668556537.475363,s2-eth1,6234362.00,136190.00,6370552.00,136190,6234362,2161.00,2051.00,4212.00,2051,2161,0.00,0.00,0,0,49874896.00,1089520.00,50964416.00,1089520,49874896
1668556537.475387,total,18652802.00,18601264.00,37254064.00,18601264,18652802,10457.00,10444.00,20901.00,10444,10457,0.00,0.00,0,0,149222416.00,148810112.00,298032512.00,148810112,149222416
1668556538.475617,lo,0.00,0.00,0.00,0,0,0.00,0.00,0.00,0,0,0.00,0.00,0,0,0.00,0.00,0.00,0,0
1668556538.475651,eth0,0.00,0.00,0.00,0,0,0.00,0.00,0.00,0,0,0.00,0.00,0,0,0.00,0.00,0.00,0,0
1668556538.475662,docker0,0.00,0.00,0.00,0,0,0.00,0.00,0.00,0,0,0.00,0.00,0,0,0.00,0.00,0.00,0,0
1668556538.475672,s1-eth1,60790.00,6621344.00,6682134.00,6621344,60790,921.00,916.00,1837.00,916,921,0.00,0.00,0,0,486320.00,52970752.00,53457072.00,52970752,486320
1668556538.475686,s2-eth2,70690.00,3267222.00,3337912.00,3267222,70690,1071.00,1127.00,2198.00,1127,1071,0.00,0.00,0,0,565520.00,26137776.00,26703296.00,26137776,565520
1668556538.475700,s2-eth3,47950.00,2237630.00,2285580.00,2237630,47950,723.00,775.00,1498.00,775,723,0.00,0.00,0,0,383600.00,17901040.00,18284640.00,17901040,383600
1668556538.475726,s1-eth3,12055442.00,179154.00,12234596.00,179154,12055442,2821.00,2711.00,5532.00,2711,2821,0.00,0.00,0,0,96443536.00,1433232.00,97876768.00,1433232,96443536
1668556538.475740,s1-eth2,118500.00,5507814.00,5626314.00,5507814,118500,1792.00,1903.00,3695.00,1903,1792,0.00,0.00,0,0,948000.00,44062512.00,45010512.00,44062512,948000
1668556538.475754,s2-eth1,5507814.00,118500.00,5626314.00,118500,5507814,1903.00,1792.00,3695.00,1792,1903,0.00,0.00,0,0,44062512.00,948000.00,45010512.00,948000,44062512
1668556538.475782,total,17861186.00,17931664.00,35792848.00,17931664,17861186,9231.00,9224.00,18455.00,9224,9231,0.00,0.00,0,0,142889488.00,143453312.00,286342784.00,143453312,142889488
1668556539.476054,lo,2264.00,2264.00,4528.00,2264,2264,17.00,17.00,34.00,17,17,0.00,0.00,0,0,18112.00,18112.00,36224.00,18112,18112
1668556539.476091,eth0,0.00,0.00,0.00,0,0,0.00,0.00,0.00,0,0,0.00,0.00,0,0,0.00,0.00,0.00,0,0
1668556539.476103,docker0,0.00,0.00,0.00,0,0,0.00,0.00,0.00,0,0,0.00,0.00,0,0,0.00,0.00,0.00,0,0
1668556539.476113,s1-eth1,57828.00,6392948.00,6450776.00,6392948,57828,876.00,878.00,1754.00,878,876,0.00,0.00,0,0,462624.00,51143584.00,51606208.00,51143584,462624
1668556539.476126,s2-eth2,72080.00,3325084.00,3397164.00,3325084,72080,1092.00,1148.00,2240.00,1148,1092,0.00,0.00,0,0,576640.00,26600672.00,27177312.00,26600672,576640
1668556539.476168,s2-eth3,52082.00,2409364.00,2461446.00,2409364,52082,789.00,832.00,1621.00,832,789,0.00,0.00,0,0,416656.00,19274912.00,19691568.00,19274912,416656
1668556539.476198,s1-eth3,12059674.00,181500.00,12241174.00,181500,12059674,2841.00,2750.00,5591.00,2750,2841,0.00,0.00,0,0,96477392.00,1452000.00,97929392.00,1452000,96477392
1668556539.476215,s1-eth2,123886.00,5734518.00,5858404.00,5734518,123886,1877.00,1981.00,3858.00,1981,1877,0.00,0.00,0,0,991088.00,45876144.00,46867232.00,45876144,991088
1668556539.476228,s2-eth1,5734518.00,123886.00,5858404.00,123886,5734518,1981.00,1877.00,3858.00,1877,1981,0.00,0.00,0,0,45876144.00,991088.00,46867232.00,991088,45876144
1668556539.476262,total,18102332.00,18169564.00,36271896.00,18169564,18102332,9473.00,9483.00,18956.00,9483,9473,0.00,0.00,0,0,144818656.00,145356512.00,290175168.00,145356512,144818656
1668556540.476499,lo,1830.00,1830.00,3660.00,1830,1830,17.00,17.00,34.00,17,17,0.00,0.00,0,0,14640.00,14640.00,29280.00,14640,14640
1668556540.476538,eth0,206.00,208.00,414.00,208,206,3.00,3.00,6.00,3,3,0.00,0.00,0,0,1648.00,1664.00,3312.00,1664,1648
1668556540.476552,docker0,0.00,0.00,0.00,0,0,0.00,0.00,0.00,0,0,0.00,0.00,0,0,0.00,0.00,0.00,0,0
1668556540.476562,s1-eth1,63814.00,6036030.00,6099844.00,6036030,63814,929.00,933.00,1862.00,933,929,0.00,0.00,0,0,510512.00,48288240.00,48798752.00,48288240,510512
1668556540.476575,s2-eth2,72682.00,3300728.00,3373410.00,3300728,72682,1077.00,1152.00,2229.00,1152,1077,0.00,0.00,0,0,581456.00,26405824.00,26987280.00,26405824,581456
1668556540.476589,s2-eth3,53270.00,2413114.00,2466384.00,2413114,53270,795.00,845.00,1640.00,845,795,0.00,0.00,0,0,426160.00,19304912.00,19731072.00,19304912,426160
1668556540.476625,s1-eth3,12064628.00,189486.00,12254114.00,189486,12064628,3004.00,2797.00,5801.00,2797,3004,0.00,0.00,0,0,96517024.00,1515888.00,98032912.00,1515888,96517024
1668556540.476640,s1-eth2,125878.00,5716804.00,5842682.00,5716804,125878,1871.00,1998.00,3869.00,1998,1871,0.00,0.00,0,0,1007024.00,45734432.00,46741456.00,45734432,1007024
1668556540.476653,s2-eth1,5716804.00,125878.00,5842682.00,125878,5716804,1998.00,1871.00,3869.00,1871,1998,0.00,0.00,0,0,45734432.00,1007024.00,46741456.00,1007024,45734432
1668556540.476675,total,18099112.00,17784078.00,35883192.00,17784078,18099112,9694.00,9616.00,19310.00,9616,9694,0.00,0.00,0,0,144792896.00,142272624.00,287065536.00,142272624,144792896
1668556541.476931,lo,110.00,110.00,220.00,110,110,2.00,2.00,4.00,2,2,0.00,0.00,0,0,880.00,880.00,1760.00,880,880
1668556541.476995,eth0,98.00,40.00,138.00,40,98,1.00,1.00,2.00,1,1,0.00,0.00,0,0,784.00,320.00,1104.00,320,784
1668556541.477012,docker0,0.00,0.00,0.00,0,0,0.00,0.00,0.00,0,0,0.00,0.00,0,0,0.00,0.00,0.00,0,0
1668556541.477026,s1-eth1,64020.00,5973786.00,6037806.00,5973786,64020,970.00,1065.00,2035.00,1065,970,0.00,0.00,0,0,512160.00,47790288.00,48302448.00,47790288,512160
1668556541.477040,s2-eth2,74844.00,3473180.00,3548024.00,3473180,74844,1134.00,1198.00,2332.00,1198,1134,0.00,0.00,0,0,598752.00,27785440.00,28384192.00,27785440,598752
1668556541.477054,s2-eth3,58608.00,2727874.00,2786482.00,2727874,58608,888.00,941.00,1829.00,941,888,0.00,0.00,0,0,468864.00,21822992.00,22291856.00,21822992,468864
1668556541.477081,s1-eth3,12072420.00,197538.00,12269958.00,197538,12072420,3166.00,2993.00,6159.00,2993,3166,0.00,0.00,0,0,96579360.00,1580304.00,98159664.00,1580304,96579360
1668556541.477095,s1-eth2,133518.00,6198092.00,6331610.00,6198092,133518,2023.00,2138.00,4161.00,2138,2023,0.00,0.00,0,0,1068144.00,49584736.00,50652880.00,49584736,1068144
1668556541.477109,s2-eth1,6198092.00,133518.00,6331610.00,133518,6198092,2138.00,2023.00,4161.00,2023,2138,0.00,0.00,0,0,49584736.00,1068144.00,50652880.00,1068144,49584736
1668556541.477141,total,18601710.00,18704138.00,37305848.00,18704138,18601710,10322.00,10361.00,20683.00,10361,10322,0.00,0.00,0,0,148813680.00,149633104.00,298446784.00,149633104,148813680
1668556542.477476,lo,0.00,0.00,0.00,0,0,0.00,0.00,0.00,0,0,0.00,0.00,0,0,0.00,0.00,0.00,0,0
1668556542.477512,eth0,0.00,0.00,0.00,0,0,0.00,0.00,0.00,0,0,0.00,0.00,0,0,0.00,0.00,0.00,0,0
1668556542.477542,docker0,0.00,0.00,0.00,0,0,0.00,0.00,0.00,0,0,0.00,0.00,0,0,0.00,0.00,0.00,0,0
1668556542.477566,s1-eth1,62106.00,5671872.00,5733978.00,5671872,62106,941.00,1032.00,1973.00,1032,941,0.00,0.00,0,0,496848.00,45374976.00,45871824.00,45374976,496848
1668556542.477581,s2-eth2,76296.00,3530972.00,3607268.00,3530972,76296,1156.00,1218.00,2374.00,1218,1156,0.00,0.00,0,0,610368.00,28247776.00,28858144.00,28247776,610368
1668556542.477595,s2-eth3,63822.00,2962004.00,3025826.00,2962004,63822,967.00,1022.00,1989.00,1022,967,0.00,0.00,0,0,510576.00,23696032.00,24206608.00,23696032,510576
1668556542.477622,s1-eth3,12076120.00,202224.00,12278344.00,202224,12076120,3244.00,3064.00,6308.00,3064,3244,0.00,0.00,0,0,96608960.00,1617792.00,98226752.00,1617792,96608960
1668556542.477646,s1-eth2,140052.00,6492976.00,6633028.00,6492976,140052,2122.00,2240.00,4362.00,2240,2122,0.00,0.00,0,0,1120416.00,51943808.00,53064224.00,51943808,1120416
1668556542.477659,s2-eth1,6492976.00,140052.00,6633028.00,140052,6492976,2240.00,2122.00,4362.00,2122,2240,0.00,0.00,0,0,51943808.00,1120416.00,53064224.00,1120416,51943808
1668556542.477713,total,18911372.00,19000100.00,37911472.00,19000100,18911372,10670.00,10698.00,21368.00,10698,10670,0.00,0.00,0,0,151290976.00,152000800.00,303291776.00,152000800,151290976
1668556543.477956,lo,0.00,0.00,0.00,0,0,0.00,0.00,0.00,0,0,0.00,0.00,0,0,0.00,0.00,0.00,0,0
1668556543.477993,eth0,90.00,76.00,166.00,76,90,1.00,1.00,2.00,1,1,0.00,0.00,0,0,720.00,608.00,1328.00,608,720
1668556543.478007,docker0,0.00,0.00,0.00,0,0,0.00,0.00,0.00,0,0,0.00,0.00,0,0,0.00,0.00,0.00,0,0
1668556543.478017,s1-eth1,60126.00,5491590.00,5551716.00,5491590,60126,911.00,999.00,1910.00,999,911,0.00,0.00,0,0,481008.00,43932720.00,44413728.00,43932720,481008
1668556543.478030,s2-eth2,78342.00,3624308.00,3702650.00,3624308,78342,1187.00,1250.00,2437.00,1250,1187,0.00,0.00,0,0,626736.00,28994464.00,29621200.00,28994464,626736
1668556543.478044,s2-eth3,65868.00,3041978.00,3107846.00,3041978,65868,998.00,1049.00,2047.00,1049,998,0.00,0.00,0,0,526944.00,24335824.00,24862768.00,24335824,526944
1668556543.478071,s1-eth3,12082774.00,204336.00,12287110.00,204336,12082774,3279.00,3096.00,6375.00,3096,3279,0.00,0.00,0,0,96662192.00,1634688.00,98296880.00,1634688,96662192
1668556543.478085,s1-eth2,144210.00,6666286.00,6810496.00,6666286,144210,2185.00,2299.00,4484.00,2299,2185,0.00,0.00,0,0,1153680.00,53330288.00,54483968.00,53330288,1153680
1668556543.478098,s2-eth1,6666286.00,144210.00,6810496.00,144210,6666286,2299.00,2185.00,4484.00,2185,2299,0.00,0.00,0,0,53330288.00,1153680.00,54483968.00,1153680,53330288
1668556543.478124,total,19097696.00,19172784.00,38270480.00,19172784,19097696,10860.00,10879.00,21739.00,10879,10860,0.00,0.00,0,0,152781568.00,153382272.00,306163840.00,153382272,152781568
1668556544.478356,lo,0.00,0.00,0.00,0,0,0.00,0.00,0.00,0,0,0.00,0.00,0,0,0.00,0.00,0.00,0,0
1668556544.478392,eth0,0.00,0.00,0.00,0,0,0.00,0.00,0.00,0,0,0.00,0.00,0,0,0.00,0.00,0.00,0,0
1668556544.478423,docker0,0.00,0.00,0.00,0,0,0.00,0.00,0.00,0,0,0.00,0.00,0,0,0.00,0.00,0.00,0,0
1668556544.478434,s1-eth1,59928.00,5460456.00,5520384.00,5460456,59928,908.00,988.00,1896.00,988,908,0.00,0.00,0,0,479424.00,43683648.00,44163072.00,43683648,479424
1668556544.478449,s2-eth2,75914.00,3476274.00,3552188.00,3476274,75914,1137.00,1201.00,2338.00,1201,1137,0.00,0.00,0,0,607312.00,27810192.00,28417504.00,27810192,607312
1668556544.478463,s2-eth3,65082.00,2992152.00,3057234.00,2992152,65082,979.00,1040.00,2019.00,1040,979,0.00,0.00,0,0,520656.00,23937216.00,24457872.00,23937216,520656
1668556544.478491,s1-eth3,12071784.00,200792.00,12272576.00,200792,12071784,3288.00,3022.00,6310.00,3022,3288,0.00,0.00,0,0,96574272.00,1606336.00,98180608.00,1606336,96574272
1668556544.478505,s1-eth2,140864.00,6465464.00,6606328.00,6465464,140864,2114.00,2240.00,4354.00,2240,2114,0.00,0.00,0,0,1126912.00,51723712.00,52850624.00,51723712,1126912
1668556544.478518,s2-eth1,6465464.00,140864.00,6606328.00,140864,6465464,2240.00,2114.00,4354.00,2114,2240,0.00,0.00,0,0,51723712.00,1126912.00,52850624.00,1126912,51723712
1668556544.478540,total,18879036.00,18736002.00,37615040.00,18736002,18879036,10666.00,10605.00,21271.00,10605,10666,0.00,0.00,0,0,151032288.00,149888016.00,300920320.00,149888016,151032288
1668556545.478783,lo,682.00,682.00,1364.00,682,682,12.00,12.00,24.00,12,12,0.00,0.00,0,0,5456.00,5456.00,10912.00,5456,5456
1668556545.478823,eth0,206.00,208.00,414.00,208,206,3.00,3.00,6.00,3,3,0.00,0.00,0,0,1648.00,1664.00,3312.00,1664,1648
1668556545.478854,docker0,0.00,0.00,0.00,0,0,0.00,0.00,0.00,0,0,0.00,0.00,0,0,0.00,0.00,0.00,0,0
1668556545.478865,s1-eth1,64614.00,7196212.00,7260826.00,7196212,64614,979.00,982.00,1961.00,982,979,0.00,0.00,0,0,516912.00,57569696.00,58086608.00,57569696,516912
1668556545.478891,s2-eth2,55572.00,2600442.00,2656014.00,2600442,55572,842.00,897.00,1739.00,897,842,0.00,0.00,0,0,444576.00,20803536.00,21248112.00,20803536,444576
1668556545.478905,s2-eth3,49962.00,2321882.00,2371844.00,2321882,49962,757.00,801.00,1558.00,801,757,0.00,0.00,0,0,399696.00,18575056.00,18974752.00,18575056,399696
1668556545.478932,s1-eth3,12036392.00,170214.00,12206606.00,170214,12036392,2664.00,2579.00,5243.00,2579,2664,0.00,0.00,0,0,96291136.00,1361712.00,97652848.00,1361712,96291136
1668556545.478946,s1-eth2,105666.00,4928248.00,5033914.00,4928248,105666,1601.00,1700.00,3301.00,1700,1601,0.00,0.00,0,0,845328.00,39425984.00,40271312.00,39425984,845328
1668556545.478959,s2-eth1,4928248.00,105666.00,5033914.00,105666,4928248,1700.00,1601.00,3301.00,1601,1700,0.00,0.00,0,0,39425984.00,845328.00,40271312.00,845328,39425984
1668556545.478989,total,17241342.00,17323554.00,34564896.00,17323554,17241342,8558.00,8575.00,17133.00,8575,8558,0.00,0.00,0,0,137930736.00,138588432.00,276519168.00,138588432,137930736
1668556546.479241,lo,110.00,110.00,220.00,110,110,2.00,2.00,4.00,2,2,0.00,0.00,0,0,880.00,880.00,1760.00,880,880
1668556546.479276,eth0,98.00,40.00,138.00,40,98,1.00,1.00,2.00,1,1,0.00,0.00,0,0,784.00,320.00,1104.00,320,784
1668556546.479325,docker0,0.00,0.00,0.00,0,0,0.00,0.00,0.00,0,0,0.00,0.00,0,0,0.00,0.00,0.00,0,0
1668556546.479336,s1-eth1,61380.00,6823936.00,6885316.00,6823936,61380,930.00,936.00,1866.00,936,930,0.00,0.00,0,0,491040.00,54591488.00,55082528.00,54591488,491040
1668556546.479350,s2-eth2,60918.00,2809362.00,2870280.00,2809362,60918,923.00,969.00,1892.00,969,923,0.00,0.00,0,0,487344.00,22474896.00,22962240.00,22474896,487344
1668556546.479363,s2-eth3,53592.00,2490782.00,2544374.00,2490782,53592,812.00,859.00,1671.00,859,812,0.00,0.00,0,0,428736.00,19926256.00,20354992.00,19926256,428736
1668556546.479391,s1-eth3,12054902.00,175890.00,12230792.00,175890,12054902,2747.00,2665.00,5412.00,2665,2747,0.00,0.00,0,0,96439216.00,1407120.00,97846336.00,1407120,96439216
1668556546.479405,s1-eth2,114444.00,5300144.00,5414588.00,5300144,114444,1734.00,1828.00,3562.00,1828,1734,0.00,0.00,0,0,915552.00,42401152.00,43316704.00,42401152,915552
1668556546.479419,s2-eth1,5300144.00,114444.00,5414588.00,114444,5300144,1828.00,1734.00,3562.00,1734,1828,0.00,0.00,0,0,42401152.00,915552.00,43316704.00,915552,42401152
1668556546.479476,total,17645588.00,17714708.00,35360296.00,17714708,17645588,8977.00,8994.00,17971.00,8994,8977,0.00,0.00,0,0,141164704.00,141717664.00,282882368.00,141717664,141164704
1668556547.479710,lo,0.00,0.00,0.00,0,0,0.00,0.00,0.00,0,0,0.00,0.00,0,0,0.00,0.00,0.00,0,0
1668556547.479745,eth0,0.00,0.00,0.00,0,0,0.00,0.00,0.00,0,0,0.00,0.00,0,0,0.00,0.00,0.00,0,0
1668556547.479756,docker0,0.00,0.00,0.00,0,0,0.00,0.00,0.00,0,0,0.00,0.00,0,0,0.00,0.00,0.00,0,0
1668556547.479766,s1-eth1,59268.00,6575532.00,6634800.00,6575532,59268,898.00,902.00,1800.00,902,898,0.00,0.00,0,0,474144.00,52604256.00,53078400.00,52604256,474144
1668556547.479780,s2-eth2,61644.00,2867154.00,2928798.00,2867154,61644,934.00,989.00,1923.00,989,934,0.00,0.00,0,0,493152.00,22937232.00,23430384.00,22937232,493152
1668556547.479794,s2-eth3,58014.00,2680482.00,2738496.00,2680482,58014,879.00,925.00,1804.00,925,879,0.00,0.00,0,0,464112.00,21443856.00,21907968.00,21443856,464112
1668556547.479820,s1-eth3,12047868.00,178992.00,12226860.00,178992,12047868,2794.00,2712.00,5506.00,2712,2794,0.00,0.00,0,0,96382944.00,1431936.00,97814880.00,1431936,96382944
1668556547.479834,s1-eth2,119724.00,5544674.00,5664398.00,5544674,119724,1814.00,1913.00,3727.00,1913,1814,0.00,0.00,0,0,957792.00,44357392.00,45315184.00,44357392,957792
1668556547.479855,s2-eth1,5544674.00,119724.00,5664398.00,119724,5544674,1913.00,1814.00,3727.00,1814,1913,0.00,0.00,0,0,44357392.00,957792.00,45315184.00,957792,44357392
1668556547.479878,total,17891192.00,17966558.00,35857752.00,17966558,17891192,9232.00,9255.00,18487.00,9255,9232,0.00,0.00,0,0,143129536.00,143732464.00,286862016.00,143732464,143129536
1668556548.480143,lo,0.00,0.00,0.00,0,0,0.00,0.00,0.00,0,0,0.00,0.00,0,0,0.00,0.00,0.00,0,0
1668556548.480178,eth0,90.00,76.00,166.00,76,90,1.00,1.00,2.00,1,1,0.00,0.00,0,0,720.00,608.00,1328.00,608,720
1668556548.480191,docker0,0.00,0.00,0.00,0,0,0.00,0.00,0.00,0,0,0.00,0.00,0,0,0.00,0.00,0.00,0,0
1668556548.480201,s1-eth1,57552.00,6378402.00,6435954.00,6378402,57552,872.00,877.00,1749.00,877,872,0.00,0.00,0,0,460416.00,51027216.00,51487632.00,51027216,460416
1668556548.480216,s2-eth2,65010.00,3002024.00,3067034.00,3002024,65010,985.00,1036.00,2021.00,1036,985,0.00,0.00,0,0,520080.00,24016192.00,24536272.00,24016192,520080
1668556548.480229,s2-eth3,58806.00,2733798.00,2792604.00,2733798,58806,891.00,943.00,1834.00,943,891,0.00,0.00,0,0,470448.00,21870384.00,22340832.00,21870384,470448
1668556548.480256,s1-eth3,12049324.00,181302.00,12230626.00,181302,12049324,2838.00,2747.00,5585.00,2747,2838,0.00,0.00,0,0,96394592.00,1450416.00,97845008.00,1450416,96394592
1668556548.480270,s1-eth2,123816.00,5738784.00,5862600.00,5738784,123816,1876.00,1980.00,3856.00,1980,1876,0.00,0.00,0,0,990528.00,45910272.00,46900800.00,45910272,990528
1668556548.480283,s2-eth1,5738784.00,123816.00,5862600.00,123816,5738784,1980.00,1876.00,3856.00,1876,1980,0.00,0.00,0,0,45910272.00,990528.00,46900800.00,990528,45910272
1668556548.480305,total,18093382.00,18158202.00,36251584.00,18158202,18093382,9443.00,9460.00,18903.00,9460,9443,0.00,0.00,0,0,144747056.00,145265616.00,290012672.00,145265616,144747056
1668556549.480594,lo,0.00,0.00,0.00,0,0,0.00,0.00,0.00,0,0,0.00,0.00,0,0,0.00,0.00,0.00,0,0
1668556549.480627,eth0,0.00,0.00,0.00,0,0,0.00,0.00,0.00,0,0,0.00,0.00,0,0,0.00,0.00,0.00,0,0
1668556549.480638,docker0,0.00,0.00,0.00,0,0,0.00,0.00,0.00,0,0,0.00,0.00,0,0,0.00,0.00,0.00,0,0
1668556549.480648,s1-eth1,61398.00,5943086.00,6004484.00,5943086,61398,919.00,907.00,1826.00,907,919,0.00,0.00,0,0,491184.00,47544688.00,48035872.00,47544688,491184
1668556549.480663,s2-eth2,63760.00,2897368.00,2961128.00,2897368,63760,952.00,1008.00,1960.00,1008,952,0.00,0.00,0,0,510080.00,23178944.00,23689024.00,23178944,510080
1668556549.480683,s2-eth3,62556.00,2852740.00,2915296.00,2852740,62556,940.00,990.00,1930.00,990,940,0.00,0.00,0,0,500448.00,22821920.00,23322368.00,22821920,500448
1668556549.480739,s1-eth3,12050272.00,187648.00,12237920.00,187648,12050272,2984.00,2810.00,5794.00,2810,2984,0.00,0.00,0,0,96402176.00,1501184.00,97903360.00,1501184,96402176
1668556549.480754,s1-eth2,126250.00,5750108.00,5876358.00,5750108,126250,1891.00,1998.00,3889.00,1998,1891,0.00,0.00,0,0,1010000.00,46000864.00,47010864.00,46000864,1010000
1668556549.480768,s2-eth1,5750108.00,126250.00,5876358.00,126250,5750108,1998.00,1891.00,3889.00,1891,1998,0.00,0.00,0,0,46000864.00,1010000.00,47010864.00,1010000,46000864
1668556549.480789,total,18114344.00,17757200.00,35871544.00,17757200,18114344,9684.00,9604.00,19288.00,9604,9684,0.00,0.00,0,0,144914752.00,142057600.00,286972352.00,142057600,144914752
1668556550.480968,lo,682.00,682.00,1364.00,682,682,12.00,12.00,24.00,12,12,0.00,0.00,0,0,5456.00,5456.00,10912.00,5456,5456
1668556550.481051,eth0,206.00,208.00,414.00,208,206,3.00,3.00,6.00,3,3,0.00,0.00,0,0,1648.00,1664.00,3312.00,1664,1648
1668556550.481070,docker0,0.00,0.00,0.00,0,0,0.00,0.00,0.00,0,0,0.00,0.00,0,0,0.00,0.00,0.00,0,0
1668556550.481081,s1-eth1,65010.00,5970498.00,6035508.00,5970498,65010,985.00,1081.00,2066.00,1081,985,0.00,0.00,0,0,520080.00,47763984.00,48284064.00,47763984,520080
1668556550.481095,s2-eth2,68970.00,3203506.00,3272476.00,3203506,68970,1045.00,1105.00,2150.00,1105,1045,0.00,0.00,0,0,551760.00,25628048.00,26179808.00,25628048,551760
1668556550.481108,s2-eth3,64944.00,3013872.00,3078816.00,3013872,64944,984.00,1040.00,2024.00,1040,984,0.00,0.00,0,0,519552.00,24110976.00,24630528.00,24110976,519552
1668556550.481136,s1-eth3,12082692.00,199056.00,12281748.00,199056,12082692,3190.00,3016.00,6206.00,3016,3190,0.00,0.00,0,0,96661536.00,1592448.00,98253984.00,1592448,96661536
1668556550.481150,s1-eth2,133980.00,6209940.00,6343920.00,6209940,133980,2030.00,2142.00,4172.00,2142,2030,0.00,0.00,0,0,1071840.00,49679520.00,50751360.00,49679520,1071840
1668556550.481207,s2-eth1,6209940.00,133980.00,6343920.00,133980,6209940,2142.00,2030.00,4172.00,2030,2142,0.00,0.00,0,0,49679520.00,1071840.00,50751360.00,1071840,49679520
1668556550.481233,total,18626424.00,18731742.00,37358168.00,18731742,18626424,10391.00,10429.00,20820.00,10429,10391,0.00,0.00,0,0,149011392.00,149853936.00,298865344.00,149853936,149011392
1668556551.481455,lo,110.00,110.00,220.00,110,110,2.00,2.00,4.00,2,2,0.00,0.00,0,0,880.00,880.00,1760.00,880,880
1668556551.481492,eth0,98.00,40.00,138.00,40,98,1.00,1.00,2.00,1,1,0.00,0.00,0,0,784.00,320.00,1104.00,320,784
1668556551.481511,docker0,0.00,0.00,0.00,0,0,0.00,0.00,0.00,0,0,0.00,0.00,0,0,0.00,0.00,0.00,0,0
1668556551.481560,s1-eth1,62700.00,5696818.00,5759518.00,5696818,62700,950.00,1037.00,1987.00,1037,950,0.00,0.00,0,0,501600.00,45574544.00,46076144.00,45574544,501600
1668556551.481574,s2-eth2,71940.00,3330938.00,3402878.00,3330938,71940,1090.00,1149.00,2239.00,1149,1090,0.00,0.00,0,0,575520.00,26647504.00,27223024.00,26647504,575520
1668556551.481588,s2-eth3,67914.00,3142752.00,3210666.00,3142752,67914,1029.00,1084.00,2113.00,1084,1029,0.00,0.00,0,0,543312.00,25142016.00,25685328.00,25142016,543312
1668556551.481616,s1-eth3,12096590.00,202488.00,12299078.00,202488,12096590,3247.00,3068.00,6315.00,3068,3247,0.00,0.00,0,0,96772720.00,1619904.00,98392624.00,1619904,96772720
1668556551.481630,s1-eth2,139722.00,6478166.00,6617888.00,6478166,139722,2117.00,2235.00,4352.00,2235,2117,0.00,0.00,0,0,1117776.00,51825328.00,52943104.00,51825328,1117776
1668556551.481643,s2-eth1,6478166.00,139722.00,6617888.00,139722,6478166,2235.00,2117.00,4352.00,2117,2235,0.00,0.00,0,0,51825328.00,1117776.00,52943104.00,1117776,51825328
1668556551.481665,total,18917240.00,18991034.00,37908272.00,18991034,18917240,10671.00,10693.00,21364.00,10693,10671,0.00,0.00,0,0,151337920.00,151928272.00,303266176.00,151928272,151337920
1668556552.482013,lo,0.00,0.00,0.00,0,0,0.00,0.00,0.00,0,0,0.00,0.00,0,0,0.00,0.00,0.00,0,0
1668556552.482080,eth0,0.00,0.00,0.00,0,0,0.00,0.00,0.00,0,0,0.00,0.00,0,0,0.00,0.00,0.00,0,0
1668556552.482094,docker0,0.00,0.00,0.00,0,0,0.00,0.00,0.00,0,0,0.00,0.00,0,0,0.00,0.00,0.00,0,0
1668556552.482104,s1-eth1,60654.00,5532596.00,5593250.00,5532596,60654,919.00,1006.00,1925.00,1006,919,0.00,0.00,0,0,485232.00,44260768.00,44746000.00,44260768,485232
1668556552.482118,s2-eth2,73594.00,3397616.00,3471210.00,3397616,73594,1115.00,1172.00,2287.00,1172,1115,0.00,0.00,0,0,588752.00,27180928.00,27769680.00,27180928,588752
1668556552.482131,s2-eth3,69762.00,3239050.00,3308812.00,3239050,69762,1057.00,1117.00,2174.00,1117,1057,0.00,0.00,0,0,558096.00,25912400.00,26470496.00,25912400,558096
1668556552.482159,s1-eth3,12092646.00,204072.00,12296718.00,204072,12092646,3275.00,3092.00,6367.00,3092,3275,0.00,0.00,0,0,96741168.00,1632576.00,98373744.00,1632576,96741168
1668556552.482195,s1-eth2,143418.00,6633704.00,6777122.00,6633704,143418,2173.00,2288.00,4461.00,2288,2173,0.00,0.00,0,0,1147344.00,53069632.00,54216976.00,53069632,1147344
1668556552.482213,s2-eth1,6633704.00,143418.00,6777122.00,143418,6633704,2288.00,2173.00,4461.00,2173,2288,0.00,0.00,0,0,53069632.00,1147344.00,54216976.00,1147344,53069632
1668556552.482235,total,19073778.00,19150456.00,38224232.00,19150456,19073778,10827.00,10848.00,21675.00,10848,10827,0.00,0.00,0,0,152590224.00,153203648.00,305793856.00,153203648,152590224
1668556553.482521,lo,0.00,0.00,0.00,0,0,0.00,0.00,0.00,0,0,0.00,0.00,0,0,0.00,0.00,0.00,0,0
1668556553.482591,eth0,0.00,0.00,0.00,0,0,0.00,0.00,0.00,0,0,0.00,0.00,0,0,0.00,0.00,0.00,0,0
1668556553.482605,docker0,0.00,0.00,0.00,0,0,0.00,0.00,0.00,0,0,0.00,0.00,0,0,0.00,0.00,0.00,0,0
1668556553.482615,s1-eth1,64026.00,4903570.00,4967596.00,4903570,64026,959.00,997.00,1956.00,997,959,0.00,0.00,0,0,512208.00,39228560.00,39740768.00,39228560,512208
1668556553.482630,s2-eth2,66026.00,3036780.00,3102806.00,3036780,66026,987.00,1058.00,2045.00,1058,987,0.00,0.00,0,0,528208.00,24294240.00,24822448.00,24294240,528208
1668556553.482653,s2-eth3,70888.00,3935468.00,4006356.00,3935468,70888,1074.00,1094.00,2168.00,1094,1074,0.00,0.00,0,0,567104.00,31483744.00,32050848.00,31483744,567104
1668556553.482681,s1-eth3,12076116.00,200738.00,12276854.00,200738,12076116,3222.00,3017.00,6239.00,3017,3222,0.00,0.00,0,0,96608928.00,1605904.00,98214832.00,1605904,96608928
1668556553.482694,s1-eth2,136778.00,6973762.00,7110540.00,6973762,136778,2059.00,2153.00,4212.00,2153,2059,0.00,0.00,0,0,1094224.00,55790096.00,56884320.00,55790096,1094224
1668556553.482708,s2-eth1,6973762.00,136778.00,7110540.00,136778,6973762,2153.00,2059.00,4212.00,2059,2153,0.00,0.00,0,0,55790096.00,1094224.00,56884320.00,1094224,55790096
1668556553.482730,total,19387596.00,19187096.00,38574692.00,19187096,19387596,10454.00,10378.00,20832.00,10378,10454,0.00,0.00,0,0,155100768.00,153496768.00,308597536.00,153496768,155100768
1668556554.482925,lo,0.00,0.00,0.00,0,0,0.00,0.00,0.00,0,0,0.00,0.00,0,0,0.00,0.00,0.00,0,0
1668556554.482960,eth0,0.00,0.00,0.00,0,0,0.00,0.00,0.00,0,0,0.00,0.00,0,0,0.00,0.00,0.00,0,0
1668556554.482971,docker0,0.00,0.00,0.00,0,0,0.00,0.00,0.00,0,0,0.00,0.00,0,0,0.00,0.00,0.00,0,0
1668556554.482981,s1-eth1,63892.00,4290930.00,4354822.00,4290930,63892,968.00,973.00,1941.00,973,968,0.00,0.00,0,0,511136.00,34327440.00,34838576.00,34327440,511136
1668556554.483044,s2-eth2,61908.00,2876040.00,2937948.00,2876040,61908,938.00,992.00,1930.00,992,938,0.00,0.00,0,0,495264.00,23008320.00,23503584.00,23008320,495264
1668556554.483060,s2-eth3,59202.00,4992880.00,5052082.00,4992880,59202,897.00,968.00,1865.00,968,897,0.00,0.00,0,0,473616.00,39943040.00,40416656.00,39943040,473616
1668556554.483090,s1-eth3,12067834.00,184866.00,12252700.00,184866,12067834,2899.00,2801.00,5700.00,2801,2899,0.00,0.00,0,0,96542672.00,1478928.00,98021600.00,1478928,96542672
1668556554.483105,s1-eth2,121110.00,7871882.00,7992992.00,7871882,121110,1835.00,1961.00,3796.00,1961,1835,0.00,0.00,0,0,968880.00,62975056.00,63943936.00,62975056,968880
1668556554.483119,s2-eth1,7871882.00,121110.00,7992992.00,121110,7871882,1961.00,1835.00,3796.00,1835,1961,0.00,0.00,0,0,62975056.00,968880.00,63943936.00,968880,62975056
1668556554.483151,total,20245828.00,20337708.00,40583536.00,20337708,20245828,9498.00,9530.00,19028.00,9530,9498,0.00,0.00,0,0,161966624.00,162701664.00,324668288.00,162701664,161966624
1668556555.483389,lo,896.00,896.00,1792.00,896,896,12.00,12.00,24.00,12,12,0.00,0.00,0,0,7168.00,7168.00,14336.00,7168,7168
1668556555.483429,eth0,206.00,208.00,414.00,208,206,3.00,3.00,6.00,3,3,0.00,0.00,0,0,1648.00,1664.00,3312.00,1664,1648
1668556555.483442,docker0,0.00,0.00,0.00,0,0,0.00,0.00,0.00,0,0,0.00,0.00,0,0,0.00,0.00,0.00,0,0
1668556555.483453,s1-eth1,63034.00,4238010.00,4301044.00,4238010,63034,955.00,961.00,1916.00,961,955,0.00,0.00,0,0,504272.00,33904080.00,34408352.00,33904080,504272
1668556555.483466,s2-eth2,64350.00,2982738.00,3047088.00,2982738,64350,975.00,1029.00,2004.00,1029,975,0.00,0.00,0,0,514800.00,23861904.00,24376704.00,23861904,514800
1668556555.483480,s2-eth3,73326.00,4921692.00,4995018.00,4921692,73326,1111.00,1118.00,2229.00,1118,1111,0.00,0.00,0,0,586608.00,39373536.00,39960144.00,39373536,586608
1668556555.483506,s1-eth3,12065828.00,200706.00,12266534.00,200706,12065828,3088.00,3041.00,6129.00,3041,3088,0.00,0.00,0,0,96526624.00,1605648.00,98132272.00,1605648,96526624
1668556555.483521,s1-eth2,137676.00,7895680.00,8033356.00,7895680,137676,2086.00,2146.00,4232.00,2146,2086,0.00,0.00,0,0,1101408.00,63165440.00,64266848.00,63165440,1101408
1668556555.483534,s2-eth1,7895680.00,137676.00,8033356.00,137676,7895680,2146.00,2086.00,4232.00,2086,2146,0.00,0.00,0,0,63165440.00,1101408.00,64266848.00,1101408,63165440
1668556555.483557,total,20300996.00,20377606.00,40678600.00,20377606,20300996,10376.00,10396.00,20772.00,10396,10376,0.00,0.00,0,0,162407968.00,163020848.00,325428800.00,163020848,162407968
1668556556.483798,lo,1268.00,1268.00,2536.00,1268,1268,11.00,11.00,22.00,11,11,0.00,0.00,0,0,10144.00,10144.00,20288.00,10144,10144
1668556556.483875,eth0,98.00,40.00,138.00,40,98,1.00,1.00,2.00,1,1,0.00,0.00,0,0,784.00,320.00,1104.00,320,784
1668556556.483901,docker0,0.00,0.00,0.00,0,0,0.00,0.00,0.00,0,0,0.00,0.00,0,0,0.00,0.00,0.00,0,0
1668556556.483912,s1-eth1,63496.00,4260060.00,4323556.00,4260060,63496,962.00,966.00,1928.00,966,962,0.00,0.00,0,0,507968.00,34080480.00,34588448.00,34080480,507968
1668556556.483925,s2-eth2,66602.00,3067188.00,3133790.00,3067188,66602,1009.00,1058.00,2067.00,1058,1009,0.00,0.00,0,0,532816.00,24537504.00,25070320.00,24537504,532816
1668556556.483938,s2-eth3,71614.00,4815790.00,4887404.00,4815790,71614,1085.00,1093.00,2178.00,1093,1085,0.00,0.00,0,0,572912.00,38526320.00,39099232.00,38526320,572912
1668556556.483981,s1-eth3,12065106.00,201432.00,12266538.00,201432,12065106,3099.00,3052.00,6151.00,3052,3099,0.00,0.00,0,0,96520848.00,1611456.00,98132304.00,1611456,96520848
1668556556.483997,s1-eth2,138076.00,7890284.00,8028360.00,7890284,138076,2092.00,2152.00,4244.00,2152,2092,0.00,0.00,0,0,1104608.00,63122272.00,64226880.00,63122272,1104608
1668556556.484011,s2-eth1,7890284.00,138076.00,8028360.00,138076,7890284,2152.00,2092.00,4244.00,2092,2152,0.00,0.00,0,0,63122272.00,1104608.00,64226880.00,1104608,63122272
1668556556.484033,total,20296544.00,20374138.00,40670680.00,20374138,20296544,10411.00,10425.00,20836.00,10425,10411,0.00,0.00,0,0,162372352.00,162993104.00,325365440.00,162993104,162372352
1668556557.484266,lo,0.00,0.00,0.00,0,0,0.00,0.00,0.00,0,0,0.00,0.00,0,0,0.00,0.00,0.00,0,0
1668556557.484300,eth0,90.00,76.00,166.00,76,90,1.00,1.00,2.00,1,1,0.00,0.00,0,0,720.00,608.00,1328.00,608,720
1668556557.484314,docker0,0.00,0.00,0.00,0,0,0.00,0.00,0.00,0,0,0.00,0.00,0,0,0.00,0.00,0.00,0,0
1668556557.484324,s1-eth1,61402.00,3798998.00,3860400.00,3798998,61402,911.00,935.00,1846.00,935,911,0.00,0.00,0,0,491216.00,30391984.00,30883200.00,30391984,491216
1668556557.484338,s2-eth2,70488.00,3314738.00,3385226.00,3314738,70488,1068.00,1101.00,2169.00,1101,1068,0.00,0.00,0,0,563904.00,26517904.00,27081808.00,26517904,563904
1668556557.484352,s2-eth3,71148.00,4883904.00,4955052.00,4883904,71148,1078.00,1072.00,2150.00,1072,1078,0.00,0.00,0,0,569184.00,39071232.00,39640416.00,39071232,569184
1668556557.484379,s1-eth3,12062016.00,203038.00,12265054.00,203038,12062016,3140.00,3057.00,6197.00,3057,3140,0.00,0.00,0,0,96496128.00,1624304.00,98120432.00,1624304,96496128
1668556557.484393,s1-eth2,141636.00,8195746.00,8337382.00,8195746,141636,2146.00,2173.00,4319.00,2173,2146,0.00,0.00,0,0,1133088.00,65565968.00,66699056.00,65565968,1133088
1668556557.484407,s2-eth1,8195746.00,141636.00,8337382.00,141636,8195746,2173.00,2146.00,4319.00,2146,2173,0.00,0.00,0,0,65565968.00,1133088.00,66699056.00,1133088,65565968
1668556557.484429,total,20602526.00,20538136.00,41140664.00,20538136,20602526,10517.00,10485.00,21002.00,10485,10517,0.00,0.00,0,0,164820208.00,164305088.00,329125312.00,164305088,164820208
1668556558.484580,lo,2264.00,2264.00,4528.00,2264,2264,17.00,17.00,34.00,17,17,0.00,0.00,0,0,18112.00,18112.00,36224.00,18112,18112
1668556558.484619,eth0,0.00,0.00,0.00,0,0,0.00,0.00,0.00,0,0,0.00,0.00,0,0,0.00,0.00,0.00,0,0
1668556558.484633,docker0,0.00,0.00,0.00,0,0,0.00,0.00,0.00,0,0,0.00,0.00,0,0,0.00,0.00,0.00,0,0
1668556558.484643,s1-eth1,57824.00,2673114.00,2730938.00,2673114,57824,876.00,923.00,1799.00,923,876,0.00,0.00,0,0,462592.00,21384912.00,21847504.00,21384912,462592
1668556558.484657,s2-eth2,57890.00,3885478.00,3943368.00,3885478,57890,877.00,885.00,1762.00,885,877,0.00,0.00,0,0,463120.00,31083824.00,31546944.00,31083824,463120
1668556558.484671,s2-eth3,61392.00,5553198.00,5614590.00,5553198,61392,930.00,1011.00,1941.00,1011,930,0.00,0.00,0,0,491136.00,44425584.00,44916720.00,44425584,491136
1668556558.484697,s1-eth3,12049984.00,176620.00,12226604.00,176620,12049984,2804.00,2676.00,5480.00,2676,2804,0.00,0.00,0,0,96399872.00,1412960.00,97812832.00,1412960,96399872
1668556558.484712,s1-eth2,119006.00,9440124.00,9559130.00,9440124,119006,1803.00,1896.00,3699.00,1896,1803,0.00,0.00,0,0,952048.00,75520992.00,76473040.00,75520992,952048
1668556558.484737,s2-eth1,9440124.00,119006.00,9559130.00,119006,9440124,1896.00,1803.00,3699.00,1803,1896,0.00,0.00,0,0,75520992.00,952048.00,76473040.00,952048,75520992
1668556558.484760,total,21788484.00,21849804.00,43638288.00,21849804,21788484,9203.00,9211.00,18414.00,9211,9203,0.00,0.00,0,0,174307872.00,174798432.00,349106304.00,174798432,174307872
1668556559.484941,lo,0.00,0.00,0.00,0,0,0.00,0.00,0.00,0,0,0.00,0.00,0,0,0.00,0.00,0.00,0,0
1668556559.484973,eth0,90.00,76.00,166.00,76,90,1.00,1.00,2.00,1,1,0.00,0.00,0,0,720.00,608.00,1328.00,608,720
1668556559.485031,docker0,0.00,0.00,0.00,0,0,0.00,0.00,0.00,0,0,0.00,0.00,0,0,0.00,0.00,0.00,0,0
1668556559.485047,s1-eth1,60522.00,2800476.00,2860998.00,2800476,60522,917.00,966.00,1883.00,966,917,0.00,0.00,0,0,484176.00,22403808.00,22887984.00,22403808,484176
1668556559.485062,s2-eth2,57750.00,3876456.00,3934206.00,3876456,57750,875.00,880.00,1755.00,880,875,0.00,0.00,0,0,462000.00,31011648.00,31473648.00,31011648,462000
1668556559.485075,s2-eth3,59598.00,5449070.00,5508668.00,5449070,59598,903.00,991.00,1894.00,991,903,0.00,0.00,0,0,476784.00,43592560.00,44069344.00,43592560,476784
1668556559.485103,s1-eth3,12052480.00,177870.00,12230350.00,177870,12052480,2820.00,2695.00,5515.00,2695,2820,0.00,0.00,0,0,96419840.00,1422960.00,97842800.00,1422960,96419840
1668556559.485117,s1-eth2,117414.00,9316772.00,9434186.00,9316772,117414,1779.00,1870.00,3649.00,1870,1779,0.00,0.00,0,0,939312.00,74534176.00,75473488.00,74534176,939312
1668556559.485131,s2-eth1,9316772.00,117414.00,9434186.00,117414,9316772,1870.00,1779.00,3649.00,1779,1870,0.00,0.00,0,0,74534176.00,939312.00,75473488.00,939312,74534176
1668556559.485170,total,21664626.00,21738134.00,43402760.00,21738134,21664626,9165.00,9182.00,18347.00,9182,9165,0.00,0.00,0,0,173317008.00,173905072.00,347222080.00,173905072,173317008
1668556560.485407,lo,338.00,338.00,676.00,338,338,6.00,6.00,12.00,6,6,0.00,0.00,0,0,2704.00,2704.00,5408.00,2704,2704
1668556560.485448,eth0,206.00,208.00,414.00,208,206,3.00,3.00,6.00,3,3,0.00,0.00,0,0,1648.00,1664.00,3312.00,1664,1648
1668556560.485462,docker0,0.00,0.00,0.00,0,0,0.00,0.00,0.00,0,0,0.00,0.00,0,0,0.00,0.00,0.00,0,0
1668556560.485473,s1-eth1,62766.00,2901250.00,2964016.00,2901250,62766,951.00,1001.00,1952.00,1001,951,0.00,0.00,0,0,502128.00,23210000.00,23712128.00,23210000,502128
1668556560.485487,s2-eth2,57420.00,3849930.00,3907350.00,3849930,57420,870.00,873.00,1743.00,873,870,0.00,0.00,0,0,459360.00,30799440.00,31258800.00,30799440,459360
1668556560.485500,s2-eth3,58740.00,5359686.00,5418426.00,5359686,58740,890.00,975.00,1865.00,975,890,0.00,0.00,0,0,469920.00,42877488.00,43347408.00,42877488,469920
1668556560.485528,s1-eth3,12053536.00,179058.00,12232594.00,179058,12053536,2836.00,2713.00,5549.00,2713,2836,0.00,0.00,0,0,96428288.00,1432464.00,97860752.00,1432464,96428288
1668556560.485542,s1-eth2,116226.00,9216922.00,9333148.00,9216922,116226,1761.00,1849.00,3610.00,1849,1761,0.00,0.00,0,0,929808.00,73735376.00,74665184.00,73735376,929808
1668556560.485556,s2-eth1,9216922.00,116226.00,9333148.00,116226,9216922,1849.00,1761.00,3610.00,1761,1849,0.00,0.00,0,0,73735376.00,929808.00,74665184.00,929808,73735376
1668556560.485579,total,21566154.00,21623618.00,43189772.00,21623618,21566154,9166.00,9181.00,18347.00,9181,9166,0.00,0.00,0,0,172529232.00,172988944.00,345518176.00,172988944,172529232
1668556561.485853,lo,110.00,110.00,220.00,110,110,2.00,2.00,4.00,2,2,0.00,0.00,0,0,880.00,880.00,1760.00,880,880
1668556561.485888,eth0,98.00,40.00,138.00,40,98,1.00,1.00,2.00,1,1,0.00,0.00,0,0,784.00,320.00,1104.00,320,784
1668556561.485918,docker0,0.00,0.00,0.00,0,0,0.00,0.00,0.00,0,0,0.00,0.00,0,0,0.00,0.00,0.00,0,0
1668556561.485932,s1-eth1,50382.00,2217164.00,2267546.00,2217164,50382,751.00,794.00,1545.00,794,751,0.00,0.00,0,0,403056.00,17737312.00,18140368.00,17737312,403056
1668556561.485946,s2-eth2,56928.00,2767688.00,2824616.00,2767688,56928,854.00,908.00,1762.00,908,854,0.00,0.00,0,0,455424.00,22141504.00,22596928.00,22141504,455424
1668556561.485960,s2-eth3,65274.00,6900626.00,6965900.00,6900626,65274,989.00,1001.00,1990.00,1001,989,0.00,0.00,0,0,522192.00,55205008.00,55727200.00,55205008,522192
1668556561.486001,s1-eth3,12056878.00,172716.00,12229594.00,172716,12056878,2755.00,2596.00,5351.00,2596,2755,0.00,0.00,0,0,96455024.00,1381728.00,97836752.00,1381728,96455024
1668556561.486016,s1-eth2,122334.00,9666866.00,9789200.00,9666866,122334,1845.00,1909.00,3754.00,1909,1845,0.00,0.00,0,0,978672.00,77334928.00,78313600.00,77334928,978672
1668556561.486029,s2-eth1,9666866.00,122334.00,9789200.00,122334,9666866,1909.00,1845.00,3754.00,1845,1909,0.00,0.00,0,0,77334928.00,978672.00,78313600.00,978672,77334928
1668556561.486052,total,22018870.00,21847544.00,43866416.00,21847544,22018870,9106.00,9056.00,18162.00,9056,9106,0.00,0.00,0,0,176150960.00,174780352.00,350931328.00,174780352,176150960
1668556562.486319,lo,0.00,0.00,0.00,0,0,0.00,0.00,0.00,0,0,0.00,0.00,0,0,0.00,0.00,0.00,0,0
1668556562.486353,eth0,0.00,0.00,0.00,0,0,0.00,0.00,0.00,0,0,0.00,0.00,0,0,0.00,0.00,0.00,0,0
1668556562.486364,docker0,0.00,0.00,0.00,0,0,0.00,0.00,0.00,0,0,0.00,0.00,0,0,0.00,0.00,0.00,0,0
1668556562.486375,s1-eth1,50292.00,2333730.00,2384022.00,2333730,50292,762.00,805.00,1567.00,805,762,0.00,0.00,0,0,402336.00,18669840.00,19072176.00,18669840,402336
1668556562.486390,s2-eth2,62898.00,2913098.00,2975996.00,2913098,62898,953.00,1005.00,1958.00,1005,953,0.00,0.00,0,0,503184.00,23304784.00,23807968.00,23304784,503184
1668556562.486403,s2-eth3,61776.00,6860334.00,6922110.00,6860334,61776,936.00,939.00,1875.00,939,936,0.00,0.00,0,0,494208.00,54882672.00,55376880.00,54882672,494208
1668556562.486430,s1-eth3,12040484.00,174966.00,12215450.00,174966,12040484,2726.00,2651.00,5377.00,2651,2726,0.00,0.00,0,0,96323872.00,1399728.00,97723600.00,1399728,96323872
1668556562.486444,s1-eth2,124674.00,9773300.00,9897974.00,9773300,124674,1889.00,1942.00,3831.00,1942,1889,0.00,0.00,0,0,997392.00,78186400.00,79183792.00,78186400,997392
1668556562.486458,s2-eth1,9773300.00,124674.00,9897974.00,124674,9773300,1942.00,1889.00,3831.00,1889,1942,0.00,0.00,0,0,78186400.00,997392.00,79183792.00,997392,78186400
1668556562.486480,total,22113424.00,22180102.00,44293528.00,22180102,22113424,9208.00,9231.00,18439.00,9231,9208,0.00,0.00,0,0,176907392.00,177440816.00,354348224.00,177440816,176907392
1668556563.486734,lo,344.00,344.00,688.00,344,344,6.00,6.00,12.00,6,6,0.00,0.00,0,0,2752.00,2752.00,5504.00,2752,2752
1668556563.486771,eth0,90.00,76.00,166.00,76,90,1.00,1.00,2.00,1,1,0.00,0.00,0,0,720.00,608.00,1328.00,608,720
1668556563.486785,docker0,0.00,0.00,0.00,0,0,0.00,0.00,0.00,0,0,0.00,0.00,0,0,0.00,0.00,0.00,0,0
1668556563.486796,s1-eth1,53988.00,2499668.00,2553656.00,2499668,53988,818.00,862.00,1680.00,862,818,0.00,0.00,0,0,431904.00,19997344.00,20429248.00,19997344,431904
1668556563.486809,s2-eth2,63888.00,2960490.00,3024378.00,2960490,63888,968.00,1021.00,1989.00,1021,968,0.00,0.00,0,0,511104.00,23683920.00,24195024.00,23683920,511104
1668556563.486841,s2-eth3,59928.00,6648460.00,6708388.00,6648460,59928,908.00,910.00,1818.00,910,908,0.00,0.00,0,0,479424.00,53187680.00,53667104.00,53187680,479424
1668556563.486871,s1-eth3,12045034.00,177606.00,12222640.00,177606,12045034,2773.00,2691.00,5464.00,2691,2773,0.00,0.00,0,0,96360272.00,1420848.00,97781120.00,1420848,96360272
1668556563.486886,s1-eth2,123750.00,9610464.00,9734214.00,9610464,123750,1875.00,1932.00,3807.00,1932,1875,0.00,0.00,0,0,990000.00,76883712.00,77873712.00,76883712,990000
1668556563.486900,s2-eth1,9610464.00,123750.00,9734214.00,123750,9610464,1932.00,1875.00,3807.00,1875,1932,0.00,0.00,0,0,76883712.00,990000.00,77873712.00,990000,76883712
1668556563.486922,total,21957486.00,22020858.00,43978344.00,22020858,21957486,9281.00,9298.00,18579.00,9298,9281,0.00,0.00,0,0,175659888.00,176166864.00,351826752.00,176166864,175659888
1668556564.487158,lo,0.00,0.00,0.00,0,0,0.00,0.00,0.00,0,0,0.00,0.00,0,0,0.00,0.00,0.00,0,0
1668556564.487192,eth0,0.00,0.00,0.00,0,0,0.00,0.00,0.00,0,0,0.00,0.00,0,0,0.00,0.00,0.00,0,0
1668556564.487204,docker0,0.00,0.00,0.00,0,0,0.00,0.00,0.00,0,0,0.00,0.00,0,0,0.00,0.00,0.00,0,0
1668556564.487228,s1-eth1,60390.00,2791590.00,2851980.00,2791590,60390,915.00,963.00,1878.00,963,915,0.00,0.00,0,0,483120.00,22332720.00,22815840.00,22332720,483120
1668556564.487243,s2-eth2,68178.00,3216464.00,3284642.00,3216464,68178,1033.00,1060.00,2093.00,1060,1033,0.00,0.00,0,0,545424.00,25731712.00,26277136.00,25731712,545424
1668556564.487256,s2-eth3,59352.00,5891812.00,5951164.00,5891812,59352,876.00,898.00,1774.00,898,876,0.00,0.00,0,0,474816.00,47134496.00,47609312.00,47134496,474816
1668556564.487283,s1-eth3,12053160.00,187986.00,12241146.00,187986,12053160,2940.00,2825.00,5765.00,2825,2940,0.00,0.00,0,0,96425280.00,1503888.00,97929168.00,1503888,96425280
1668556564.487297,s1-eth2,127464.00,9108342.00,9235806.00,9108342,127464,1908.00,1959.00,3867.00,1959,1908,0.00,0.00,0,0,1019712.00,72866736.00,73886448.00,72866736,1019712
1668556564.487311,s2-eth1,9108342.00,127464.00,9235806.00,127464,9108342,1959.00,1908.00,3867.00,1908,1959,0.00,0.00,0,0,72866736.00,1019712.00,73886448.00,1019712,72866736
1668556564.487333,total,21476886.00,21323658.00,42800544.00,21323658,21476886,9631.00,9613.00,19244.00,9613,9631,0.00,0.00,0,0,171815088.00,170589264.00,342404352.00,170589264,171815088
1668556565.487587,lo,338.00,338.00,676.00,338,338,6.00,6.00,12.00,6,6,0.00,0.00,0,0,2704.00,2704.00,5408.00,2704,2704
1668556565.487648,eth0,206.00,208.00,414.00,208,206,3.00,3.00,6.00,3,3,0.00,0.00,0,0,1648.00,1664.00,3312.00,1664,1648
1668556565.487663,docker0,0.00,0.00,0.00,0,0,0.00,0.00,0.00,0,0,0.00,0.00,0,0,0.00,0.00,0.00,0,0
1668556565.487674,s1-eth1,79704.00,3683656.00,3763360.00,3683656,79704,1208.00,1272.00,2480.00,1272,1208,0.00,0.00,0,0,637632.00,29469248.00,30106880.00,29469248,637632
1668556565.487689,s2-eth2,61488.00,4123524.00,4185012.00,4123524,61488,932.00,938.00,1870.00,938,932,0.00,0.00,0,0,491904.00,32988192.00,33480096.00,32988192,491904
1668556565.487703,s2-eth3,64128.00,4317432.00,4381560.00,4317432,64128,972.00,980.00,1952.00,980,972,0.00,0.00,0,0,513024.00,34539456.00,35052480.00,34539456,513024
1668556565.487730,s1-eth3,12049510.00,205320.00,12254830.00,205320,12049510,3171.00,3112.00,6283.00,3112,3171,0.00,0.00,0,0,96396080.00,1642560.00,98038640.00,1642560,96396080
1668556565.487744,s1-eth2,125616.00,8440956.00,8566572.00,8440956,125616,1904.00,1918.00,3822.00,1918,1904,0.00,0.00,0,0,1004928.00,67527648.00,68532576.00,67527648,1004928
1668556565.487758,s2-eth1,8440956.00,125616.00,8566572.00,125616,8440956,1918.00,1904.00,3822.00,1904,1918,0.00,0.00,0,0,67527648.00,1004928.00,68532576.00,1004928,67527648
1668556565.487794,total,20821946.00,20897050.00,41718996.00,20897050,20821946,10114.00,10133.00,20247.00,10133,10114,0.00,0.00,0,0,166575568.00,167176400.00,333751968.00,167176400,166575568
1668556566.488088,lo,110.00,110.00,220.00,110,110,2.00,2.00,4.00,2,2,0.00,0.00,0,0,880.00,880.00,1760.00,880,880
1668556566.488134,eth0,98.00,40.00,138.00,40,98,1.00,1.00,2.00,1,1,0.00,0.00,0,0,784.00,320.00,1104.00,320,784
1668556566.488148,docker0,0.00,0.00,0.00,0,0,0.00,0.00,0.00,0,0,0.00,0.00,0,0,0.00,0.00,0.00,0,0
1668556566.488159,s1-eth1,81288.00,3744500.00,3825788.00,3744500,81288,1230.00,1294.00,2524.00,1294,1230,0.00,0.00,0,0,650304.00,29956000.00,30606304.00,29956000,650304
1668556566.488172,s2-eth2,60192.00,4052988.00,4113180.00,4052988,60192,912.00,922.00,1834.00,922,912,0.00,0.00,0,0,481536.00,32423904.00,32905440.00,32423904,481536
1668556566.488186,s2-eth3,64416.00,4313046.00,4377462.00,4313046,64416,976.00,979.00,1955.00,979,976,0.00,0.00,0,0,515328.00,34504368.00,35019696.00,34504368,515328
1668556566.488213,s1-eth3,12061760.00,205986.00,12267746.00,205986,12061760,3180.00,3119.00,6299.00,3119,3180,0.00,0.00,0,0,96494080.00,1647888.00,98141968.00,1647888,96494080
1668556566.488227,s1-eth2,124608.00,8370444.00,8495052.00,8370444,124608,1888.00,1902.00,3790.00,1902,1888,0.00,0.00,0,0,996864.00,66963552.00,67960416.00,66963552,996864
1668556566.488241,s2-eth1,8370444.00,124608.00,8495052.00,124608,8370444,1902.00,1888.00,3790.00,1888,1902,0.00,0.00,0,0,66963552.00,996864.00,67960416.00,996864,66963552
1668556566.488277,total,20762916.00,20811722.00,41574640.00,20811722,20762916,10091.00,10107.00,20198.00,10107,10091,0.00,0.00,0,0,166103328.00,166493776.00,332597120.00,166493776,166103328
1668556567.488549,lo,0.00,0.00,0.00,0,0,0.00,0.00,0.00,0,0,0.00,0.00,0,0,0.00,0.00,0.00,0,0
1668556567.488583,eth0,0.00,0.00,0.00,0,0,0.00,0.00,0.00,0,0,0.00,0.00,0,0,0.00,0.00,0.00,0,0
1668556567.488616,docker0,0.00,0.00,0.00,0,0,0.00,0.00,0.00,0,0,0.00,0.00,0,0,0.00,0.00,0.00,0,0
1668556567.488627,s1-eth1,51600.00,2273310.00,2324910.00,2273310,51600,770.00,811.00,1581.00,811,770,0.00,0.00,0,0,412800.00,18186480.00,18599280.00,18186480,412800
1668556567.488641,s2-eth2,71808.00,4820328.00,4892136.00,4820328,71808,1088.00,1096.00,2184.00,1096,1088,0.00,0.00,0,0,574464.00,38562624.00,39137088.00,38562624,574464
1668556567.488655,s2-eth3,62172.00,4934304.00,4996476.00,4934304,62172,942.00,980.00,1922.00,980,942,0.00,0.00,0,0,497376.00,39474432.00,39971808.00,39474432,497376
1668556567.488683,s1-eth3,12062632.00,185424.00,12248056.00,185424,12062632,2908.00,2798.00,5706.00,2798,2908,0.00,0.00,0,0,96501056.00,1483392.00,97984448.00,1483392,96501056
1668556567.488697,s1-eth2,133914.00,9750222.00,9884136.00,9750222,133914,2029.00,2075.00,4104.00,2075,2029,0.00,0.00,0,0,1071312.00,78001776.00,79073088.00,78001776,1071312
1668556567.488710,s2-eth1,9750222.00,133914.00,9884136.00,133914,9750222,2075.00,2029.00,4104.00,2029,2075,0.00,0.00,0,0,78001776.00,1071312.00,79073088.00,1071312,78001776
1668556567.488733,total,22132348.00,22097502.00,44229848.00,22097502,22132348,9812.00,9789.00,19601.00,9789,9812,0.00,0.00,0,0,177058784.00,176780016.00,353838784.00,176780016,177058784
1668556568.488994,lo,344.00,344.00,688.00,344,344,6.00,6.00,12.00,6,6,0.00,0.00,0,0,2752.00,2752.00,5504.00,2752,2752
1668556568.489032,eth0,0.00,0.00,0.00,0,0,0.00,0.00,0.00,0,0,0.00,0.00,0,0,0.00,0.00,0.00,0,0
1668556568.489044,docker0,0.00,0.00,0.00,0,0,0.00,0.00,0.00,0,0,0.00,0.00,0,0,0.00,0.00,0.00,0,0
1668556568.489054,s1-eth1,52734.00,2453724.00,2506458.00,2453724,52734,799.00,846.00,1645.00,846,799,0.00,0.00,0,0,421872.00,19629792.00,20051664.00,19629792,421872
1668556568.489067,s2-eth2,70950.00,4749636.00,4820586.00,4749636,70950,1075.00,1078.00,2153.00,1078,1075,0.00,0.00,0,0,567600.00,37997088.00,38564688.00,37997088,567600
1668556568.489081,s2-eth3,73062.00,4912806.00,4985868.00,4912806,73062,1107.00,1115.00,2222.00,1115,1107,0.00,0.00,0,0,584496.00,39302448.00,39886944.00,39302448,584496
1668556568.489111,s1-eth3,12052648.00,196878.00,12249526.00,196878,12052648,3020.00,2983.00,6003.00,2983,3020,0.00,0.00,0,0,96421184.00,1575024.00,97996208.00,1575024,96421184
1668556568.489126,s1-eth2,144078.00,9662442.00,9806520.00,9662442,144078,2183.00,2193.00,4376.00,2193,2183,0.00,0.00,0,0,1152624.00,77299536.00,78452160.00,77299536,1152624
1668556568.489141,s2-eth1,9662442.00,144078.00,9806520.00,144078,9662442,2193.00,2183.00,4376.00,2183,2193,0.00,0.00,0,0,77299536.00,1152624.00,78452160.00,1152624,77299536
1668556568.489163,total,22056258.00,22119908.00,44176168.00,22119908,22056258,10383.00,10404.00,20787.00,10404,10383,0.00,0.00,0,0,176450064.00,176959264.00,353409344.00,176959264,176450064
1668556569.489397,lo,0.00,0.00,0.00,0,0,0.00,0.00,0.00,0,0,0.00,0.00,0,0,0.00,0.00,0.00,0,0
1668556569.489431,eth0,0.00,0.00,0.00,0,0,0.00,0.00,0.00,0,0,0.00,0.00,0,0,0.00,0.00,0.00,0,0
1668556569.489442,docker0,0.00,0.00,0.00,0,0,0.00,0.00,0.00,0,0,0.00,0.00,0,0,0.00,0.00,0.00,0,0
1668556569.489452,s1-eth1,63822.00,2947194.00,3011016.00,2947194,63822,967.00,1017.00,1984.00,1017,967,0.00,0.00,0,0,510576.00,23577552.00,24088128.00,23577552,510576
1668556569.489467,s2-eth2,64002.00,3568122.00,3632124.00,3568122,64002,961.00,1013.00,1974.00,1013,961,0.00,0.00,0,0,512016.00,28544976.00,29056992.00,28544976,512016
1668556569.489480,s2-eth3,71214.00,5470546.00,5541760.00,5470546,71214,1079.00,1097.00,2176.00,1097,1079,0.00,0.00,0,0,569712.00,43764368.00,44334080.00,43764368,569712
1668556569.489507,s1-eth3,12079524.00,198972.00,12278496.00,198972,12079524,3142.00,3006.00,6148.00,3006,3142,0.00,0.00,0,0,96636192.00,1591776.00,98227968.00,1591776,96636192
1668556569.489537,s1-eth2,135150.00,9041630.00,9176780.00,9041630,135150,2039.00,2111.00,4150.00,2111,2039,0.00,0.00,0,0,1081200.00,72333040.00,73414240.00,72333040,1081200
1668556569.489551,s2-eth1,9041630.00,135150.00,9176780.00,135150,9041630,2111.00,2039.00,4150.00,2039,2111,0.00,0.00,0,0,72333040.00,1081200.00,73414240.00,1081200,72333040
1668556569.489573,total,21455342.00,21361614.00,42816956.00,21361614,21455342,10299.00,10283.00,20582.00,10283,10299,0.00,0.00,0,0,171642736.00,170892912.00,342535648.00,170892912,171642736
1668556570.489808,lo,338.00,338.00,676.00,338,338,6.00,6.00,12.00,6,6,0.00,0.00,0,0,2704.00,2704.00,5408.00,2704,2704
1668556570.489846,eth0,206.00,208.00,414.00,208,206,3.00,3.00,6.00,3,3,0.00,0.00,0,0,1648.00,1664.00,3312.00,1664,1648
1668556570.489860,docker0,0.00,0.00,0.00,0,0,0.00,0.00,0.00,0,0,0.00,0.00,0,0,0.00,0.00,0.00,0,0
1668556570.489870,s1-eth1,72006.00,3333900.00,3405906.00,3333900,72006,1091.00,1150.00,2241.00,1150,1091,0.00,0.00,0,0,576048.00,26671200.00,27247248.00,26671200,576048
1668556570.489883,s2-eth2,65010.00,3003472.00,3068482.00,3003472,65010,985.00,1036.00,2021.00,1036,985,0.00,0.00,0,0,520080.00,24027776.00,24547856.00,24027776,520080
1668556570.489897,s2-eth3,63840.00,5760204.00,5824044.00,5760204,63840,964.00,1054.00,2018.00,1054,964,0.00,0.00,0,0,510720.00,46081632.00,46592352.00,46081632,510720
1668556570.489923,s1-eth3,12094020.00,200922.00,12294942.00,200922,12094020,3230.00,3041.00,6271.00,3041,3230,0.00,0.00,0,0,96752160.00,1607376.00,98359536.00,1607376,96752160
1668556570.489937,s1-eth2,128982.00,8760648.00,8889630.00,8760648,128982,1951.00,2088.00,4039.00,2088,1951,0.00,0.00,0,0,1031856.00,70085184.00,71117040.00,70085184,1031856
1668556570.489950,s2-eth1,8760648.00,128982.00,8889630.00,128982,8760648,2088.00,1951.00,4039.00,1951,2088,0.00,0.00,0,0,70085184.00,1031856.00,71117040.00,1031856,70085184
1668556570.489973,total,21185050.00,21188674.00,42373724.00,21188674,21185050,10318.00,10329.00,20647.00,10329,10318,0.00,0.00,0,0,169480400.00,169509392.00,338989792.00,169509392,169480400
1668556571.490214,lo,110.00,110.00,220.00,110,110,2.00,2.00,4.00,2,2,0.00,0.00,0,0,880.00,880.00,1760.00,880,880
1668556571.490250,eth0,98.00,40.00,138.00,40,98,1.00,1.00,2.00,1,1,0.00,0.00,0,0,784.00,320.00,1104.00,320,784
1668556571.490263,docker0,0.00,0.00,0.00,0,0,0.00,0.00,0.00,0,0,0.00,0.00,0,0,0.00,0.00,0.00,0,0
1668556571.490274,s1-eth1,68310.00,4365248.00,4433558.00,4365248,68310,1035.00,1024.00,2059.00,1024,1035,0.00,0.00,0,0,546480.00,34921984.00,35468464.00,34921984,546480
1668556571.490288,s2-eth2,62964.00,3969272.00,4032236.00,3969272,62964,954.00,948.00,1902.00,948,954,0.00,0.00,0,0,503712.00,31754176.00,32257888.00,31754176,503712
1668556571.490301,s2-eth3,66792.00,3702328.00,3769120.00,3702328,66792,1006.00,1028.00,2034.00,1028,1006,0.00,0.00,0,0,534336.00,29618624.00,30152960.00,29618624,534336
1668556571.490328,s1-eth3,12067132.00,197934.00,12265066.00,197934,12067132,3042.00,2993.00,6035.00,2993,3042,0.00,0.00,0,0,96537056.00,1583472.00,98120528.00,1583472,96537056
1668556571.490342,s1-eth2,129624.00,7671666.00,7801290.00,7671666,129624,1958.00,1977.00,3935.00,1977,1958,0.00,0.00,0,0,1036992.00,61373328.00,62410320.00,61373328,1036992
1668556571.490356,s2-eth1,7671666.00,129624.00,7801290.00,129624,7671666,1977.00,1958.00,3935.00,1958,1977,0.00,0.00,0,0,61373328.00,1036992.00,62410320.00,1036992,61373328
1668556571.490378,total,20066696.00,20036222.00,40102920.00,20036222,20066696,9975.00,9931.00,19906.00,9931,9975,0.00,0.00,0,0,160533568.00,160289776.00,320823360.00,160289776,160533568
1668556572.490626,lo,0.00,0.00,0.00,0,0,0.00,0.00,0.00,0,0,0.00,0.00,0,0,0.00,0.00,0.00,0,0
1668556572.490676,eth0,42.00,42.00,84.00,42,42,1.00,1.00,2.00,1,1,0.00,0.00,0,0,336.00,336.00,672.00,336,336
1668556572.490691,docker0,0.00,0.00,0.00,0,0,0.00,0.00,0.00,0,0,0.00,0.00,0,0,0.00,0.00,0.00,0,0
1668556572.490701,s1-eth1,65010.00,4366098.00,4431108.00,4366098,65010,985.00,993.00,1978.00,993,985,0.00,0.00,0,0,520080.00,34928784.00,35448864.00,34928784,520080
1668556572.490726,s2-eth2,58740.00,3938130.00,3996870.00,3938130,58740,890.00,893.00,1783.00,893,890,0.00,0.00,0,0,469920.00,31505040.00,31974960.00,31505040,469920
1668556572.490740,s2-eth3,57684.00,3815904.00,3873588.00,3815904,57684,874.00,884.00,1758.00,884,874,0.00,0.00,0,0,461472.00,30527232.00,30988704.00,30527232,461472
1668556572.490767,s1-eth3,12058392.00,181434.00,12239826.00,181434,12058392,2756.00,2749.00,5505.00,2749,2756,0.00,0.00,0,0,96467136.00,1451472.00,97918608.00,1451472,96467136
1668556572.490781,s1-eth2,116424.00,7754034.00,7870458.00,7754034,116424,1764.00,1777.00,3541.00,1777,1764,0.00,0.00,0,0,931392.00,62032272.00,62963664.00,62032272,931392
1668556572.490794,s2-eth1,7754034.00,116424.00,7870458.00,116424,7754034,1777.00,1764.00,3541.00,1764,1777,0.00,0.00,0,0,62032272.00,931392.00,62963664.00,931392,62032272
1668556572.490847,total,20110326.00,20172066.00,40282392.00,20172066,20110326,9047.00,9061.00,18108.00,9061,9047,0.00,0.00,0,0,160882608.00,161376528.00,322259136.00,161376528,160882608
1668556573.491035,lo,344.00,344.00,688.00,344,344,6.00,6.00,12.00,6,6,0.00,0.00,0,0,2752.00,2752.00,5504.00,2752,2752
1668556573.491085,eth0,0.00,0.00,0.00,0,0,0.00,0.00,0.00,0,0,0.00,0.00,0,0,0.00,0.00,0.00,0,0
1668556573.491097,docker0,0.00,0.00,0.00,0,0,0.00,0.00,0.00,0,0,0.00,0.00,0,0,0.00,0.00,0.00,0,0
1668556573.491108,s1-eth1,64614.00,4343982.00,4408596.00,4343982,64614,979.00,987.00,1966.00,987,979,0.00,0.00,0,0,516912.00,34751856.00,35268768.00,34751856,516912
1668556573.491122,s2-eth2,59598.00,4008822.00,4068420.00,4008822,59598,903.00,911.00,1814.00,911,903,0.00,0.00,0,0,476784.00,32070576.00,32547360.00,32070576,476784
1668556573.491135,s2-eth3,56364.00,3788454.00,3844818.00,3788454,56364,854.00,863.00,1717.00,863,854,0.00,0.00,0,0,450912.00,30307632.00,30758544.00,30307632,450912
1668556573.491162,s1-eth3,12061878.00,180576.00,12242454.00,180576,12061878,2743.00,2736.00,5479.00,2736,2743,0.00,0.00,0,0,96495024.00,1444608.00,97939632.00,1444608,96495024
1668556573.491176,s1-eth2,115962.00,7797276.00,7913238.00,7797276,115962,1757.00,1774.00,3531.00,1774,1757,0.00,0.00,0,0,927696.00,62378208.00,63305904.00,62378208,927696
1668556573.491190,s2-eth1,7797276.00,115962.00,7913238.00,115962,7797276,1774.00,1757.00,3531.00,1757,1774,0.00,0.00,0,0,62378208.00,927696.00,63305904.00,927696,62378208
1668556573.491212,total,20156036.00,20235416.00,40391452.00,20235416,20156036,9016.00,9034.00,18050.00,9034,9016,0.00,0.00,0,0,161248288.00,161883328.00,323131616.00,161883328,161248288
1668556574.491466,lo,0.00,0.00,0.00,0,0,0.00,0.00,0.00,0,0,0.00,0.00,0,0,0.00,0.00,0.00,0,0
1668556574.491499,eth0,0.00,0.00,0.00,0,0,0.00,0.00,0.00,0,0,0.00,0.00,0,0,0.00,0.00,0.00,0,0
1668556574.491510,docker0,0.00,0.00,0.00,0,0,0.00,0.00,0.00,0,0,0.00,0.00,0,0,0.00,0.00,0.00,0,0
1668556574.491520,s1-eth1,64878.00,4352868.00,4417746.00,4352868,64878,983.00,990.00,1973.00,990,983,0.00,0.00,0,0,519024.00,34822944.00,35341968.00,34822944,519024
1668556574.491535,s2-eth2,59202.00,3977820.00,4037022.00,3977820,59202,897.00,902.00,1799.00,902,897,0.00,0.00,0,0,473616.00,31822560.00,32296176.00,31822560,473616
1668556574.491548,s2-eth3,56628.00,3797208.00,3853836.00,3797208,56628,858.00,864.00,1722.00,864,858,0.00,0.00,0,0,453024.00,30377664.00,30830688.00,30377664,453024
1668556574.491575,s1-eth3,12070632.00,180708.00,12251340.00,180708,12070632,2744.00,2738.00,5482.00,2738,2744,0.00,0.00,0,0,96565056.00,1445664.00,98010720.00,1445664,96565056
1668556574.491623,s1-eth2,115830.00,7779438.00,7895268.00,7779438,115830,1755.00,1767.00,3522.00,1767,1755,0.00,0.00,0,0,926640.00,62235504.00,63162144.00,62235504,926640
1668556574.491641,s2-eth1,7779438.00,115830.00,7895268.00,115830,7779438,1767.00,1755.00,3522.00,1755,1767,0.00,0.00,0,0,62235504.00,926640.00,63162144.00,926640,62235504
1668556574.491665,total,20146608.00,20203872.00,40350480.00,20203872,20146608,9004.00,9016.00,18020.00,9016,9004,0.00,0.00,0,0,161172864.00,161630976.00,322803840.00,161630976,161172864
1668556575.491903,lo,338.00,338.00,676.00,338,338,6.00,6.00,12.00,6,6,0.00,0.00,0,0,2704.00,2704.00,5408.00,2704,2704
1668556575.491959,eth0,296.00,284.00,580.00,284,296,4.00,4.00,8.00,4,4,0.00,0.00,0,0,2368.00,2272.00,4640.00,2272,2368
1668556575.491973,docker0,0.00,0.00,0.00,0,0,0.00,0.00,0.00,0,0,0.00,0.00,0,0,0.00,0.00,0.00,0,0
1668556575.491983,s1-eth1,64344.00,4145932.00,4210276.00,4145932,64344,964.00,970.00,1934.00,970,964,0.00,0.00,0,0,514752.00,33167456.00,33682208.00,33167456,514752
1668556575.491996,s2-eth2,59244.00,3947478.00,4006722.00,3947478,59244,894.00,903.00,1797.00,903,894,0.00,0.00,0,0,473952.00,31579824.00,32053776.00,31579824,473952
1668556575.492010,s2-eth3,56760.00,3810240.00,3867000.00,3810240,56760,860.00,864.00,1724.00,864,860,0.00,0.00,0,0,454080.00,30481920.00,30936000.00,30481920,454080
1668556575.492035,s1-eth3,12057270.00,180438.00,12237708.00,180438,12057270,2739.00,2719.00,5458.00,2719,2739,0.00,0.00,0,0,96458160.00,1443504.00,97901664.00,1443504,96458160
1668556575.492049,s1-eth2,116016.00,7757718.00,7873734.00,7757718,116016,1754.00,1767.00,3521.00,1767,1754,0.00,0.00,0,0,928128.00,62061744.00,62989872.00,62061744,928128
1668556575.492063,s2-eth1,7757718.00,116016.00,7873734.00,116016,7757718,1767.00,1754.00,3521.00,1754,1767,0.00,0.00,0,0,62061744.00,928128.00,62989872.00,928128,62061744
1668556575.492085,total,20111986.00,19958444.00,40070432.00,19958444,20111986,8988.00,8987.00,17975.00,8987,8988,0.00,0.00,0,0,160895888.00,159667552.00,320563456.00,159667552,160895888
1668556576.492356,lo,110.00,110.00,220.00,110,110,2.00,2.00,4.00,2,2,0.00,0.00,0,0,880.00,880.00,1760.00,880,880
1668556576.492412,eth0,98.00,40.00,138.00,40,98,1.00,1.00,2.00,1,1,0.00,0.00,0,0,784.00,320.00,1104.00,320,784
1668556576.492427,docker0,0.00,0.00,0.00,0,0,0.00,0.00,0.00,0,0,0.00,0.00,0,0,0.00,0.00,0.00,0,0
1668556576.492437,s1-eth1,72018.00,3363652.00,3435670.00,3363652,72018,1089.00,1162.00,2251.00,1162,1089,0.00,0.00,0,0,576144.00,26909216.00,27485360.00,26909216,576144
1668556576.492451,s2-eth2,65244.00,3063896.00,3129140.00,3063896,65244,984.00,1052.00,2036.00,1052,984,0.00,0.00,0,0,521952.00,24511168.00,25033120.00,24511168,521952
1668556576.492465,s2-eth3,64482.00,5634818.00,5699300.00,5634818,64482,977.00,1041.00,2018.00,1041,977,0.00,0.00,0,0,515856.00,45078544.00,45594400.00,45078544,515856
1668556576.492492,s1-eth3,12087642.00,201588.00,12289230.00,201588,12087642,3265.00,3048.00,6313.00,3048,3265,0.00,0.00,0,0,96701136.00,1612704.00,98313840.00,1612704,96701136
1668556576.492506,s1-eth2,129648.00,8691342.00,8820990.00,8691342,129648,1960.00,2091.00,4051.00,2091,1960,0.00,0.00,0,0,1037184.00,69530736.00,70567920.00,69530736,1037184
1668556576.492519,s2-eth1,8691342.00,129648.00,8820990.00,129648,8691342,2091.00,1960.00,4051.00,1960,2091,0.00,0.00,0,0,69530736.00,1037184.00,70567920.00,1037184,69530736
1668556576.492542,total,21110584.00,21085094.00,42195680.00,21085094,21110584,10369.00,10357.00,20726.00,10357,10369,0.00,0.00,0,0,168884672.00,168680752.00,337565440.00,168680752,168884672
1668556577.492726,lo,0.00,0.00,0.00,0,0,0.00,0.00,0.00,0,0,0.00,0.00,0,0,0.00,0.00,0.00,0,0
1668556577.492781,eth0,0.00,0.00,0.00,0,0,0.00,0.00,0.00,0,0,0.00,0.00,0,0,0.00,0.00,0.00,0,0
1668556577.492795,docker0,0.00,0.00,0.00,0,0,0.00,0.00,0.00,0,0,0.00,0.00,0,0,0.00,0.00,0.00,0,0
1668556577.492805,s1-eth1,74778.00,3461332.00,3536110.00,3461332,74778,1133.00,1194.00,2327.00,1194,1133,0.00,0.00,0,0,598224.00,27690656.00,28288880.00,27690656,598224
1668556577.492820,s2-eth2,69036.00,3200544.00,3269580.00,3200544,69036,1046.00,1104.00,2150.00,1104,1046,0.00,0.00,0,0,552288.00,25604352.00,26156640.00,25604352,552288
1668556577.492833,s2-eth3,60654.00,5503306.00,5563960.00,5503306,60654,919.00,1001.00,1920.00,1001,919,0.00,0.00,0,0,485232.00,44026448.00,44511680.00,44026448,485232
1668556577.492860,s1-eth3,12094292.00,204468.00,12298760.00,204468,12094292,3278.00,3098.00,6376.00,3098,3278,0.00,0.00,0,0,96754336.00,1635744.00,98390080.00,1635744,96754336
1668556577.492874,s1-eth2,129756.00,8709774.00,8839530.00,8709774,129756,1966.00,2107.00,4073.00,2107,1966,0.00,0.00,0,0,1038048.00,69678192.00,70716240.00,69678192,1038048
1668556577.492902,s2-eth1,8709774.00,129756.00,8839530.00,129756,8709774,2107.00,1966.00,4073.00,1966,2107,0.00,0.00,0,0,69678192.00,1038048.00,70716240.00,1038048,69678192
1668556577.492949,total,21138290.00,21209180.00,42347472.00,21209180,21138290,10449.00,10470.00,20919.00,10470,10449,0.00,0.00,0,0,169106320.00,169673440.00,338779776.00,169673440,169106320
1668556578.493162,lo,344.00,344.00,688.00,344,344,6.00,6.00,12.00,6,6,0.00,0.00,0,0,2752.00,2752.00,5504.00,2752,2752
1668556578.493233,eth0,0.00,0.00,0.00,0,0,0.00,0.00,0.00,0,0,0.00,0.00,0,0,0.00,0.00,0.00,0,0
1668556578.493249,docker0,0.00,0.00,0.00,0,0,0.00,0.00,0.00,0,0,0.00,0.00,0,0,0.00,0.00,0.00,0,0
1668556578.493259,s1-eth1,54942.00,2361448.00,2416390.00,2361448,54942,811.00,852.00,1663.00,852,811,0.00,0.00,0,0,439536.00,18891584.00,19331120.00,18891584,439536
1668556578.493273,s2-eth2,63360.00,3646174.00,3709534.00,3646174,63360,960.00,967.00,1927.00,967,960,0.00,0.00,0,0,506880.00,29169392.00,29676272.00,29169392,506880
1668556578.493287,s2-eth3,59994.00,6010560.00,6070554.00,6010560,59994,909.00,964.00,1873.00,964,909,0.00,0.00,0,0,479952.00,48084480.00,48564432.00,48084480,479952
1668556578.493314,s1-eth3,12052810.00,178362.00,12231172.00,178362,12052810,2825.00,2681.00,5506.00,2681,2825,0.00,0.00,0,0,96422480.00,1426896.00,97849376.00,1426896,96422480
1668556578.493328,s1-eth2,123420.00,9650876.00,9774296.00,9650876,123420,1870.00,1930.00,3800.00,1930,1870,0.00,0.00,0,0,987360.00,77207008.00,78194368.00,77207008,987360
1668556578.493342,s2-eth1,9650876.00,123420.00,9774296.00,123420,9650876,1930.00,1870.00,3800.00,1870,1930,0.00,0.00,0,0,77207008.00,987360.00,78194368.00,987360,77207008
1668556578.493394,total,22005746.00,21971184.00,43976928.00,21971184,22005746,9311.00,9270.00,18581.00,9270,9311,0.00,0.00,0,0,176045968.00,175769472.00,351815424.00,175769472,176045968
1668556579.493634,lo,0.00,0.00,0.00,0,0,0.00,0.00,0.00,0,0,0.00,0.00,0,0,0.00,0.00,0.00,0,0
1668556579.493669,eth0,0.00,0.00,0.00,0,0,0.00,0.00,0.00,0,0,0.00,0.00,0,0,0.00,0.00,0.00,0,0
1668556579.493681,docker0,0.00,0.00,0.00,0,0,0.00,0.00,0.00,0,0,0.00,0.00,0,0,0.00,0.00,0.00,0,0
1668556579.493691,s1-eth1,49104.00,2275938.00,2325042.00,2275938,49104,744.00,785.00,1529.00,785,744,0.00,0.00,0,0,392832.00,18207504.00,18600336.00,18207504,392832
1668556579.493705,s2-eth2,55506.00,3726516.00,3782022.00,3726516,55506,841.00,846.00,1687.00,846,841,0.00,0.00,0,0,444048.00,29812128.00,30256176.00,29812128,444048
1668556579.493721,s2-eth3,67122.00,6121820.00,6188942.00,6121820,67122,1017.00,1114.00,2131.00,1114,1017,0.00,0.00,0,0,536976.00,48974560.00,49511536.00,48974560,536976
1668556579.493748,s1-eth3,12058058.00,171732.00,12229790.00,171732,12058058,2729.00,2602.00,5331.00,2602,2729,0.00,0.00,0,0,96464464.00,1373856.00,97838320.00,1373856,96464464
1668556579.493763,s1-eth2,122562.00,9855642.00,9978204.00,9855642,122562,1857.00,1961.00,3818.00,1961,1857,0.00,0.00,0,0,980496.00,78845136.00,79825632.00,78845136,980496
1668556579.493777,s2-eth1,9855642.00,122562.00,9978204.00,122562,9855642,1961.00,1857.00,3818.00,1857,1961,0.00,0.00,0,0,78845136.00,980496.00,79825632.00,980496,78845136
1668556579.493799,total,22207994.00,22274210.00,44482204.00,22274210,22207994,9149.00,9165.00,18314.00,9165,9149,0.00,0.00,0,0,177663952.00,178193680.00,355857632.00,178193680,177663952
1668556580.493967,lo,338.00,338.00,676.00,338,338,6.00,6.00,12.00,6,6,0.00,0.00,0,0,2704.00,2704.00,5408.00,2704,2704
1668556580.494005,eth0,206.00,208.00,414.00,208,206,3.00,3.00,6.00,3,3,0.00,0.00,0,0,1648.00,1664.00,3312.00,1664,1648
1668556580.494057,docker0,0.00,0.00,0.00,0,0,0.00,0.00,0.00,0,0,0.00,0.00,0,0,0.00,0.00,0.00,0,0
1668556580.494068,s1-eth1,51942.00,2410808.00,2462750.00,2410808,51942,787.00,832.00,1619.00,832,787,0.00,0.00,0,0,415536.00,19286464.00,19702000.00,19286464,415536
1668556580.494082,s2-eth2,57552.00,3863160.00,3920712.00,3863160,57552,872.00,876.00,1748.00,876,872,0.00,0.00,0,0,460416.00,30905280.00,31365696.00,30905280,460416
1668556580.494111,s2-eth3,64152.00,5846296.00,5910448.00,5846296,64152,972.00,1064.00,2036.00,1064,972,0.00,0.00,0,0,513216.00,46770368.00,47283584.00,46770368,513216
1668556580.494139,s1-eth3,12052534.00,173712.00,12226246.00,173712,12052534,2755.00,2632.00,5387.00,2632,2755,0.00,0.00,0,0,96420272.00,1389696.00,97809968.00,1389696,96420272
1668556580.494154,s1-eth2,121770.00,9709456.00,9831226.00,9709456,121770,1845.00,1940.00,3785.00,1940,1845,0.00,0.00,0,0,974160.00,77675648.00,78649808.00,77675648,974160
1668556580.494205,s2-eth1,9709456.00,121770.00,9831226.00,121770,9709456,1940.00,1845.00,3785.00,1845,1940,0.00,0.00,0,0,77675648.00,974160.00,78649808.00,974160,77675648
1668556580.494234,total,22057950.00,22125748.00,44183696.00,22125748,22057950,9180.00,9198.00,18378.00,9198,9180,0.00,0.00,0,0,176463600.00,177005984.00,353469568.00,177005984,176463600
1668556581.494466,lo,2173.00,2173.00,4346.00,2173,2173,28.00,28.00,56.00,28,28,0.00,0.00,0,0,17384.00,17384.00,34768.00,17384,17384
1668556581.494503,eth0,1450.00,1352.00,2802.00,1352,1450,13.00,15.00,28.00,15,13,0.00,0.00,0,0,11600.00,10816.00,22416.00,10816,11600
1668556581.494541,docker0,0.00,0.00,0.00,0,0,0.00,0.00,0.00,0,0,0.00,0.00,0,0,0.00,0.00,0.00,0,0
1668556581.494555,s1-eth1,54978.00,2545612.00,2600590.00,2545612,54978,833.00,878.00,1711.00,878,833,0.00,0.00,0,0,439824.00,20364896.00,20804720.00,20364896,439824
1668556581.494569,s2-eth2,55968.00,3766338.00,3822306.00,3766338,55968,848.00,857.00,1705.00,857,848,0.00,0.00,0,0,447744.00,30130704.00,30578448.00,30130704,447744
1668556581.494583,s2-eth3,63756.00,5803776.00,5867532.00,5803776,63756,966.00,1056.00,2022.00,1056,966,0.00,0.00,0,0,510048.00,46430208.00,46940256.00,46430208,510048
1668556581.494610,s1-eth3,12055236.00,174570.00,12229806.00,174570,12055236,2774.00,2645.00,5419.00,2645,2774,0.00,0.00,0,0,96441888.00,1396560.00,97838448.00,1396560,96441888
1668556581.494624,s1-eth2,119724.00,9562808.00,9682532.00,9562808,119724,1814.00,1912.00,3726.00,1912,1814,0.00,0.00,0,0,957792.00,76502464.00,77460256.00,76502464,957792
1668556581.494638,s2-eth1,9562808.00,119724.00,9682532.00,119724,9562808,1912.00,1814.00,3726.00,1814,1912,0.00,0.00,0,0,76502464.00,957792.00,77460256.00,957792,76502464
1668556581.494661,total,21916092.00,21976352.00,43892448.00,21976353,21916093,9188.00,9205.00,18393.00,9205,9188,0.00,0.00,0,0,175328736.00,175810816.00,351139584.00,175810824,175328744
1668556582.494843,lo,0.00,0.00,0.00,0,0,0.00,0.00,0.00,0,0,0.00,0.00,0,0,0.00,0.00,0.00,0,0
1668556582.494902,eth0,0.00,0.00,0.00,0,0,0.00,0.00,0.00,0,0,0.00,0.00,0,0,0.00,0.00,0.00,0,0
1668556582.494917,docker0,0.00,0.00,0.00,0,0,0.00,0.00,0.00,0,0,0.00,0.00,0,0,0.00,0.00,0.00,0,0
1668556582.494928,s1-eth1,36540.00,1522608.00,1559148.00,1522608,36540,534.00,560.00,1094.00,560,534,0.00,0.00,0,0,292320.00,12180864.00,12473184.00,12180864,292320
1668556582.494942,s2-eth2,63430.00,4255716.00,4319146.00,4255716,63430,961.00,966.00,1927.00,966,961,0.00,0.00,0,0,507440.00,34045728.00,34553168.00,34045728,507440
1668556582.494956,s2-eth3,58942.00,6217546.00,6276488.00,6217546,58942,893.00,897.00,1790.00,897,893,0.00,0.00,0,0,471536.00,49740368.00,50211904.00,49740368,471536
1668556582.494982,s1-eth3,12034446.00,158772.00,12193218.00,158772,12034446,2459.00,2386.00,4845.00,2386,2459,0.00,0.00,0,0,96275568.00,1270176.00,97545744.00,1270176,96275568
1668556582.494997,s1-eth2,122166.00,10473262.00,10595428.00,10473262,122166,1851.00,1863.00,3714.00,1863,1851,0.00,0.00,0,0,977328.00,83786096.00,84763424.00,83786096,977328
1668556582.495010,s2-eth1,10473262.00,122166.00,10595428.00,122166,10473262,1863.00,1851.00,3714.00,1851,1863,0.00,0.00,0,0,83786096.00,977328.00,84763424.00,977328,83786096
1668556582.495033,total,22788786.00,22750070.00,45538856.00,22750070,22788786,8561.00,8523.00,17084.00,8523,8561,0.00,0.00,0,0,182310288.00,182000560.00,364310848.00,182000560,182310288
1668556583.495228,lo,579.00,579.00,1158.00,579,579,10.00,10.00,20.00,10,10,0.00,0.00,0,0,4632.00,4632.00,9264.00,4632,4632
1668556583.495298,eth0,108.00,184.00,292.00,184,108,2.00,2.00,4.00,2,2,0.00,0.00,0,0,864.00,1472.00,2336.00,1472,864
1668556583.495328,docker0,0.00,0.00,0.00,0,0,0.00,0.00,0.00,0,0,0.00,0.00,0,0,0.00,0.00,0.00,0,0
1668556583.495339,s1-eth1,36168.00,1680312.00,1716480.00,1680312,36168,548.00,580.00,1128.00,580,548,0.00,0.00,0,0,289344.00,13442496.00,13731840.00,13442496,289344
1668556583.495353,s2-eth2,63558.00,4251372.00,4314930.00,4251372,63558,963.00,966.00,1929.00,966,963,0.00,0.00,0,0,508464.00,34010976.00,34519440.00,34010976,508464
1668556583.495366,s2-eth3,64812.00,6162686.00,6227498.00,6162686,64812,982.00,1075.00,2057.00,1075,982,0.00,0.00,0,0,518496.00,49301488.00,49819984.00,49301488,518496
1668556583.495394,s1-eth3,12043158.00,164604.00,12207762.00,164604,12043158,2591.00,2494.00,5085.00,2494,2591,0.00,0.00,0,0,96345264.00,1316832.00,97662096.00,1316832,96345264
1668556583.495408,s1-eth2,128436.00,10416954.00,10545390.00,10416954,128436,1946.00,2041.00,3987.00,2041,1946,0.00,0.00,0,0,1027488.00,83335632.00,84363120.00,83335632,1027488
1668556583.495422,s2-eth1,10416954.00,128436.00,10545390.00,128436,10416954,2041.00,1946.00,3987.00,1946,2041,0.00,0.00,0,0,83335632.00,1027488.00,84363120.00,1027488,83335632
1668556583.495472,total,22753772.00,22805128.00,45558900.00,22805127,22753773,9083.00,9114.00,18197.00,9114,9083,0.00,0.00,0,0,182030176.00,182441024.00,364471200.00,182441016,182030184
1668556584.495744,lo,0.00,0.00,0.00,0,0,0.00,0.00,0.00,0,0,0.00,0.00,0,0,0.00,0.00,0.00,0,0
1668556584.495779,eth0,0.00,0.00,0.00,0,0,0.00,0.00,0.00,0,0,0.00,0.00,0,0,0.00,0.00,0.00,0,0
1668556584.495806,docker0,0.00,0.00,0.00,0,0,0.00,0.00,0.00,0,0,0.00,0.00,0,0,0.00,0.00,0.00,0,0
1668556584.495819,s1-eth1,47322.00,2194450.00,2241772.00,2194450,47322,717.00,757.00,1474.00,757,717,0.00,0.00,0,0,378576.00,17555600.00,17934176.00,17555600,378576
1668556584.495833,s2-eth2,65274.00,5059628.00,5124902.00,5059628,65274,989.00,1014.00,2003.00,1014,989,0.00,0.00,0,0,522192.00,40477024.00,40999216.00,40477024,522192
1668556584.495847,s2-eth3,64626.00,4637336.00,4701962.00,4637336,64626,967.00,1000.00,1967.00,1000,967,0.00,0.00,0,0,517008.00,37098688.00,37615696.00,37098688,517008
1668556584.495875,s1-eth3,12054060.00,177156.00,12231216.00,177156,12054060,2800.00,2672.00,5472.00,2672,2800,0.00,0.00,0,0,96432480.00,1417248.00,97849728.00,1417248,96432480
1668556584.495889,s1-eth2,129834.00,9695516.00,9825350.00,9695516,129834,1955.00,2014.00,3969.00,2014,1955,0.00,0.00,0,0,1038672.00,77564128.00,78602800.00,77564128,1038672
1668556584.495903,s2-eth1,9695516.00,129834.00,9825350.00,129834,9695516,2014.00,1955.00,3969.00,1955,2014,0.00,0.00,0,0,77564128.00,1038672.00,78602800.00,1038672,77564128
1668556584.495926,total,22056632.00,21893920.00,43950552.00,21893920,22056632,9442.00,9412.00,18854.00,9412,9442,0.00,0.00,0,0,176453056.00,175151360.00,351604416.00,175151360,176453056
1668556585.496272,lo,340.00,340.00,680.00,340,340,6.00,6.00,12.00,6,6,0.00,0.00,0,0,2720.00,2720.00,5440.00,2720,2720
1668556585.496325,eth0,206.00,216.00,422.00,216,206,3.00,3.00,6.00,3,3,0.00,0.00,0,0,1648.00,1728.00,3376.00,1728,1648
1668556585.496339,docker0,0.00,0.00,0.00,0,0,0.00,0.00,0.00,0,0,0.00,0.00,0,0,0.00,0.00,0.00,0,0
1668556585.496349,s1-eth1,56364.00,2612290.00,2668654.00,2612290,56364,854.00,901.00,1755.00,901,854,0.00,0.00,0,0,450912.00,20898320.00,21349232.00,20898320,450912
1668556585.496363,s2-eth2,59994.00,5474016.00,5534010.00,5474016,59994,909.00,996.00,1905.00,996,909,0.00,0.00,0,0,479952.00,43792128.00,44272080.00,43792128,479952
1668556585.496376,s2-eth3,60192.00,4039692.00,4099884.00,4039692,60192,912.00,918.00,1830.00,918,912,0.00,0.00,0,0,481536.00,32317536.00,32799072.00,32317536,481536
1668556585.496404,s1-eth3,12062744.00,176616.00,12239360.00,176616,12062744,2800.00,2676.00,5476.00,2676,2800,0.00,0.00,0,0,96501952.00,1412928.00,97914880.00,1412928,96501952
1668556585.496418,s1-eth2,120186.00,9513708.00,9633894.00,9513708,120186,1821.00,1914.00,3735.00,1914,1821,0.00,0.00,0,0,961488.00,76109664.00,77071152.00,76109664,961488
1668556585.496432,s2-eth1,9513708.00,120186.00,9633894.00,120186,9513708,1914.00,1821.00,3735.00,1821,1914,0.00,0.00,0,0,76109664.00,961488.00,77071152.00,961488,76109664
1668556585.496485,total,21873734.00,21937064.00,43810800.00,21937064,21873734,9219.00,9235.00,18454.00,9235,9219,0.00,0.00,0,0,174989872.00,175496512.00,350486400.00,175496512,174989872
1668556586.496730,lo,496.00,496.00,992.00,496,496,5.00,5.00,10.00,5,5,0.00,0.00,0,0,3968.00,3968.00,7936.00,3968,3968
1668556586.496766,eth0,98.00,40.00,138.00,40,98,1.00,1.00,2.00,1,1,0.00,0.00,0,0,784.00,320.00,1104.00,320,784
1668556586.496779,docker0,0.00,0.00,0.00,0,0,0.00,0.00,0.00,0,0,0.00,0.00,0,0,0.00,0.00,0.00,0,0
1668556586.496789,s1-eth1,59078.00,2727874.00,2786952.00,2727874,59078,895.00,941.00,1836.00,941,895,0.00,0.00,0,0,472624.00,21822992.00,22295616.00,21822992,472624
1668556586.496803,s2-eth2,58938.00,5377260.00,5436198.00,5377260,58938,893.00,978.00,1871.00,978,893,0.00,0.00,0,0,471504.00,43018080.00,43489584.00,43018080,471504
1668556586.496817,s2-eth3,59796.00,4008690.00,4068486.00,4008690,59796,906.00,909.00,1815.00,909,906,0.00,0.00,0,0,478368.00,32069520.00,32547888.00,32069520,478368
1668556586.496843,s1-eth3,12052088.00,177738.00,12229826.00,177738,12052088,2814.00,2693.00,5507.00,2693,2814,0.00,0.00,0,0,96416704.00,1421904.00,97838608.00,1421904,96416704
1668556586.496858,s1-eth2,118800.00,9387468.00,9506268.00,9387468,118800,1800.00,1888.00,3688.00,1888,1800,0.00,0.00,0,0,950400.00,75099744.00,76050144.00,75099744,950400
1668556586.496871,s2-eth1,9387468.00,118800.00,9506268.00,118800,9387468,1888.00,1800.00,3688.00,1800,1888,0.00,0.00,0,0,75099744.00,950400.00,76050144.00,950400,75099744
1668556586.496893,total,21736762.00,21798366.00,43535128.00,21798366,21736762,9202.00,9215.00,18417.00,9215,9202,0.00,0.00,0,0,173894096.00,174386928.00,348281024.00,174386928,173894096
1668556587.497121,lo,0.00,0.00,0.00,0,0,0.00,0.00,0.00,0,0,0.00,0.00,0,0,0.00,0.00,0.00,0,0
1668556587.497154,eth0,0.00,0.00,0.00,0,0,0.00,0.00,0.00,0,0,0.00,0.00,0,0,0.00,0.00,0.00,0,0
1668556587.497166,docker0,0.00,0.00,0.00,0,0,0.00,0.00,0.00,0,0,0.00,0.00,0,0,0.00,0.00,0.00,0,0
1668556587.497176,s1-eth1,64940.00,3635118.00,3700058.00,3635118,64940,964.00,975.00,1939.00,975,964,0.00,0.00,0,0,519520.00,29080944.00,29600464.00,29080944,519520
1668556587.497190,s2-eth2,35046.00,2777422.00,2812468.00,2777422,35046,531.00,507.00,1038.00,507,531,0.00,0.00,0,0,280368.00,22219376.00,22499744.00,22219376,280368
1668556587.497204,s2-eth3,58938.00,4876686.00,4935624.00,4876686,58938,893.00,831.00,1724.00,831,893,0.00,0.00,0,0,471504.00,39013488.00,39484992.00,39013488,471504
1668556587.497231,s1-eth3,12054594.00,158594.00,12213188.00,158594,12054594,2501.00,2383.00,4884.00,2383,2501,0.00,0.00,0,0,96436752.00,1268752.00,97705504.00,1268752,96436752
1668556587.497245,s1-eth2,93786.00,7662928.00,7756714.00,7662928,93786,1421.00,1340.00,2761.00,1340,1421,0.00,0.00,0,0,750288.00,61303424.00,62053712.00,61303424,750288
1668556587.497259,s2-eth1,7662928.00,93786.00,7756714.00,93786,7662928,1340.00,1421.00,2761.00,1421,1340,0.00,0.00,0,0,61303424.00,750288.00,62053712.00,750288,61303424
1668556587.497281,total,19970232.00,19204534.00,39174768.00,19204534,19970232,7650.00,7457.00,15107.00,7457,7650,0.00,0.00,0,0,159761856.00,153636272.00,313398144.00,153636272,159761856
1668556588.497500,lo,1447.00,1447.00,2894.00,1447,1447,25.00,25.00,50.00,25,25,0.00,0.00,0,0,11576.00,11576.00,23152.00,11576,11576
1668556588.497528,eth0,856.00,160.00,1016.00,160,856,8.00,4.00,12.00,4,8,0.00,0.00,0,0,6848.00,1280.00,8128.00,1280,6848
1668556588.497541,docker0,0.00,0.00,0.00,0,0,0.00,0.00,0.00,0,0,0.00,0.00,0,0,0.00,0.00,0.00,0,0
1668556588.497551,total,18446744073709551616.00,18446744073709551616.00,18446744073709551616.00,18446744072468639420,18446744072477081856,18446744073708969984.00,18446744073708969984.00,18446744073708388352.00,18446744073708969735,18446744073708970743,0.00,0.00,0,0,147573952589676412928.00,147573952589676412928.00,147573952589676412928.00,18446744063782254048,18446744063849793536
