1669090121.423151,lo,0.00,0.00,0.00,0,0,0.00,0.00,0.00,0,0,0.00,0.00,0,0,0.00,0.00,0.00,0,0
1669090121.423210,eth0,0.00,0.00,0.00,0,0,0.00,0.00,0.00,0,0,0.00,0.00,0,0,0.00,0.00,0.00,0,0
1669090121.423223,docker0,0.00,0.00,0.00,0,0,0.00,0.00,0.00,0,0,0.00,0.00,0,0,0.00,0.00,0.00,0,0
1669090121.423237,s1-eth1,0.00,0.00,0.00,0,0,0.00,0.00,0.00,0,0,0.00,0.00,0,0,0.00,0.00,0.00,0,0
1669090121.423247,s2-eth2,0.00,0.00,0.00,0,0,0.00,0.00,0.00,0,0,0.00,0.00,0,0,0.00,0.00,0.00,0,0
1669090121.423257,s2-eth3,0.00,0.00,0.00,0,0,0.00,0.00,0.00,0,0,0.00,0.00,0,0,0.00,0.00,0.00,0,0
1669090121.423283,s1-eth3,0.00,0.00,0.00,0,0,0.00,0.00,0.00,0,0,0.00,0.00,0,0,0.00,0.00,0.00,0,0
1669090121.423293,s1-eth2,0.00,0.00,0.00,0,0,0.00,0.00,0.00,0,0,0.00,0.00,0,0,0.00,0.00,0.00,0,0
1669090121.423368,s2-eth1,0.00,0.00,0.00,0,0,0.00,0.00,0.00,0,0,0.00,0.00,0,0,0.00,0.00,0.00,0,0
1669090121.423400,total,0.00,0.00,0.00,0,0,0.00,0.00,0.00,0,0,0.00,0.00,0,0,0.00,0.00,0.00,0,0
1669090122.423665,lo,8562.00,8562.00,17124.00,8562,8562,60.00,60.00,120.00,60,60,0.00,0.00,0,0,68496.00,68496.00,136992.00,68496,68496
1669090122.423714,eth0,130.00,40.00,170.00,40,130,1.00,1.00,2.00,1,1,0.00,0.00,0,0,1040.00,320.00,1360.00,320,1040
1669090122.423728,docker0,0.00,0.00,0.00,0,0,0.00,0.00,0.00,0,0,0.00,0.00,0,0,0.00,0.00,0.00,0,0
1669090122.423745,s1-eth1,73108.00,7934204.00,8007312.00,7934204,73108,900.00,1062.00,1962.00,1062,900,0.00,0.00,0,0,584864.00,63473632.00,64058496.00,63473632,584864
1669090122.423760,s2-eth2,40684.00,2690074.00,2730758.00,2690074,40684,500.00,675.00,1175.00,675,500,0.00,0.00,0,0,325472.00,21520592.00,21846064.00,21520592,325472
1669090122.423774,s2-eth3,38666.00,2089974.00,2128640.00,2089974,38666,469.00,621.00,1090.00,621,469,0.00,0.00,0,0,309328.00,16719792.00,17029120.00,16719792,309328
1669090122.423804,s1-eth3,12022062.00,150076.00,12172138.00,150076,12022062,2247.00,1842.00,4089.00,1842,2247,0.00,0.00,0,0,96176496.00,1200608.00,97377104.00,1200608,96176496
1669090122.423819,s1-eth2,78020.00,4774284.00,4852304.00,4774284,78020,954.00,1296.00,2250.00,1296,954,0.00,0.00,0,0,624160.00,38194272.00,38818432.00,38194272,624160
1669090122.423833,s2-eth1,4774284.00,78020.00,4852304.00,78020,4774284,1296.00,954.00,2250.00,954,1296,0.00,0.00,0,0,38194272.00,624160.00,38818432.00,624160,38194272
1669090122.423856,total,17035516.00,17725234.00,34760752.00,17725234,17035516,6427.00,6511.00,12938.00,6511,6427,0.00,0.00,0,0,136284128.00,141801872.00,278086016.00,141801872,136284128
1669090123.424131,lo,6309.00,6309.00,12618.00,6309,6309,43.00,43.00,86.00,43,43,0.00,0.00,0,0,50472.00,50472.00,100944.00,50472,50472
1669090123.424198,eth0,3708.00,1420.00,5128.00,1420,3708,14.00,12.00,26.00,12,14,0.00,0.00,0,0,29664.00,11360.00,41024.00,11360,29664
1669090123.424214,docker0,0.00,0.00,0.00,0,0,0.00,0.00,0.00,0,0,0.00,0.00,0,0,0.00,0.00,0.00,0,0
1669090123.424224,s1-eth1,66378.00,8259246.00,8325624.00,8259246,66378,1005.00,1007.00,2012.00,1007,1005,0.00,0.00,0,0,531024.00,66073968.00,66604992.00,66073968,531024
1669090123.424239,s2-eth2,41052.00,1907094.00,1948146.00,1907094,41052,622.00,659.00,1281.00,659,622,0.00,0.00,0,0,328416.00,15256752.00,15585168.00,15256752,328416
1669090123.424253,s2-eth3,41802.00,1943996.00,1985798.00,1943996,41802,633.00,670.00,1303.00,670,633,0.00,0.00,0,0,334416.00,15551968.00,15886384.00,15551968,334416
1669090123.424282,s1-eth3,12036574.00,148698.00,12185272.00,148698,12036574,2315.00,2253.00,4568.00,2253,2315,0.00,0.00,0,0,96292592.00,1189584.00,97482176.00,1189584,96292592
1669090123.424297,s1-eth2,82632.00,3857104.00,3939736.00,3857104,82632,1252.00,1332.00,2584.00,1332,1252,0.00,0.00,0,0,661056.00,30856832.00,31517888.00,30856832,661056
1669090123.424310,s2-eth1,3857104.00,82632.00,3939736.00,82632,3857104,1332.00,1252.00,2584.00,1252,1332,0.00,0.00,0,0,30856832.00,661056.00,31517888.00,661056,30856832
1669090123.424335,total,16135559.00,16206499.00,32342058.00,16206499,16135559,7216.00,7228.00,14444.00,7228,7216,0.00,0.00,0,0,129084472.00,129651992.00,258736464.00,129651992,129084472
1669090124.424614,lo,231.00,231.00,462.00,231,231,4.00,4.00,8.00,4,4,0.00,0.00,0,0,1848.00,1848.00,3696.00,1848,1848
1669090124.424678,eth0,152.00,132.00,284.00,132,152,2.00,2.00,4.00,2,2,0.00,0.00,0,0,1216.00,1056.00,2272.00,1056,1216
1669090124.424692,docker0,0.00,0.00,0.00,0,0,0.00,0.00,0.00,0,0,0.00,0.00,0,0,0.00,0.00,0.00,0,0
1669090124.424703,s1-eth1,62568.00,7843398.00,7905966.00,7843398,62568,948.00,959.00,1907.00,959,948,0.00,0.00,0,0,500544.00,62747184.00,63247728.00,62747184,500544
1669090124.424718,s2-eth2,46794.00,2170754.00,2217548.00,2170754,46794,709.00,749.00,1458.00,749,709,0.00,0.00,0,0,374352.00,17366032.00,17740384.00,17366032,374352
1669090124.424731,s2-eth3,44748.00,2089332.00,2134080.00,2089332,44748,678.00,722.00,1400.00,722,678,0.00,0.00,0,0,357984.00,16714656.00,17072640.00,16714656,357984
1669090124.424761,s1-eth3,12034306.00,154308.00,12188614.00,154308,12034306,2413.00,2338.00,4751.00,2338,2413,0.00,0.00,0,0,96274448.00,1234464.00,97508912.00,1234464,96274448
1669090124.424776,s1-eth2,91542.00,4257124.00,4348666.00,4257124,91542,1387.00,1470.00,2857.00,1470,1387,0.00,0.00,0,0,732336.00,34056992.00,34789328.00,34056992,732336
1669090124.424791,s2-eth1,4257124.00,91542.00,4348666.00,91542,4257124,1470.00,1387.00,2857.00,1387,1470,0.00,0.00,0,0,34056992.00,732336.00,34789328.00,732336,34056992
1669090124.424821,total,16537465.00,16606821.00,33144286.00,16606821,16537465,7611.00,7631.00,15242.00,7631,7611,0.00,0.00,0,0,132299720.00,132854568.00,265154288.00,132854568,132299720
1669090125.425094,lo,7089.00,7089.00,14178.00,7089,7089,53.00,53.00,106.00,53,53,0.00,0.00,0,0,56712.00,56712.00,113424.00,56712,56712
1669090125.425143,eth0,5159.00,5660.00,10819.00,5660,5159,12.00,11.00,23.00,11,12,0.00,0.00,0,0,41272.00,45280.00,86552.00,45280,41272
1669090125.425159,docker0,0.00,0.00,0.00,0,0,0.00,0.00,0.00,0,0,0.00,0.00,0,0,0.00,0.00,0.00,0,0
1669090125.425170,s1-eth1,60808.00,7562174.00,7622982.00,7562174,60808,922.00,933.00,1855.00,933,922,0.00,0.00,0,0,486464.00,60497392.00,60983856.00,60497392,486464
1669090125.425186,s2-eth2,47876.00,2203420.00,2251296.00,2203420,47876,726.00,762.00,1488.00,762,726,0.00,0.00,0,0,383008.00,17627360.00,18010368.00,17627360,383008
1669090125.425219,s2-eth3,50384.00,2330852.00,2381236.00,2330852,50384,764.00,806.00,1570.00,806,764,0.00,0.00,0,0,403072.00,18646816.00,19049888.00,18646816,403072
1669090125.425250,s1-eth3,12025168.00,158532.00,12183700.00,158532,12025168,2472.00,2402.00,4874.00,2402,2472,0.00,0.00,0,0,96201344.00,1268256.00,97469600.00,1268256,96201344
1669090125.425267,s1-eth2,98102.00,4529712.00,4627814.00,4529712,98102,1487.00,1564.00,3051.00,1564,1487,0.00,0.00,0,0,784816.00,36237696.00,37022512.00,36237696,784816
1669090125.425281,s2-eth1,4529712.00,98102.00,4627814.00,98102,4529712,1564.00,1487.00,3051.00,1487,1564,0.00,0.00,0,0,36237696.00,784816.00,37022512.00,784816,36237696
1669090125.425305,total,16824298.00,16895540.00,33719840.00,16895541,16824298,8000.00,8018.00,16018.00,8018,8000,0.00,0.00,0,0,134594384.00,135164320.00,269758720.00,135164328,134594384
1669090126.425624,lo,2702.00,2702.00,5404.00,2702,2702,21.00,21.00,42.00,21,21,0.00,0.00,0,0,21616.00,21616.00,43232.00,21616,21616
1669090126.425675,eth0,0.00,0.00,0.00,0,0,0.00,0.00,0.00,0,0,0.00,0.00,0,0,0.00,0.00,0.00,0,0
1669090126.425688,docker0,0.00,0.00,0.00,0,0,0.00,0.00,0.00,0,0,0.00,0.00,0,0,0.00,0.00,0.00,0,0
1669090126.425699,s1-eth1,66148.00,7319362.00,7385510.00,7319362,66148,1002.00,1005.00,2007.00,1005,1002,0.00,0.00,0,0,529184.00,58554896.00,59084080.00,58554896,529184
1669090126.425713,s2-eth2,52812.00,2436022.00,2488834.00,2436022,52812,800.00,841.00,1641.00,841,800,0.00,0.00,0,0,422496.00,19488176.00,19910672.00,19488176,422496
1669090126.425727,s2-eth3,50502.00,2336762.00,2387264.00,2336762,50502,765.00,807.00,1572.00,807,765,0.00,0.00,0,0,404016.00,18694096.00,19098112.00,18694096,404016
1669090126.425800,s1-eth3,12041870.00,168700.00,12210570.00,168700,12041870,2637.00,2556.00,5193.00,2556,2637,0.00,0.00,0,0,96334960.00,1349600.00,97684560.00,1349600,96334960
1669090126.425820,s1-eth2,102898.00,4774368.00,4877266.00,4774368,102898,1559.00,1650.00,3209.00,1650,1559,0.00,0.00,0,0,823184.00,38194944.00,39018128.00,38194944,823184
1669090126.425848,s2-eth1,4774368.00,102898.00,4877266.00,102898,4774368,1650.00,1559.00,3209.00,1559,1650,0.00,0.00,0,0,38194944.00,823184.00,39018128.00,823184,38194944
1669090126.425872,total,17091300.00,17140814.00,34232112.00,17140814,17091300,8434.00,8439.00,16873.00,8439,8434,0.00,0.00,0,0,136730400.00,137126512.00,273856896.00,137126512,136730400
1669090127.426197,lo,0.00,0.00,0.00,0,0,0.00,0.00,0.00,0,0,0.00,0.00,0,0,0.00,0.00,0.00,0,0
1669090127.426243,eth0,90.00,40.00,130.00,40,90,1.00,1.00,2.00,1,1,0.00,0.00,0,0,720.00,320.00,1040.00,320,720
1669090127.426258,docker0,0.00,0.00,0.00,0,0,0.00,0.00,0.00,0,0,0.00,0.00,0,0,0.00,0.00,0.00,0,0
1669090127.426294,s1-eth1,65340.00,7862292.00,7927632.00,7862292,65340,990.00,982.00,1972.00,982,990,0.00,0.00,0,0,522720.00,62898336.00,63421056.00,62898336,522720
1669090127.426311,s2-eth2,44586.00,2010282.00,2054868.00,2010282,44586,667.00,709.00,1376.00,709,667,0.00,0.00,0,0,356688.00,16082256.00,16438944.00,16082256,356688
1669090127.426324,s2-eth3,44346.00,2054316.00,2098662.00,2054316,44346,665.00,718.00,1383.00,718,665,0.00,0.00,0,0,354768.00,16434528.00,16789296.00,16434528,354768
1669090127.426355,s1-eth3,12043992.00,154272.00,12198264.00,154272,12043992,2472.00,2322.00,4794.00,2322,2472,0.00,0.00,0,0,96351936.00,1234176.00,97586112.00,1234176,96351936
1669090127.426370,s1-eth2,88932.00,4067560.00,4156492.00,4067560,88932,1332.00,1428.00,2760.00,1428,1332,0.00,0.00,0,0,711456.00,32540480.00,33251936.00,32540480,711456
1669090127.426384,s2-eth1,4067560.00,88932.00,4156492.00,88932,4067560,1428.00,1332.00,2760.00,1332,1428,0.00,0.00,0,0,32540480.00,711456.00,33251936.00,711456,32540480
1669090127.426407,total,16354846.00,16237694.00,32592540.00,16237694,16354846,7555.00,7492.00,15047.00,7492,7555,0.00,0.00,0,0,130838768.00,129901552.00,260740320.00,129901552,130838768
1669090128.426680,lo,338.00,338.00,676.00,338,338,6.00,6.00,12.00,6,6,0.00,0.00,0,0,2704.00,2704.00,5408.00,2704,2704
1669090128.426727,eth0,206.00,208.00,414.00,208,206,3.00,3.00,6.00,3,3,0.00,0.00,0,0,1648.00,1664.00,3312.00,1664,1648
1669090128.426741,docker0,0.00,0.00,0.00,0,0,0.00,0.00,0.00,0,0,0.00,0.00,0,0,0.00,0.00,0.00,0,0
1669090128.426752,s1-eth1,65208.00,8626576.00,8691784.00,8626576,65208,988.00,1000.00,1988.00,1000,988,0.00,0.00,0,0,521664.00,69012608.00,69534272.00,69012608,521664
1669090128.426774,s2-eth2,36696.00,1709932.00,1746628.00,1709932,36696,556.00,590.00,1146.00,590,556,0.00,0.00,0,0,293568.00,13679456.00,13973024.00,13679456,293568
1669090128.426789,s2-eth3,37818.00,1752914.00,1790732.00,1752914,37818,573.00,605.00,1178.00,605,573,0.00,0.00,0,0,302544.00,14023312.00,14325856.00,14023312,302544
1669090128.426818,s1-eth3,12031366.00,139590.00,12170956.00,139590,12031366,2171.00,2115.00,4286.00,2115,2171,0.00,0.00,0,0,96250928.00,1116720.00,97367648.00,1116720,96250928
1669090128.426833,s1-eth2,74448.00,3456922.00,3531370.00,3456922,74448,1128.00,1193.00,2321.00,1193,1128,0.00,0.00,0,0,595584.00,27655376.00,28250960.00,27655376,595584
1669090128.426847,s2-eth1,3456922.00,74448.00,3531370.00,74448,3456922,1193.00,1128.00,2321.00,1128,1193,0.00,0.00,0,0,27655376.00,595584.00,28250960.00,595584,27655376
1669090128.426871,total,15703002.00,15760928.00,31463930.00,15760928,15703002,6618.00,6640.00,13258.00,6640,6618,0.00,0.00,0,0,125624016.00,126087424.00,251711440.00,126087424,125624016
1669090129.427201,lo,396.00,396.00,792.00,396,396,6.00,6.00,12.00,6,6,0.00,0.00,0,0,3168.00,3168.00,6336.00,3168,3168
1669090129.427276,eth0,290.00,188.00,478.00,188,290,3.00,3.00,6.00,3,3,0.00,0.00,0,0,2320.00,1504.00,3824.00,1504,2320
1669090129.427291,docker0,0.00,0.00,0.00,0,0,0.00,0.00,0.00,0,0,0.00,0.00,0,0,0.00,0.00,0.00,0,0
1669090129.427302,s1-eth1,66660.00,8307492.00,8374152.00,8307492,66660,1010.00,1014.00,2024.00,1014,1010,0.00,0.00,0,0,533280.00,66459936.00,66993216.00,66459936,533280
1669090129.427317,s2-eth2,42042.00,1948472.00,1990514.00,1948472,42042,637.00,672.00,1309.00,672,637,0.00,0.00,0,0,336336.00,15587776.00,15924112.00,15587776,336336
1669090129.427345,s2-eth3,39204.00,1824002.00,1863206.00,1824002,39204,594.00,629.00,1223.00,629,594,0.00,0.00,0,0,313632.00,14592016.00,14905648.00,14592016,313632
1669090129.427406,s1-eth3,12010788.00,148104.00,12158892.00,148104,12010788,2298.00,2244.00,4542.00,2244,2298,0.00,0.00,0,0,96086304.00,1184832.00,97271136.00,1184832,96086304
1669090129.427423,s1-eth2,81312.00,3772474.00,3853786.00,3772474,81312,1232.00,1301.00,2533.00,1301,1232,0.00,0.00,0,0,650496.00,30179792.00,30830288.00,30179792,650496
1669090129.427437,s2-eth1,3772474.00,81312.00,3853786.00,81312,3772474,1301.00,1232.00,2533.00,1232,1301,0.00,0.00,0,0,30179792.00,650496.00,30830288.00,650496,30179792
1669090129.427461,total,16013166.00,16082440.00,32095606.00,16082440,16013166,7081.00,7101.00,14182.00,7101,7081,0.00,0.00,0,0,128105328.00,128659520.00,256764848.00,128659520,128105328
1669090130.427742,lo,0.00,0.00,0.00,0,0,0.00,0.00,0.00,0,0,0.00,0.00,0,0,0.00,0.00,0.00,0,0
1669090130.427798,eth0,90.00,76.00,166.00,76,90,1.00,1.00,2.00,1,1,0.00,0.00,0,0,720.00,608.00,1328.00,608,720
1669090130.427814,docker0,0.00,0.00,0.00,0,0,0.00,0.00,0.00,0,0,0.00,0.00,0,0,0.00,0.00,0.00,0,0
1669090130.427825,s1-eth1,64548.00,8040198.00,8104746.00,8040198,64548,978.00,979.00,1957.00,979,978,0.00,0.00,0,0,516384.00,64321584.00,64837968.00,64321584,516384
1669090130.427840,s2-eth2,42636.00,1973682.00,2016318.00,1973682,42636,646.00,681.00,1327.00,681,646,0.00,0.00,0,0,341088.00,15789456.00,16130544.00,15789456,341088
1669090130.427854,s2-eth3,44220.00,2049246.00,2093466.00,2049246,44220,670.00,707.00,1377.00,707,670,0.00,0.00,0,0,353760.00,16393968.00,16747728.00,16393968,353760
1669090130.427908,s1-eth3,12017248.00,151338.00,12168586.00,151338,12017248,2352.00,2293.00,4645.00,2293,2352,0.00,0.00,0,0,96137984.00,1210704.00,97348688.00,1210704,96137984
1669090130.427926,s1-eth2,86922.00,4028852.00,4115774.00,4028852,86922,1317.00,1390.00,2707.00,1390,1317,0.00,0.00,0,0,695376.00,32230816.00,32926192.00,32230816,695376
1669090130.427940,s2-eth1,4028852.00,86922.00,4115774.00,86922,4028852,1390.00,1317.00,2707.00,1317,1390,0.00,0.00,0,0,32230816.00,695376.00,32926192.00,695376,32230816
1669090130.427964,total,16284516.00,16330314.00,32614830.00,16330314,16284516,7354.00,7368.00,14722.00,7368,7354,0.00,0.00,0,0,130276128.00,130642512.00,260918640.00,130642512,130276128
1669090131.428281,lo,461.00,461.00,922.00,461,461,8.00,8.00,16.00,8,8,0.00,0.00,0,0,3688.00,3688.00,7376.00,3688,3688
1669090131.428329,eth0,54.00,92.00,146.00,92,54,1.00,1.00,2.00,1,1,0.00,0.00,0,0,432.00,736.00,1168.00,736,432
1669090131.428343,docker0,0.00,0.00,0.00,0,0,0.00,0.00,0.00,0,0,0.00,0.00,0,0,0.00,0.00,0.00,0,0
1669090131.428354,s1-eth1,62832.00,7825758.00,7888590.00,7825758,62832,952.00,955.00,1907.00,955,952,0.00,0.00,0,0,502656.00,62606064.00,63108720.00,62606064,502656
1669090131.428368,s2-eth2,46596.00,2148506.00,2195102.00,2148506,46596,706.00,741.00,1447.00,741,706,0.00,0.00,0,0,372768.00,17188048.00,17560816.00,17188048,372768
1669090131.428382,s2-eth3,45672.00,2115924.00,2161596.00,2115924,45672,692.00,730.00,1422.00,730,692,0.00,0.00,0,0,365376.00,16927392.00,17292768.00,16927392,365376
1669090131.428444,s1-eth3,12041612.00,155166.00,12196778.00,155166,12041612,2414.00,2351.00,4765.00,2351,2414,0.00,0.00,0,0,96332896.00,1241328.00,97574224.00,1241328,96332896
1669090131.428461,s1-eth2,92268.00,4267392.00,4359660.00,4267392,92268,1398.00,1472.00,2870.00,1472,1398,0.00,0.00,0,0,738144.00,34139136.00,34877280.00,34139136,738144
1669090131.428475,s2-eth1,4267392.00,92268.00,4359660.00,92268,4267392,1472.00,1398.00,2870.00,1398,1472,0.00,0.00,0,0,34139136.00,738144.00,34877280.00,738144,34139136
1669090131.428506,total,16556887.00,16605567.00,33162454.00,16605567,16556887,7643.00,7656.00,15299.00,7656,7643,0.00,0.00,0,0,132455096.00,132844536.00,265299632.00,132844536,132455096
1669090132.428719,lo,0.00,0.00,0.00,0,0,0.00,0.00,0.00,0,0,0.00,0.00,0,0,0.00,0.00,0.00,0,0
1669090132.428766,eth0,0.00,0.00,0.00,0,0,0.00,0.00,0.00,0,0,0.00,0.00,0,0,0.00,0.00,0.00,0,0
1669090132.428792,docker0,0.00,0.00,0.00,0,0,0.00,0.00,0.00,0,0,0.00,0.00,0,0,0.00,0.00,0.00,0,0
1669090132.428803,s1-eth1,64788.00,6847764.00,6912552.00,6847764,64788,968.00,946.00,1914.00,946,968,0.00,0.00,0,0,518304.00,54782112.00,55300416.00,54782112,518304
1669090132.428819,s2-eth2,62436.00,2980494.00,3042930.00,2980494,62436,946.00,995.00,1941.00,995,946,0.00,0.00,0,0,499488.00,23843952.00,24343440.00,23843952,499488
1669090132.428832,s2-eth3,41370.00,1872384.00,1913754.00,1872384,41370,619.00,660.00,1279.00,660,619,0.00,0.00,0,0,330960.00,14979072.00,15310032.00,14979072,330960
1669090132.428900,s1-eth3,12036652.00,168594.00,12205246.00,168594,12036652,2646.00,2533.00,5179.00,2533,2646,0.00,0.00,0,0,96293216.00,1348752.00,97641968.00,1348752,96293216
1669090132.428915,s1-eth2,103806.00,4846954.00,4950760.00,4846954,103806,1565.00,1653.00,3218.00,1653,1565,0.00,0.00,0,0,830448.00,38775632.00,39606080.00,38775632,830448
1669090132.428929,s2-eth1,4846954.00,103806.00,4950760.00,103806,4846954,1653.00,1565.00,3218.00,1565,1653,0.00,0.00,0,0,38775632.00,830448.00,39606080.00,830448,38775632
1669090132.428952,total,17156006.00,16819996.00,33976000.00,16819996,17156006,8397.00,8352.00,16749.00,8352,8397,0.00,0.00,0,0,137248048.00,134559968.00,271808000.00,134559968,137248048
1669090133.429314,lo,339.00,339.00,678.00,339,339,6.00,6.00,12.00,6,6,0.00,0.00,0,0,2712.00,2712.00,5424.00,2712,2712
1669090133.429363,eth0,206.00,208.00,414.00,208,206,3.00,3.00,6.00,3,3,0.00,0.00,0,0,1648.00,1664.00,3312.00,1664,1648
1669090133.429377,docker0,0.00,0.00,0.00,0,0,0.00,0.00,0.00,0,0,0.00,0.00,0,0,0.00,0.00,0.00,0,0
1669090133.429388,s1-eth1,57024.00,6291720.00,6348744.00,6291720,57024,864.00,880.00,1744.00,880,864,0.00,0.00,0,0,456192.00,50333760.00,50789952.00,50333760,456192
1669090133.429403,s2-eth2,68046.00,3773614.00,3841660.00,3773614,68046,1031.00,1055.00,2086.00,1055,1031,0.00,0.00,0,0,544368.00,30188912.00,30733280.00,30188912,544368
1669090133.429417,s2-eth3,44418.00,2058066.00,2102484.00,2058066,44418,673.00,709.00,1382.00,709,673,0.00,0.00,0,0,355344.00,16464528.00,16819872.00,16464528,355344
1669090133.429447,s1-eth3,12057646.00,169554.00,12227200.00,169554,12057646,2635.00,2569.00,5204.00,2569,2635,0.00,0.00,0,0,96461168.00,1356432.00,97817600.00,1356432,96461168
1669090133.429462,s1-eth2,112530.00,5828718.00,5941248.00,5828718,112530,1705.00,1763.00,3468.00,1763,1705,0.00,0.00,0,0,900240.00,46629744.00,47529984.00,46629744,900240
1669090133.429476,s2-eth1,5828718.00,112530.00,5941248.00,112530,5828718,1763.00,1705.00,3468.00,1705,1763,0.00,0.00,0,0,46629744.00,900240.00,47529984.00,900240,46629744
1669090133.429511,total,18168928.00,18234748.00,36403676.00,18234749,18168927,8680.00,8690.00,17370.00,8690,8680,0.00,0.00,0,0,145351424.00,145877984.00,291229408.00,145877992,145351416
1669090134.429783,lo,2426.00,2426.00,4852.00,2426,2426,20.00,20.00,40.00,20,20,0.00,0.00,0,0,19408.00,19408.00,38816.00,19408,19408
1669090134.429831,eth0,98.00,40.00,138.00,40,98,1.00,1.00,2.00,1,1,0.00,0.00,0,0,784.00,320.00,1104.00,320,784
1669090134.429845,docker0,0.00,0.00,0.00,0,0,0.00,0.00,0.00,0,0,0.00,0.00,0,0,0.00,0.00,0.00,0,0
1669090134.429856,s1-eth1,66874.00,6090950.00,6157824.00,6090950,66874,1013.00,1107.00,2120.00,1107,1013,0.00,0.00,0,0,534992.00,48727600.00,49262592.00,48727600,534992
1669090134.429871,s2-eth2,58620.00,3724882.00,3783502.00,3724882,58620,888.00,887.00,1775.00,887,888,0.00,0.00,0,0,468960.00,29799056.00,30268016.00,29799056,468960
1669090134.429885,s2-eth3,49908.00,2316028.00,2365936.00,2316028,49908,756.00,800.00,1556.00,800,756,0.00,0.00,0,0,399264.00,18528224.00,18927488.00,18528224,399264
1669090134.429961,s1-eth3,12061440.00,174570.00,12236010.00,174570,12061440,2780.00,2645.00,5425.00,2645,2780,0.00,0.00,0,0,96491520.00,1396560.00,97888080.00,1396560,96491520
1669090134.429980,s1-eth2,108112.00,6041046.00,6149158.00,6041046,108112,1638.00,1689.00,3327.00,1689,1638,0.00,0.00,0,0,864896.00,48328368.00,49193264.00,48328368,864896
1669090134.429998,s2-eth1,6041046.00,108112.00,6149158.00,108112,6041046,1689.00,1638.00,3327.00,1638,1689,0.00,0.00,0,0,48328368.00,864896.00,49193264.00,864896,48328368
1669090134.430038,total,18388524.00,18458054.00,36846576.00,18458054,18388524,8785.00,8787.00,17572.00,8787,8785,0.00,0.00,0,0,147108192.00,147664432.00,294772608.00,147664432,147108192
1669090135.430278,lo,1544.00,1544.00,3088.00,1544,1544,12.00,12.00,24.00,12,12,0.00,0.00,0,0,12352.00,12352.00,24704.00,12352,12352
1669090135.430325,eth0,0.00,0.00,0.00,0,0,0.00,0.00,0.00,0,0,0.00,0.00,0,0,0.00,0.00,0.00,0,0
1669090135.430338,docker0,0.00,0.00,0.00,0,0,0.00,0.00,0.00,0,0,0.00,0.00,0,0,0.00,0.00,0.00,0,0
1669090135.430348,s1-eth1,65344.00,5947466.00,6012810.00,5947466,65344,990.00,1083.00,2073.00,1083,990,0.00,0.00,0,0,522752.00,47579728.00,48102480.00,47579728,522752
1669090135.430363,s2-eth2,57230.00,3837030.00,3894260.00,3837030,57230,867.00,875.00,1742.00,875,867,0.00,0.00,0,0,457840.00,30696240.00,31154080.00,30696240,457840
1669090135.430377,s2-eth3,50498.00,2339654.00,2390152.00,2339654,50498,765.00,807.00,1572.00,807,765,0.00,0.00,0,0,403984.00,18717232.00,19121216.00,18717232,403984
1669090135.430434,s1-eth3,12061028.00,172924.00,12233952.00,172924,12061028,2752.00,2620.00,5372.00,2620,2752,0.00,0.00,0,0,96488224.00,1383392.00,97871616.00,1383392,96488224
1669090135.430452,s1-eth2,107654.00,6181094.00,6288748.00,6181094,107654,1631.00,1683.00,3314.00,1683,1631,0.00,0.00,0,0,861232.00,49448752.00,50309984.00,49448752,861232
1669090135.430466,s2-eth1,6181094.00,107654.00,6288748.00,107654,6181094,1683.00,1631.00,3314.00,1631,1683,0.00,0.00,0,0,49448752.00,861232.00,50309984.00,861232,49448752
1669090135.430490,total,18524392.00,18587366.00,37111760.00,18587366,18524392,8700.00,8711.00,17411.00,8711,8700,0.00,0.00,0,0,148195136.00,148698928.00,296894080.00,148698928,148195136
1669090136.430717,lo,0.00,0.00,0.00,0,0,0.00,0.00,0.00,0,0,0.00,0.00,0,0,0.00,0.00,0.00,0,0
1669090136.430800,eth0,0.00,0.00,0.00,0,0,0.00,0.00,0.00,0,0,0.00,0.00,0,0,0.00,0.00,0.00,0,0
1669090136.430813,docker0,0.00,0.00,0.00,0,0,0.00,0.00,0.00,0,0,0.00,0.00,0,0,0.00,0.00,0.00,0,0
1669090136.430824,s1-eth1,65196.00,5590722.00,5655918.00,5590722,65196,974.00,1053.00,2027.00,1053,974,0.00,0.00,0,0,521568.00,44725776.00,45247344.00,44725776,521568
1669090136.430839,s2-eth2,54360.00,3562624.00,3616984.00,3562624,54360,816.00,820.00,1636.00,820,816,0.00,0.00,0,0,434880.00,28500992.00,28935872.00,28500992,434880
1669090136.430853,s2-eth3,56430.00,2622756.00,2679186.00,2622756,56430,855.00,906.00,1761.00,906,855,0.00,0.00,0,0,451440.00,20982048.00,21433488.00,20982048,451440
1669090136.430903,s1-eth3,12057542.00,175890.00,12233432.00,175890,12057542,2787.00,2643.00,5430.00,2643,2787,0.00,0.00,0,0,96460336.00,1407120.00,97867456.00,1407120,96460336
1669090136.430920,s1-eth2,110670.00,6182352.00,6293022.00,6182352,110670,1669.00,1724.00,3393.00,1724,1669,0.00,0.00,0,0,885360.00,49458816.00,50344176.00,49458816,885360
1669090136.430934,s2-eth1,6182352.00,110670.00,6293022.00,110670,6182352,1724.00,1669.00,3393.00,1669,1724,0.00,0.00,0,0,49458816.00,885360.00,50344176.00,885360,49458816
1669090136.430958,total,18526550.00,18245014.00,36771564.00,18245014,18526550,8825.00,8815.00,17640.00,8815,8825,0.00,0.00,0,0,148212400.00,145960112.00,294172512.00,145960112,148212400
1669090137.431275,lo,0.00,0.00,0.00,0,0,0.00,0.00,0.00,0,0,0.00,0.00,0,0,0.00,0.00,0.00,0,0
1669090137.431324,eth0,0.00,0.00,0.00,0,0,0.00,0.00,0.00,0,0,0.00,0.00,0,0,0.00,0.00,0.00,0,0
1669090137.431337,docker0,0.00,0.00,0.00,0,0,0.00,0.00,0.00,0,0,0.00,0.00,0,0,0.00,0.00,0.00,0,0
1669090137.431361,s1-eth1,73788.00,4818158.00,4891946.00,4818158,73788,1118.00,1107.00,2225.00,1107,1118,0.00,0.00,0,0,590304.00,38545264.00,39135568.00,38545264,590304
1669090137.431377,s2-eth2,68316.00,3207916.00,3276232.00,3207916,68316,1034.00,1106.00,2140.00,1106,1034,0.00,0.00,0,0,546528.00,25663328.00,26209856.00,25663328,546528
1669090137.431391,s2-eth3,63294.00,4118218.00,4181512.00,4118218,63294,959.00,945.00,1904.00,945,959,0.00,0.00,0,0,506352.00,32945744.00,33452096.00,32945744,506352
1669090137.431454,s1-eth3,12064392.00,205428.00,12269820.00,205428,12064392,3176.00,3112.00,6288.00,3112,3176,0.00,0.00,0,0,96515136.00,1643424.00,98158560.00,1643424,96515136
1669090137.431469,s1-eth2,131664.00,7324752.00,7456416.00,7324752,131664,1994.00,2052.00,4046.00,2052,1994,0.00,0.00,0,0,1053312.00,58598016.00,59651328.00,58598016,1053312
1669090137.431483,s2-eth1,7324752.00,131664.00,7456416.00,131664,7324752,2052.00,1994.00,4046.00,1994,2052,0.00,0.00,0,0,58598016.00,1053312.00,59651328.00,1053312,58598016
1669090137.431508,total,19726206.00,19806136.00,39532344.00,19806136,19726206,10333.00,10316.00,20649.00,10316,10333,0.00,0.00,0,0,157809648.00,158449088.00,316258752.00,158449088,157809648
1669090138.431822,lo,338.00,338.00,676.00,338,338,6.00,6.00,12.00,6,6,0.00,0.00,0,0,2704.00,2704.00,5408.00,2704,2704
1669090138.431870,eth0,206.00,208.00,414.00,208,206,3.00,3.00,6.00,3,3,0.00,0.00,0,0,1648.00,1664.00,3312.00,1664,1648
1669090138.431884,docker0,0.00,0.00,0.00,0,0,0.00,0.00,0.00,0,0,0.00,0.00,0,0,0.00,0.00,0.00,0,0
1669090138.431895,s1-eth1,70554.00,4740882.00,4811436.00,4740882,70554,1069.00,1077.00,2146.00,1077,1069,0.00,0.00,0,0,564432.00,37927056.00,38491488.00,37927056,564432
1669090138.431910,s2-eth2,70950.00,3276108.00,3347058.00,3276108,70950,1075.00,1130.00,2205.00,1130,1075,0.00,0.00,0,0,567600.00,26208864.00,26776464.00,26208864,567600
1669090138.431924,s2-eth3,61248.00,4123350.00,4184598.00,4123350,61248,928.00,935.00,1863.00,935,928,0.00,0.00,0,0,489984.00,32986800.00,33476784.00,32986800,489984
1669090138.431976,s1-eth3,12069846.00,202884.00,12272730.00,202884,12069846,3127.00,3074.00,6201.00,3074,3127,0.00,0.00,0,0,96558768.00,1623072.00,98181840.00,1623072,96558768
1669090138.431991,s1-eth2,132330.00,7402354.00,7534684.00,7402354,132330,2005.00,2065.00,4070.00,2065,2005,0.00,0.00,0,0,1058640.00,59218832.00,60277472.00,59218832,1058640
1669090138.432005,s2-eth1,7402354.00,132330.00,7534684.00,132330,7402354,2065.00,2005.00,4070.00,2005,2065,0.00,0.00,0,0,59218832.00,1058640.00,60277472.00,1058640,59218832
1669090138.432028,total,19807826.00,19878454.00,39686280.00,19878454,19807826,10278.00,10295.00,20573.00,10295,10278,0.00,0.00,0,0,158462608.00,159027632.00,317490240.00,159027632,158462608
1669090139.432440,lo,110.00,110.00,220.00,110,110,2.00,2.00,4.00,2,2,0.00,0.00,0,0,880.00,880.00,1760.00,880,880
1669090139.432488,eth0,98.00,40.00,138.00,40,98,1.00,1.00,2.00,1,1,0.00,0.00,0,0,784.00,320.00,1104.00,320,784
1669090139.432502,docker0,0.00,0.00,0.00,0,0,0.00,0.00,0.00,0,0,0.00,0.00,0,0,0.00,0.00,0.00,0,0
1669090139.432513,s1-eth1,69564.00,4670256.00,4739820.00,4670256,69564,1054.00,1060.00,2114.00,1060,1054,0.00,0.00,0,0,556512.00,37362048.00,37918560.00,37362048,556512
1669090139.432570,s2-eth2,71346.00,3308690.00,3380036.00,3308690,71346,1081.00,1141.00,2222.00,1141,1081,0.00,0.00,0,0,570768.00,26469520.00,27040288.00,26469520,570768
1669090139.432585,s2-eth3,61974.00,4163238.00,4225212.00,4163238,61974,939.00,947.00,1886.00,947,939,0.00,0.00,0,0,495792.00,33305904.00,33801696.00,33305904,495792
1669090139.432621,s1-eth3,12068398.00,202818.00,12271216.00,202818,12068398,3127.00,3073.00,6200.00,3073,3127,0.00,0.00,0,0,96547184.00,1622544.00,98169728.00,1622544,96547184
1669090139.432636,s1-eth2,133254.00,7470480.00,7603734.00,7470480,133254,2019.00,2088.00,4107.00,2088,2019,0.00,0.00,0,0,1066032.00,59763840.00,60829872.00,59763840,1066032
1669090139.432650,s2-eth1,7470480.00,133254.00,7603734.00,133254,7470480,2088.00,2019.00,4107.00,2019,2088,0.00,0.00,0,0,59763840.00,1066032.00,60829872.00,1066032,59763840
1669090139.432674,total,19875224.00,19948886.00,39824112.00,19948886,19875224,10311.00,10331.00,20642.00,10331,10311,0.00,0.00,0,0,159001792.00,159591088.00,318592896.00,159591088,159001792
1669090140.432963,lo,344.00,344.00,688.00,344,344,6.00,6.00,12.00,6,6,0.00,0.00,0,0,2752.00,2752.00,5504.00,2752,2752
1669090140.433013,eth0,0.00,0.00,0.00,0,0,0.00,0.00,0.00,0,0,0.00,0.00,0,0,0.00,0.00,0.00,0,0
1669090140.433026,docker0,0.00,0.00,0.00,0,0,0.00,0.00,0.00,0,0,0.00,0.00,0,0,0.00,0.00,0.00,0,0
1669090140.433054,s1-eth1,73494.00,4070338.00,4143832.00,4070338,73494,1101.00,1141.00,2242.00,1141,1101,0.00,0.00,0,0,587952.00,32562704.00,33150656.00,32562704,587952
1669090140.433069,s2-eth2,70290.00,4269824.00,4340114.00,4269824,70290,1065.00,1092.00,2157.00,1092,1065,0.00,0.00,0,0,562320.00,34158592.00,34720912.00,34158592,562320
1669090140.433084,s2-eth3,63220.00,3520598.00,3583818.00,3520598,63220,944.00,995.00,1939.00,995,944,0.00,0.00,0,0,505760.00,28164784.00,28670544.00,28164784,505760
1669090140.433114,s1-eth3,12066714.00,206872.00,12273586.00,206872,12066714,3277.00,3108.00,6385.00,3108,3277,0.00,0.00,0,0,96533712.00,1654976.00,98188688.00,1654976,96533712
1669090140.433128,s1-eth2,133444.00,7786078.00,7919522.00,7786078,133444,2008.00,2087.00,4095.00,2087,2008,0.00,0.00,0,0,1067552.00,62288624.00,63356176.00,62288624,1067552
1669090140.433142,s2-eth1,7786078.00,133444.00,7919522.00,133444,7786078,2087.00,2008.00,4095.00,2008,2087,0.00,0.00,0,0,62288624.00,1067552.00,63356176.00,1067552,62288624
1669090140.433192,total,20193584.00,19987498.00,40181080.00,19987498,20193584,10488.00,10437.00,20925.00,10437,10488,0.00,0.00,0,0,161548672.00,159899984.00,321448640.00,159899984,161548672
1669090141.433524,lo,0.00,0.00,0.00,0,0,0.00,0.00,0.00,0,0,0.00,0.00,0,0,0.00,0.00,0.00,0,0
1669090141.433571,eth0,0.00,0.00,0.00,0,0,0.00,0.00,0.00,0,0,0.00,0.00,0,0,0.00,0.00,0.00,0,0
1669090141.433599,docker0,0.00,0.00,0.00,0,0,0.00,0.00,0.00,0,0,0.00,0.00,0,0,0.00,0.00,0.00,0,0
1669090141.433612,s1-eth1,59400.00,3796754.00,3856154.00,3796754,59400,900.00,901.00,1801.00,901,900,0.00,0.00,0,0,475200.00,30374032.00,30849232.00,30374032,475200
1669090141.433628,s2-eth2,57222.00,5114112.00,5171334.00,5114112,57222,867.00,940.00,1807.00,940,867,0.00,0.00,0,0,457776.00,40912896.00,41370672.00,40912896,457776
1669090141.433642,s2-eth3,70092.00,3250964.00,3321056.00,3250964,70092,1062.00,1122.00,2184.00,1122,1062,0.00,0.00,0,0,560736.00,26007712.00,26568448.00,26007712,560736
1669090141.433672,s1-eth3,12072908.00,186648.00,12259556.00,186648,12072908,2954.00,2828.00,5782.00,2828,2954,0.00,0.00,0,0,96583264.00,1493184.00,98076448.00,1493184,96583264
1669090141.433687,s1-eth2,127248.00,8370934.00,8498182.00,8370934,127248,1928.00,2063.00,3991.00,2063,1928,0.00,0.00,0,0,1017984.00,66967472.00,67985456.00,66967472,1017984
1669090141.433702,s2-eth1,8370934.00,127248.00,8498182.00,127248,8370934,2063.00,1928.00,3991.00,1928,2063,0.00,0.00,0,0,66967472.00,1017984.00,67985456.00,1017984,66967472
1669090141.433727,total,20757804.00,20846660.00,41604464.00,20846660,20757804,9774.00,9782.00,19556.00,9782,9774,0.00,0.00,0,0,166062432.00,166773280.00,332835712.00,166773280,166062432
1669090142.434147,lo,352.00,352.00,704.00,352,352,4.00,4.00,8.00,4,4,0.00,0.00,0,0,2816.00,2816.00,5632.00,2816,2816
1669090142.434199,eth0,184.00,228.00,412.00,228,184,2.00,2.00,4.00,2,2,0.00,0.00,0,0,1472.00,1824.00,3296.00,1824,1472
1669090142.434214,docker0,0.00,0.00,0.00,0,0,0.00,0.00,0.00,0,0,0.00,0.00,0,0,0.00,0.00,0.00,0,0
1669090142.434225,s1-eth1,56694.00,3819192.00,3875886.00,3819192,56694,859.00,868.00,1727.00,868,859,0.00,0.00,0,0,453552.00,30553536.00,31007088.00,30553536,453552
1669090142.434239,s2-eth2,70158.00,4959204.00,5029362.00,4959204,70158,1063.00,1094.00,2157.00,1094,1063,0.00,0.00,0,0,561264.00,39673632.00,40234896.00,39673632,561264
1669090142.434253,s2-eth3,72600.00,3362006.00,3434606.00,3362006,72600,1100.00,1159.00,2259.00,1159,1100,0.00,0.00,0,0,580800.00,26896048.00,27476848.00,26896048,580800
1669090142.434317,s1-eth3,12063060.00,199584.00,12262644.00,199584,12063060,3090.00,3024.00,6114.00,3024,3090,0.00,0.00,0,0,96504480.00,1596672.00,98101152.00,1596672,96504480
1669090142.434332,s1-eth2,142824.00,8315286.00,8458110.00,8315286,142824,2164.00,2251.00,4415.00,2251,2164,0.00,0.00,0,0,1142592.00,66522288.00,67664880.00,66522288,1142592
1669090142.434362,s2-eth1,8315286.00,142824.00,8458110.00,142824,8315286,2251.00,2164.00,4415.00,2164,2251,0.00,0.00,0,0,66522288.00,1142592.00,67664880.00,1142592,66522288
1669090142.434405,total,20721158.00,20798676.00,41519832.00,20798676,20721158,10533.00,10566.00,21099.00,10566,10533,0.00,0.00,0,0,165769264.00,166389408.00,332158656.00,166389408,165769264
1669090143.434658,lo,339.00,339.00,678.00,339,339,6.00,6.00,12.00,6,6,0.00,0.00,0,0,2712.00,2712.00,5424.00,2712,2712
1669090143.434707,eth0,296.00,256.00,552.00,256,296,4.00,4.00,8.00,4,4,0.00,0.00,0,0,2368.00,2048.00,4416.00,2048,2368
1669090143.434721,docker0,0.00,0.00,0.00,0,0,0.00,0.00,0.00,0,0,0.00,0.00,0,0,0.00,0.00,0.00,0,0
1669090143.434732,s1-eth1,57354.00,3854406.00,3911760.00,3854406,57354,869.00,875.00,1744.00,875,869,0.00,0.00,0,0,458832.00,30835248.00,31294080.00,30835248,458832
1669090143.434766,s2-eth2,71148.00,4776228.00,4847376.00,4776228,71148,1078.00,1086.00,2164.00,1086,1078,0.00,0.00,0,0,569184.00,38209824.00,38779008.00,38209824,569184
1669090143.434781,s2-eth3,75834.00,3504314.00,3580148.00,3504314,75834,1149.00,1209.00,2358.00,1209,1149,0.00,0.00,0,0,606672.00,28034512.00,28641184.00,28034512,606672
1669090143.434811,s1-eth3,12067086.00,204270.00,12271356.00,204270,12067086,3151.00,3095.00,6246.00,3095,3151,0.00,0.00,0,0,96536688.00,1634160.00,98170848.00,1634160,96536688
1669090143.434825,s1-eth2,146982.00,8287914.00,8434896.00,8287914,146982,2227.00,2297.00,4524.00,2297,2227,0.00,0.00,0,0,1175856.00,66303312.00,67479168.00,66303312,1175856
1669090143.434840,s2-eth1,8287914.00,146982.00,8434896.00,146982,8287914,2297.00,2227.00,4524.00,2227,2297,0.00,0.00,0,0,66303312.00,1175856.00,67479168.00,1175856,66303312
1669090143.434864,total,20706952.00,20774708.00,41481664.00,20774709,20706953,10781.00,10799.00,21580.00,10799,10781,0.00,0.00,0,0,165655616.00,166197664.00,331853312.00,166197672,165655624
1669090144.435147,lo,227.00,227.00,454.00,227,227,4.00,4.00,8.00,4,4,0.00,0.00,0,0,1816.00,1816.00,3632.00,1816,1816
1669090144.435200,eth0,152.00,132.00,284.00,132,152,2.00,2.00,4.00,2,2,0.00,0.00,0,0,1216.00,1056.00,2272.00,1056,1216
1669090144.435215,docker0,0.00,0.00,0.00,0,0,0.00,0.00,0.00,0,0,0.00,0.00,0,0,0.00,0.00,0.00,0,0
1669090144.435226,s1-eth1,53034.00,2661708.00,2714742.00,2661708,53034,793.00,838.00,1631.00,838,793,0.00,0.00,0,0,424272.00,21293664.00,21717936.00,21293664,424272
1669090144.435240,s2-eth2,66990.00,5465010.00,5532000.00,5465010,66990,1015.00,1057.00,2072.00,1057,1015,0.00,0.00,0,0,535920.00,43720080.00,44256000.00,43720080,535920
1669090144.435261,s2-eth3,66198.00,3881546.00,3947744.00,3881546,66198,1003.00,1001.00,2004.00,1001,1003,0.00,0.00,0,0,529584.00,31052368.00,31581952.00,31052368,529584
1669090144.435292,s1-eth3,12062834.00,186222.00,12249056.00,186222,12062834,2933.00,2811.00,5744.00,2811,2933,0.00,0.00,0,0,96502672.00,1489776.00,97992448.00,1489776,96502672
1669090144.435307,s1-eth2,133188.00,9339250.00,9472438.00,9339250,133188,2018.00,2057.00,4075.00,2057,2018,0.00,0.00,0,0,1065504.00,74714000.00,75779504.00,74714000,1065504
1669090144.435321,s2-eth1,9339250.00,133188.00,9472438.00,133188,9339250,2057.00,2018.00,4075.00,2018,2057,0.00,0.00,0,0,74714000.00,1065504.00,75779504.00,1065504,74714000
1669090144.435344,total,21721872.00,21667284.00,43389156.00,21667283,21721873,9825.00,9788.00,19613.00,9788,9825,0.00,0.00,0,0,173774976.00,173338272.00,347113248.00,173338264,173774984
1669090145.435664,lo,616.00,616.00,1232.00,616,616,10.00,10.00,20.00,10,10,0.00,0.00,0,0,4928.00,4928.00,9856.00,4928,4928
1669090145.435739,eth0,176.00,148.00,324.00,148,176,2.00,2.00,4.00,2,2,0.00,0.00,0,0,1408.00,1184.00,2592.00,1184,1408
1669090145.435755,docker0,0.00,0.00,0.00,0,0,0.00,0.00,0.00,0,0,0.00,0.00,0,0,0.00,0.00,0.00,0,0
1669090145.435766,s1-eth1,54912.00,2545612.00,2600524.00,2545612,54912,832.00,878.00,1710.00,878,832,0.00,0.00,0,0,439296.00,20364896.00,20804192.00,20364896,439296
1669090145.435781,s2-eth2,59796.00,5474016.00,5533812.00,5474016,59796,906.00,996.00,1902.00,996,906,0.00,0.00,0,0,478368.00,43792128.00,44270496.00,43792128,478368
1669090145.435795,s2-eth3,61116.00,4094126.00,4155242.00,4094126,61116,926.00,931.00,1857.00,931,926,0.00,0.00,0,0,488928.00,32753008.00,33241936.00,32753008,488928
1669090145.435842,s1-eth3,12054976.00,175956.00,12230932.00,175956,12054976,2792.00,2666.00,5458.00,2666,2792,0.00,0.00,0,0,96439808.00,1407648.00,97847456.00,1407648,96439808
1669090145.435891,s1-eth2,120978.00,9566628.00,9687606.00,9566628,120978,1833.00,1926.00,3759.00,1926,1833,0.00,0.00,0,0,967824.00,76533024.00,77500848.00,76533024,967824
1669090145.435910,s2-eth1,9566628.00,120978.00,9687606.00,120978,9566628,1926.00,1833.00,3759.00,1833,1926,0.00,0.00,0,0,76533024.00,967824.00,77500848.00,967824,76533024
1669090145.435935,total,21919198.00,21978080.00,43897280.00,21978080,21919198,9227.00,9242.00,18469.00,9242,9227,0.00,0.00,0,0,175353584.00,175824640.00,351178240.00,175824640,175353584
1669090146.436189,lo,0.00,0.00,0.00,0,0,0.00,0.00,0.00,0,0,0.00,0.00,0,0,0.00,0.00,0.00,0,0
1669090146.436237,eth0,90.00,76.00,166.00,76,90,1.00,1.00,2.00,1,1,0.00,0.00,0,0,720.00,608.00,1328.00,608,720
1669090146.436265,docker0,0.00,0.00,0.00,0,0,0.00,0.00,0.00,0,0,0.00,0.00,0,0,0.00,0.00,0.00,0,0
1669090146.436276,s1-eth1,57882.00,2680482.00,2738364.00,2680482,57882,877.00,925.00,1802.00,925,877,0.00,0.00,0,0,463056.00,21443856.00,21906912.00,21443856,463056
1669090146.436291,s2-eth2,58278.00,5306964.00,5365242.00,5306964,58278,883.00,966.00,1849.00,966,883,0.00,0.00,0,0,466224.00,42455712.00,42921936.00,42455712,466224
1669090146.436305,s2-eth3,61380.00,4132236.00,4193616.00,4132236,61380,930.00,938.00,1868.00,938,930,0.00,0.00,0,0,491040.00,33057888.00,33548928.00,33057888,491040
1669090146.436369,s1-eth3,12047410.00,177474.00,12224884.00,177474,12047410,2809.00,2689.00,5498.00,2689,2809,0.00,0.00,0,0,96379280.00,1419792.00,97799072.00,1419792,96379280
1669090146.436387,s1-eth2,119592.00,9443610.00,9563202.00,9443610,119592,1812.00,1905.00,3717.00,1905,1812,0.00,0.00,0,0,956736.00,75548880.00,76505616.00,75548880,956736
1669090146.436401,s2-eth1,9443610.00,119592.00,9563202.00,119592,9443610,1905.00,1812.00,3717.00,1812,1905,0.00,0.00,0,0,75548880.00,956736.00,76505616.00,956736,75548880
1669090146.436425,total,21788242.00,21860434.00,43648676.00,21860434,21788242,9217.00,9236.00,18453.00,9236,9217,0.00,0.00,0,0,174305936.00,174883472.00,349189408.00,174883472,174305936
1669090147.436630,lo,118.00,118.00,236.00,118,118,2.00,2.00,4.00,2,2,0.00,0.00,0,0,944.00,944.00,1888.00,944,944
1669090147.436679,eth0,54.00,92.00,146.00,92,54,1.00,1.00,2.00,1,1,0.00,0.00,0,0,432.00,736.00,1168.00,736,432
1669090147.436693,docker0,0.00,0.00,0.00,0,0,0.00,0.00,0.00,0,0,0.00,0.00,0,0,0.00,0.00,0.00,0,0
1669090147.436704,s1-eth1,54114.00,2399096.00,2453210.00,2399096,54114,809.00,852.00,1661.00,852,809,0.00,0.00,0,0,432912.00,19192768.00,19625680.00,19192768,432912
1669090147.436753,s2-eth2,59694.00,4533464.00,4593158.00,4533464,59694,895.00,940.00,1835.00,940,895,0.00,0.00,0,0,477552.00,36267712.00,36745264.00,36267712,477552
1669090147.436772,s2-eth3,65076.00,4896792.00,4961868.00,4896792,65076,986.00,1004.00,1990.00,1004,986,0.00,0.00,0,0,520608.00,39174336.00,39694944.00,39174336,520608
1669090147.436802,s1-eth3,12060582.00,178818.00,12239400.00,178818,12060582,2855.00,2689.00,5544.00,2689,2855,0.00,0.00,0,0,96484656.00,1430544.00,97915200.00,1430544,96484656
1669090147.436817,s1-eth2,124770.00,9433218.00,9557988.00,9433218,124770,1881.00,1945.00,3826.00,1945,1881,0.00,0.00,0,0,998160.00,75465744.00,76463904.00,75465744,998160
1669090147.436831,s2-eth1,9433218.00,124770.00,9557988.00,124770,9433218,1945.00,1881.00,3826.00,1881,1945,0.00,0.00,0,0,75465744.00,998160.00,76463904.00,998160,75465744
1669090147.436855,total,21797626.00,21566368.00,43363992.00,21566368,21797626,9374.00,9314.00,18688.00,9314,9374,0.00,0.00,0,0,174381008.00,172530944.00,346911936.00,172530944,174381008
1669090148.437252,lo,339.00,339.00,678.00,339,339,6.00,6.00,12.00,6,6,0.00,0.00,0,0,2712.00,2712.00,5424.00,2712,2712
1669090148.437301,eth0,206.00,216.00,422.00,216,206,3.00,3.00,6.00,3,3,0.00,0.00,0,0,1648.00,1728.00,3376.00,1728,1648
1669090148.437315,docker0,0.00,0.00,0.00,0,0,0.00,0.00,0.00,0,0,0.00,0.00,0,0,0.00,0.00,0.00,0,0
1669090148.437326,s1-eth1,50754.00,2360388.00,2411142.00,2360388,50754,769.00,814.00,1583.00,814,769,0.00,0.00,0,0,406032.00,18883104.00,19289136.00,18883104,406032
1669090148.437352,s2-eth2,59730.00,4017708.00,4077438.00,4017708,59730,905.00,914.00,1819.00,914,905,0.00,0.00,0,0,477840.00,32141664.00,32619504.00,32141664,477840
1669090148.437366,s2-eth3,63030.00,5761256.00,5824286.00,5761256,63030,955.00,1048.00,2003.00,1048,955,0.00,0.00,0,0,504240.00,46090048.00,46594288.00,46090048,504240
1669090148.437430,s1-eth3,12059708.00,173580.00,12233288.00,173580,12059708,2754.00,2630.00,5384.00,2630,2754,0.00,0.00,0,0,96477664.00,1388640.00,97866304.00,1388640,96477664
1669090148.437447,s1-eth2,122826.00,9765734.00,9888560.00,9765734,122826,1861.00,1959.00,3820.00,1959,1861,0.00,0.00,0,0,982608.00,78125872.00,79108480.00,78125872,982608
1669090148.437460,s2-eth1,9765734.00,122826.00,9888560.00,122826,9765734,1959.00,1861.00,3820.00,1861,1959,0.00,0.00,0,0,78125872.00,982608.00,79108480.00,982608,78125872
1669090148.437484,total,22122328.00,22202048.00,44324376.00,22202047,22122327,9212.00,9235.00,18447.00,9235,9212,0.00,0.00,0,0,176978624.00,177616384.00,354595008.00,177616376,176978616
1669090149.437816,lo,110.00,110.00,220.00,110,110,2.00,2.00,4.00,2,2,0.00,0.00,0,0,880.00,880.00,1760.00,880,880
1669090149.437889,eth0,98.00,40.00,138.00,40,98,1.00,1.00,2.00,1,1,0.00,0.00,0,0,784.00,320.00,1104.00,320,784
1669090149.437904,docker0,0.00,0.00,0.00,0,0,0.00,0.00,0.00,0,0,0.00,0.00,0,0,0.00,0.00,0.00,0,0
1669090149.437920,s1-eth1,54714.00,2536726.00,2591440.00,2536726,54714,829.00,875.00,1704.00,875,829,0.00,0.00,0,0,437712.00,20293808.00,20731520.00,20293808,437712
1669090149.437936,s2-eth2,58476.00,3929376.00,3987852.00,3929376,58476,886.00,892.00,1778.00,892,886,0.00,0.00,0,0,467808.00,31435008.00,31902816.00,31435008,467808
1669090149.437950,s2-eth3,62172.00,5671872.00,5734044.00,5671872,62172,942.00,1032.00,1974.00,1032,942,0.00,0.00,0,0,497376.00,45374976.00,45872352.00,45374976,497376
1669090149.438009,s1-eth3,12067480.00,175362.00,12242842.00,175362,12067480,2784.00,2657.00,5441.00,2657,2784,0.00,0.00,0,0,96539840.00,1402896.00,97942736.00,1402896,96539840
1669090149.438027,s1-eth2,120648.00,9611516.00,9732164.00,9611516,120648,1828.00,1926.00,3754.00,1926,1828,0.00,0.00,0,0,965184.00,76892128.00,77857312.00,76892128,965184
1669090149.438041,s2-eth1,9611516.00,120648.00,9732164.00,120648,9611516,1926.00,1828.00,3754.00,1828,1926,0.00,0.00,0,0,76892128.00,965184.00,77857312.00,965184,76892128
1669090149.438077,total,21975214.00,22045650.00,44020864.00,22045650,21975214,9198.00,9213.00,18411.00,9213,9198,0.00,0.00,0,0,175801712.00,176365200.00,352166912.00,176365200,175801712
1669090150.438351,lo,772.00,772.00,1544.00,772,772,6.00,6.00,12.00,6,6,0.00,0.00,0,0,6176.00,6176.00,12352.00,6176,6176
1669090150.438399,eth0,0.00,0.00,0.00,0,0,0.00,0.00,0.00,0,0,0.00,0.00,0,0,0.00,0.00,0.00,0,0
1669090150.438411,docker0,0.00,0.00,0.00,0,0,0.00,0.00,0.00,0,0,0.00,0.00,0,0,0.00,0.00,0.00,0,0
1669090150.438422,s1-eth1,58150.00,2687854.00,2746004.00,2687854,58150,881.00,927.00,1808.00,927,881,0.00,0.00,0,0,465200.00,21502832.00,21968032.00,21502832,465200
1669090150.438436,s2-eth2,57486.00,3863230.00,3920716.00,3863230,57486,871.00,877.00,1748.00,877,871,0.00,0.00,0,0,459888.00,30905840.00,31365728.00,30905840,459888
1669090150.438450,s2-eth3,61252.00,5576630.00,5637882.00,5576630,61252,928.00,1015.00,1943.00,1015,928,0.00,0.00,0,0,490016.00,44613040.00,45103056.00,44613040,490016
1669090150.438480,s1-eth3,12061498.00,176682.00,12238180.00,176682,12061498,2803.00,2677.00,5480.00,2677,2803,0.00,0.00,0,0,96491984.00,1413456.00,97905440.00,1413456,96491984
1669090150.438495,s1-eth2,118602.00,9444270.00,9562872.00,9444270,118602,1797.00,1893.00,3690.00,1893,1797,0.00,0.00,0,0,948816.00,75554160.00,76502976.00,75554160,948816
1669090150.438509,s2-eth1,9444270.00,118602.00,9562872.00,118602,9444270,1893.00,1797.00,3690.00,1797,1893,0.00,0.00,0,0,75554160.00,948816.00,76502976.00,948816,75554160
1669090150.438533,total,21802030.00,21868040.00,43670072.00,21868040,21802030,9179.00,9192.00,18371.00,9192,9179,0.00,0.00,0,0,174416240.00,174944320.00,349360576.00,174944320,174416240
1669090151.438825,lo,0.00,0.00,0.00,0,0,0.00,0.00,0.00,0,0,0.00,0.00,0,0,0.00,0.00,0.00,0,0
1669090151.438909,eth0,0.00,0.00,0.00,0,0,0.00,0.00,0.00,0,0,0.00,0.00,0,0,0.00,0.00,0.00,0,0
1669090151.438921,docker0,0.00,0.00,0.00,0,0,0.00,0.00,0.00,0,0,0.00,0.00,0,0,0.00,0.00,0.00,0,0
1669090151.438932,s1-eth1,63162.00,2924946.00,2988108.00,2924946,63162,957.00,1009.00,1966.00,1009,957,0.00,0.00,0,0,505296.00,23399568.00,23904864.00,23399568,505296
1669090151.438947,s2-eth2,60852.00,4090174.00,4151026.00,4090174,60852,922.00,915.00,1837.00,915,922,0.00,0.00,0,0,486816.00,32721392.00,33208208.00,32721392,486816
1669090151.438961,s2-eth3,59892.00,4901594.00,4961486.00,4901594,59892,898.00,989.00,1887.00,989,898,0.00,0.00,0,0,479136.00,39212752.00,39691888.00,39212752,479136
1669090151.439007,s1-eth3,12061712.00,184170.00,12245882.00,184170,12061712,2916.00,2781.00,5697.00,2781,2916,0.00,0.00,0,0,96493696.00,1473360.00,97967056.00,1473360,96493696
1669090151.439023,s1-eth2,120876.00,8987358.00,9108234.00,8987358,120876,1822.00,1903.00,3725.00,1903,1822,0.00,0.00,0,0,967008.00,71898864.00,72865872.00,71898864,967008
1669090151.439037,s2-eth1,8987358.00,120876.00,9108234.00,120876,8987358,1903.00,1822.00,3725.00,1822,1903,0.00,0.00,0,0,71898864.00,967008.00,72865872.00,967008,71898864
1669090151.439062,total,21353852.00,21209118.00,42562968.00,21209118,21353852,9418.00,9419.00,18837.00,9419,9418,0.00,0.00,0,0,170830816.00,169672944.00,340503744.00,169672944,170830816
1669090152.439307,lo,1544.00,1544.00,3088.00,1544,1544,12.00,12.00,24.00,12,12,0.00,0.00,0,0,12352.00,12352.00,24704.00,12352,12352
1669090152.439356,eth0,0.00,0.00,0.00,0,0,0.00,0.00,0.00,0,0,0.00,0.00,0,0,0.00,0.00,0.00,0,0
1669090152.439368,docker0,0.00,0.00,0.00,0,0,0.00,0.00,0.00,0,0,0.00,0.00,0,0,0.00,0.00,0.00,0,0
1669090152.439379,s1-eth1,76506.00,4240220.00,4316726.00,4240220,76506,1159.00,1170.00,2329.00,1170,1159,0.00,0.00,0,0,612048.00,33921760.00,34533808.00,33921760,612048
1669090152.439393,s2-eth2,62526.00,3846072.00,3908598.00,3846072,62526,939.00,1012.00,1951.00,1012,939,0.00,0.00,0,0,500208.00,30768576.00,31268784.00,30768576,500208
1669090152.439407,s2-eth3,71090.00,3939420.00,4010510.00,3939420,71090,1077.00,1088.00,2165.00,1088,1077,0.00,0.00,0,0,568720.00,31515360.00,32084080.00,31515360,568720
1669090152.439459,s1-eth3,12082658.00,209298.00,12291956.00,209298,12082658,3299.00,3163.00,6462.00,3163,3299,0.00,0.00,0,0,96661264.00,1674384.00,98335648.00,1674384,96661264
1669090152.439474,s1-eth2,133138.00,7789972.00,7923110.00,7789972,133138,2009.00,2102.00,4111.00,2102,2009,0.00,0.00,0,0,1065104.00,62319776.00,63384880.00,62319776,1065104
1669090152.439488,s2-eth1,7789972.00,133138.00,7923110.00,133138,7789972,2102.00,2009.00,4111.00,2009,2102,0.00,0.00,0,0,62319776.00,1065104.00,63384880.00,1065104,62319776
1669090152.439512,total,20217434.00,20159664.00,40377096.00,20159664,20217434,10597.00,10556.00,21153.00,10556,10597,0.00,0.00,0,0,161739472.00,161277312.00,323016768.00,161277312,161739472
1669090153.439776,lo,338.00,338.00,676.00,338,338,6.00,6.00,12.00,6,6,0.00,0.00,0,0,2704.00,2704.00,5408.00,2704,2704
1669090153.439829,eth0,206.00,208.00,414.00,208,206,3.00,3.00,6.00,3,3,0.00,0.00,0,0,1648.00,1664.00,3312.00,1664,1648
1669090153.439843,docker0,0.00,0.00,0.00,0,0,0.00,0.00,0.00,0,0,0.00,0.00,0,0,0.00,0.00,0.00,0,0
1669090153.439854,s1-eth1,68244.00,4590810.00,4659054.00,4590810,68244,1034.00,1041.00,2075.00,1041,1034,0.00,0.00,0,0,545952.00,36726480.00,37272432.00,36726480,545952
1669090153.439896,s2-eth2,71478.00,3308690.00,3380168.00,3308690,71478,1083.00,1141.00,2224.00,1141,1083,0.00,0.00,0,0,571824.00,26469520.00,27041344.00,26469520,571824
1669090153.439913,s2-eth3,63228.00,4246962.00,4310190.00,4246962,63228,958.00,965.00,1923.00,965,958,0.00,0.00,0,0,505824.00,33975696.00,34481520.00,33975696,505824
1669090153.439945,s1-eth3,12072742.00,202950.00,12275692.00,202950,12072742,3127.00,3075.00,6202.00,3075,3127,0.00,0.00,0,0,96581936.00,1623600.00,98205536.00,1623600,96581936
1669090153.439973,s1-eth2,134772.00,7551242.00,7686014.00,7551242,134772,2042.00,2105.00,4147.00,2105,2042,0.00,0.00,0,0,1078176.00,60409936.00,61488112.00,60409936,1078176
1669090153.439987,s2-eth1,7551242.00,134772.00,7686014.00,134772,7551242,2105.00,2042.00,4147.00,2042,2105,0.00,0.00,0,0,60409936.00,1078176.00,61488112.00,1078176,60409936
1669090153.440011,total,19962250.00,20035972.00,39998224.00,20035972,19962250,10358.00,10378.00,20736.00,10378,10358,0.00,0.00,0,0,159698000.00,160287776.00,319985792.00,160287776,159698000
1669090154.440265,lo,1654.00,1654.00,3308.00,1654,1654,14.00,14.00,28.00,14,14,0.00,0.00,0,0,13232.00,13232.00,26464.00,13232,13232
1669090154.440314,eth0,98.00,40.00,138.00,40,98,1.00,1.00,2.00,1,1,0.00,0.00,0,0,784.00,320.00,1104.00,320,784
1669090154.440328,docker0,0.00,0.00,0.00,0,0,0.00,0.00,0.00,0,0,0.00,0.00,0,0,0.00,0.00,0.00,0,0
1669090154.440339,s1-eth1,68182.00,4573438.00,4641620.00,4573438,68182,1033.00,1041.00,2074.00,1041,1033,0.00,0.00,0,0,545456.00,36587504.00,37132960.00,36587504,545456
1669090154.440354,s2-eth2,72146.00,3325014.00,3397160.00,3325014,72146,1093.00,1147.00,2240.00,1147,1093,0.00,0.00,0,0,577168.00,26600112.00,27177280.00,26600112,577168
1669090154.440370,s2-eth3,63236.00,4246962.00,4310198.00,4246962,63236,958.00,965.00,1923.00,965,958,0.00,0.00,0,0,505888.00,33975696.00,34481584.00,33975696,505888
1669090154.440400,s1-eth3,12076368.00,203350.00,12279718.00,203350,12076368,3138.00,3081.00,6219.00,3081,3138,0.00,0.00,0,0,96610944.00,1626800.00,98237744.00,1626800,96610944
1669090154.440414,s1-eth2,135308.00,7576386.00,7711694.00,7576386,135308,2050.00,2113.00,4163.00,2113,2050,0.00,0.00,0,0,1082464.00,60611088.00,61693552.00,60611088,1082464
1669090154.440428,s2-eth1,7576386.00,135308.00,7711694.00,135308,7576386,2113.00,2050.00,4163.00,2050,2113,0.00,0.00,0,0,60611088.00,1082464.00,61693552.00,1082464,60611088
1669090154.440453,total,19993378.00,20062152.00,40055528.00,20062152,19993378,10400.00,10412.00,20812.00,10412,10400,0.00,0.00,0,0,159947024.00,160497216.00,320444224.00,160497216,159947024
1669090155.440736,lo,5312.00,5312.00,10624.00,5312,5312,41.00,41.00,82.00,41,41,0.00,0.00,0,0,42496.00,42496.00,84992.00,42496,42496
1669090155.440784,eth0,0.00,0.00,0.00,0,0,0.00,0.00,0.00,0,0,0.00,0.00,0,0,0.00,0.00,0.00,0,0
1669090155.440796,docker0,0.00,0.00,0.00,0,0,0.00,0.00,0.00,0,0,0.00,0.00,0,0,0.00,0.00,0.00,0,0
1669090155.440806,s1-eth1,65184.00,4902560.00,4967744.00,4902560,65184,988.00,1004.00,1992.00,1004,988,0.00,0.00,0,0,521472.00,39220480.00,39741952.00,39220480,521472
1669090155.440820,s2-eth2,54204.00,2494182.00,2548386.00,2494182,54204,814.00,867.00,1681.00,867,814,0.00,0.00,0,0,433632.00,19953456.00,20387088.00,19953456,433632
1669090155.440834,s2-eth3,68748.00,4612902.00,4681650.00,4612902,68748,1042.00,1047.00,2089.00,1047,1042,0.00,0.00,0,0,549984.00,36903216.00,37453200.00,36903216,549984
1669090155.440864,s1-eth3,12062502.00,188136.00,12250638.00,188136,12062502,2951.00,2844.00,5795.00,2844,2951,0.00,0.00,0,0,96500016.00,1505088.00,98005104.00,1505088,96500016
1669090155.440878,s1-eth2,122886.00,7107084.00,7229970.00,7107084,122886,1855.00,1914.00,3769.00,1914,1855,0.00,0.00,0,0,983088.00,56856672.00,57839760.00,56856672,983088
1669090155.440892,s2-eth1,7107084.00,122886.00,7229970.00,122886,7107084,1914.00,1855.00,3769.00,1855,1914,0.00,0.00,0,0,56856672.00,983088.00,57839760.00,983088,56856672
1669090155.440916,total,19485920.00,19433062.00,38918984.00,19433062,19485920,9605.00,9572.00,19177.00,9572,9605,0.00,0.00,0,0,155887360.00,155464496.00,311351872.00,155464496,155887360
1669090156.441160,lo,0.00,0.00,0.00,0,0,0.00,0.00,0.00,0,0,0.00,0.00,0,0,0.00,0.00,0.00,0,0
1669090156.441205,eth0,0.00,0.00,0.00,0,0,0.00,0.00,0.00,0,0,0.00,0.00,0,0,0.00,0.00,0.00,0,0
1669090156.441217,docker0,0.00,0.00,0.00,0,0,0.00,0.00,0.00,0,0,0.00,0.00,0,0,0.00,0.00,0.00,0,0
1669090156.441228,s1-eth1,57024.00,5186776.00,5243800.00,5186776,57024,864.00,944.00,1808.00,944,864,0.00,0.00,0,0,456192.00,41494208.00,41950400.00,41494208,456192
1669090156.441259,s2-eth2,46926.00,2170754.00,2217680.00,2170754,46926,711.00,749.00,1460.00,749,711,0.00,0.00,0,0,375408.00,17366032.00,17741440.00,17366032,375408
1669090156.441285,s2-eth3,71082.00,4785180.00,4856262.00,4785180,71082,1077.00,1090.00,2167.00,1090,1077,0.00,0.00,0,0,568656.00,38281440.00,38850096.00,38281440,568656
1669090156.441315,s1-eth3,12063330.00,175032.00,12238362.00,175032,12063330,2765.00,2652.00,5417.00,2652,2765,0.00,0.00,0,0,96506640.00,1400256.00,97906896.00,1400256,96506640
1669090156.441329,s1-eth2,117942.00,6950010.00,7067952.00,6950010,117942,1787.00,1837.00,3624.00,1837,1787,0.00,0.00,0,0,943536.00,55600080.00,56543616.00,55600080,943536
1669090156.441343,s2-eth1,6950010.00,117942.00,7067952.00,117942,6950010,1837.00,1787.00,3624.00,1787,1837,0.00,0.00,0,0,55600080.00,943536.00,56543616.00,943536,55600080
1669090156.441367,total,19306314.00,19385694.00,38692008.00,19385694,19306314,9041.00,9059.00,18100.00,9059,9041,0.00,0.00,0,0,154450512.00,155085552.00,309536064.00,155085552,154450512
1669090157.441643,lo,0.00,0.00,0.00,0,0,0.00,0.00,0.00,0,0,0.00,0.00,0,0,0.00,0.00,0.00,0,0
1669090157.441693,eth0,0.00,0.00,0.00,0,0,0.00,0.00,0.00,0,0,0.00,0.00,0,0,0.00,0.00,0.00,0,0
1669090157.441705,docker0,0.00,0.00,0.00,0,0,0.00,0.00,0.00,0,0,0.00,0.00,0,0,0.00,0.00,0.00,0,0
1669090157.441716,s1-eth1,55968.00,5107594.00,5163562.00,5107594,55968,848.00,929.00,1777.00,929,848,0.00,0.00,0,0,447744.00,40860752.00,41308496.00,40860752,447744
1669090157.441731,s2-eth2,48642.00,2261128.00,2309770.00,2261128,48642,737.00,780.00,1517.00,780,737,0.00,0.00,0,0,389136.00,18089024.00,18478160.00,18089024,389136
1669090157.441745,s2-eth3,70884.00,4749636.00,4820520.00,4749636,70884,1074.00,1078.00,2152.00,1078,1074,0.00,0.00,0,0,567072.00,37997088.00,38564160.00,37997088,567072
1669090157.441813,s1-eth3,12054906.00,175428.00,12230334.00,175428,12054906,2769.00,2658.00,5427.00,2658,2769,0.00,0.00,0,0,96439248.00,1403424.00,97842672.00,1403424,96439248
1669090157.441832,s1-eth2,119592.00,7012278.00,7131870.00,7012278,119592,1812.00,1859.00,3671.00,1859,1812,0.00,0.00,0,0,956736.00,56098224.00,57054960.00,56098224,956736
1669090157.441846,s2-eth1,7012278.00,119592.00,7131870.00,119592,7012278,1859.00,1812.00,3671.00,1812,1859,0.00,0.00,0,0,56098224.00,956736.00,57054960.00,956736,56098224
1669090157.441870,total,19362270.00,19425656.00,38787928.00,19425656,19362270,9099.00,9116.00,18215.00,9116,9099,0.00,0.00,0,0,154898160.00,155405248.00,310303424.00,155405248,154898160
1669090158.442104,lo,338.00,338.00,676.00,338,338,6.00,6.00,12.00,6,6,0.00,0.00,0,0,2704.00,2704.00,5408.00,2704,2704
1669090158.442151,eth0,296.00,284.00,580.00,284,296,4.00,4.00,8.00,4,4,0.00,0.00,0,0,2368.00,2272.00,4640.00,2272,2368
1669090158.442166,docker0,0.00,0.00,0.00,0,0,0.00,0.00,0.00,0,0,0.00,0.00,0,0,0.00,0.00,0.00,0,0
1669090158.442177,s1-eth1,61128.00,4570456.00,4631584.00,4570456,61128,914.00,952.00,1866.00,952,914,0.00,0.00,0,0,489024.00,36563648.00,37052672.00,36563648,489024
1669090158.442191,s2-eth2,56628.00,2811648.00,2868276.00,2811648,56628,858.00,872.00,1730.00,872,858,0.00,0.00,0,0,453024.00,22493184.00,22946208.00,22493184,453024
1669090158.442205,s2-eth3,67770.00,4381506.00,4449276.00,4381506,67770,1017.00,1029.00,2046.00,1029,1017,0.00,0.00,0,0,542160.00,35052048.00,35594208.00,35052048,542160
1669090158.442235,s1-eth3,12062372.00,185592.00,12247964.00,185592,12062372,2926.00,2790.00,5716.00,2790,2926,0.00,0.00,0,0,96498976.00,1484736.00,97983712.00,1484736,96498976
1669090158.442271,s1-eth2,124398.00,7193154.00,7317552.00,7193154,124398,1875.00,1901.00,3776.00,1901,1875,0.00,0.00,0,0,995184.00,57545232.00,58540416.00,57545232,995184
1669090158.442287,s2-eth1,7193154.00,124398.00,7317552.00,124398,7193154,1901.00,1875.00,3776.00,1875,1901,0.00,0.00,0,0,57545232.00,995184.00,58540416.00,995184,57545232
1669090158.442312,total,19566084.00,19267376.00,38833460.00,19267376,19566084,9501.00,9429.00,18930.00,9429,9501,0.00,0.00,0,0,156528672.00,154139008.00,310667680.00,154139008,156528672
1669090159.442646,lo,110.00,110.00,220.00,110,110,2.00,2.00,4.00,2,2,0.00,0.00,0,0,880.00,880.00,1760.00,880,880
1669090159.442745,eth0,98.00,40.00,138.00,40,98,1.00,1.00,2.00,1,1,0.00,0.00,0,0,784.00,320.00,1104.00,320,784
1669090159.442759,docker0,0.00,0.00,0.00,0,0,0.00,0.00,0.00,0,0,0.00,0.00,0,0,0.00,0.00,0.00,0,0
1669090159.442769,s1-eth1,63756.00,4286520.00,4350276.00,4286520,63756,966.00,972.00,1938.00,972,966,0.00,0.00,0,0,510048.00,34292160.00,34802208.00,34292160,510048
1669090159.442784,s2-eth2,59334.00,4008756.00,4068090.00,4008756,59334,899.00,910.00,1809.00,910,899,0.00,0.00,0,0,474672.00,32070048.00,32544720.00,32070048,474672
1669090159.442798,s2-eth3,57420.00,3854340.00,3911760.00,3854340,57420,870.00,874.00,1744.00,874,870,0.00,0.00,0,0,459360.00,30834720.00,31294080.00,30834720,459360
1669090159.442827,s1-eth3,12057006.00,180444.00,12237450.00,180444,12057006,2735.00,2734.00,5469.00,2734,2735,0.00,0.00,0,0,96456048.00,1443552.00,97899600.00,1443552,96456048
1669090159.442842,s1-eth2,116754.00,7867506.00,7984260.00,7867506,116754,1769.00,1785.00,3554.00,1785,1769,0.00,0.00,0,0,934032.00,62940048.00,63874080.00,62940048,934032
1669090159.442857,s2-eth1,7867506.00,116754.00,7984260.00,116754,7867506,1785.00,1769.00,3554.00,1769,1785,0.00,0.00,0,0,62940048.00,934032.00,63874080.00,934032,62940048
1669090159.442881,total,20221984.00,20314470.00,40536456.00,20314470,20221984,9027.00,9047.00,18074.00,9047,9027,0.00,0.00,0,0,161775872.00,162515760.00,324291648.00,162515760,161775872
1669090160.443148,lo,344.00,344.00,688.00,344,344,6.00,6.00,12.00,6,6,0.00,0.00,0,0,2752.00,2752.00,5504.00,2752,2752
1669090160.443245,eth0,0.00,0.00,0.00,0,0,0.00,0.00,0.00,0,0,0.00,0.00,0,0,0.00,0.00,0.00,0,0
1669090160.443257,docker0,0.00,0.00,0.00,0,0,0.00,0.00,0.00,0,0,0.00,0.00,0,0,0.00,0.00,0.00,0,0
1669090160.443268,s1-eth1,63426.00,4269144.00,4332570.00,4269144,63426,961.00,972.00,1933.00,972,961,0.00,0.00,0,0,507408.00,34153152.00,34660560.00,34153152,507408
1669090160.443282,s2-eth2,58740.00,3946950.00,4005690.00,3946950,58740,890.00,895.00,1785.00,895,890,0.00,0.00,0,0,469920.00,31575600.00,32045520.00,31575600,469920
1669090160.443296,s2-eth3,58278.00,3920622.00,3978900.00,3920622,58278,883.00,891.00,1774.00,891,883,0.00,0.00,0,0,466224.00,31364976.00,31831200.00,31364976,466224
1669090160.443335,s1-eth3,12061746.00,180510.00,12242256.00,180510,12061746,2741.00,2735.00,5476.00,2735,2741,0.00,0.00,0,0,96493968.00,1444080.00,97938048.00,1444080,96493968
1669090160.443351,s1-eth2,117084.00,7867572.00,7984656.00,7867572,117084,1774.00,1786.00,3560.00,1786,1774,0.00,0.00,0,0,936672.00,62940576.00,63877248.00,62940576,936672
1669090160.443365,s2-eth1,7867572.00,117084.00,7984656.00,117084,7867572,1786.00,1774.00,3560.00,1774,1786,0.00,0.00,0,0,62940576.00,936672.00,63877248.00,936672,62940576
1669090160.443389,total,20227190.00,20302226.00,40529416.00,20302226,20227190,9041.00,9059.00,18100.00,9059,9041,0.00,0.00,0,0,161817520.00,162417808.00,324235328.00,162417808,161817520
1669090161.443658,lo,0.00,0.00,0.00,0,0,0.00,0.00,0.00,0,0,0.00,0.00,0,0,0.00,0.00,0.00,0,0
1669090161.443726,eth0,0.00,0.00,0.00,0,0,0.00,0.00,0.00,0,0,0.00,0.00,0,0,0.00,0.00,0.00,0,0
1669090161.443738,docker0,0.00,0.00,0.00,0,0,0.00,0.00,0.00,0,0,0.00,0.00,0,0,0.00,0.00,0.00,0,0
1669090161.443749,s1-eth1,63426.00,4264734.00,4328160.00,4264734,63426,961.00,971.00,1932.00,971,961,0.00,0.00,0,0,507408.00,34117872.00,34625280.00,34117872,507408
1669090161.443764,s2-eth2,59202.00,3973608.00,4032810.00,3973608,59202,897.00,904.00,1801.00,904,897,0.00,0.00,0,0,473616.00,31788864.00,32262480.00,31788864,473616
1669090161.443778,s2-eth3,57750.00,3894030.00,3951780.00,3894030,57750,875.00,883.00,1758.00,883,875,0.00,0.00,0,0,462000.00,31152240.00,31614240.00,31152240,462000
1669090161.443808,s1-eth3,12061746.00,180378.00,12242124.00,180378,12061746,2741.00,2733.00,5474.00,2733,2741,0.00,0.00,0,0,96493968.00,1443024.00,97936992.00,1443024,96493968
1669090161.443822,s1-eth2,116886.00,7867638.00,7984524.00,7867638,116886,1771.00,1787.00,3558.00,1787,1771,0.00,0.00,0,0,935088.00,62941104.00,63876192.00,62941104,935088
1669090161.443893,s2-eth1,7867638.00,116886.00,7984524.00,116886,7867638,1787.00,1771.00,3558.00,1771,1787,0.00,0.00,0,0,62941104.00,935088.00,63876192.00,935088,62941104
1669090161.443918,total,20226648.00,20297274.00,40523920.00,20297274,20226648,9032.00,9049.00,18081.00,9049,9032,0.00,0.00,0,0,161813184.00,162378192.00,324191360.00,162378192,161813184
1669090162.444192,lo,0.00,0.00,0.00,0,0,0.00,0.00,0.00,0,0,0.00,0.00,0,0,0.00,0.00,0.00,0,0
1669090162.444314,eth0,0.00,0.00,0.00,0,0,0.00,0.00,0.00,0,0,0.00,0.00,0,0,0.00,0.00,0.00,0,0
1669090162.444326,docker0,0.00,0.00,0.00,0,0,0.00,0.00,0.00,0,0,0.00,0.00,0,0,0.00,0.00,0.00,0,0
1669090162.444337,s1-eth1,63228.00,4251438.00,4314666.00,4251438,63228,958.00,967.00,1925.00,967,958,0.00,0.00,0,0,505824.00,34011504.00,34517328.00,34011504,505824
1669090162.444352,s2-eth2,59466.00,4004412.00,4063878.00,4004412,59466,901.00,910.00,1811.00,910,901,0.00,0.00,0,0,475728.00,32035296.00,32511024.00,32035296,475728
1669090162.444366,s2-eth3,57684.00,3872112.00,3929796.00,3872112,57684,874.00,880.00,1754.00,880,874,0.00,0.00,0,0,461472.00,30976896.00,31438368.00,30976896,461472
1669090162.444398,s1-eth3,12057402.00,180444.00,12237846.00,180444,12057402,2741.00,2734.00,5475.00,2734,2741,0.00,0.00,0,0,96459216.00,1443552.00,97902768.00,1443552,96459216
1669090162.444413,s1-eth2,117216.00,7876524.00,7993740.00,7876524,117216,1776.00,1790.00,3566.00,1790,1776,0.00,0.00,0,0,937728.00,63012192.00,63949920.00,63012192,937728
1669090162.444427,s2-eth1,7876524.00,117216.00,7993740.00,117216,7876524,1790.00,1776.00,3566.00,1776,1790,0.00,0.00,0,0,63012192.00,937728.00,63949920.00,937728,63012192
1669090162.444452,total,20231520.00,20302146.00,40533664.00,20302146,20231520,9040.00,9057.00,18097.00,9057,9040,0.00,0.00,0,0,161852160.00,162417168.00,324269312.00,162417168,161852160
1669090163.444736,lo,338.00,338.00,676.00,338,338,6.00,6.00,12.00,6,6,0.00,0.00,0,0,2704.00,2704.00,5408.00,2704,2704
1669090163.444783,eth0,296.00,284.00,580.00,284,296,4.00,4.00,8.00,4,4,0.00,0.00,0,0,2368.00,2272.00,4640.00,2272,2368
1669090163.444797,docker0,0.00,0.00,0.00,0,0,0.00,0.00,0.00,0,0,0.00,0.00,0,0,0.00,0.00,0.00,0,0
1669090163.444808,s1-eth1,63360.00,4242486.00,4305846.00,4242486,63360,960.00,963.00,1923.00,963,960,0.00,0.00,0,0,506880.00,33939888.00,34446768.00,33939888,506880
1669090163.444823,s2-eth2,57684.00,3876522.00,3934206.00,3876522,57684,874.00,881.00,1755.00,881,874,0.00,0.00,0,0,461472.00,31012176.00,31473648.00,31012176,461472
1669090163.444837,s2-eth3,59598.00,3995592.00,4055190.00,3995592,59598,903.00,908.00,1811.00,908,903,0.00,0.00,0,0,476784.00,31964736.00,32441520.00,31964736,476784
1669090163.444867,s1-eth3,12066024.00,180510.00,12246534.00,180510,12066024,2740.00,2735.00,5475.00,2735,2740,0.00,0.00,0,0,96528192.00,1444080.00,97972272.00,1444080,96528192
1669090163.444882,s1-eth2,117216.00,7872114.00,7989330.00,7872114,117216,1776.00,1789.00,3565.00,1789,1776,0.00,0.00,0,0,937728.00,62976912.00,63914640.00,62976912,937728
1669090163.444896,s2-eth1,7872114.00,117216.00,7989330.00,117216,7872114,1789.00,1776.00,3565.00,1776,1789,0.00,0.00,0,0,62976912.00,937728.00,63914640.00,937728,62976912
1669090163.444920,total,20236630.00,20285062.00,40521692.00,20285062,20236630,9052.00,9062.00,18114.00,9062,9052,0.00,0.00,0,0,161893040.00,162280496.00,324173536.00,162280496,161893040
1669090164.445272,lo,110.00,110.00,220.00,110,110,2.00,2.00,4.00,2,2,0.00,0.00,0,0,880.00,880.00,1760.00,880,880
1669090164.445321,eth0,140.00,68.00,208.00,68,140,2.00,2.00,4.00,2,2,0.00,0.00,0,0,1120.00,544.00,1664.00,544,1120
1669090164.445335,docker0,0.00,0.00,0.00,0,0,0.00,0.00,0.00,0,0,0.00,0.00,0,0,0.00,0.00,0.00,0,0
1669090164.445345,s1-eth1,69198.00,3298810.00,3368008.00,3298810,69198,1035.00,1101.00,2136.00,1101,1035,0.00,0.00,0,0,553584.00,26390480.00,26944064.00,26390480,553584
1669090164.445361,s2-eth2,66000.00,5497852.00,5563852.00,5497852,66000,1000.00,1050.00,2050.00,1050,1000,0.00,0.00,0,0,528000.00,43982816.00,44510816.00,43982816,528000
1669090164.445393,s2-eth3,61206.00,3063554.00,3124760.00,3063554,61206,919.00,981.00,1900.00,981,919,0.00,0.00,0,0,489648.00,24508432.00,24998080.00,24508432,489648
1669090164.445440,s1-eth3,12080382.00,196404.00,12276786.00,196404,12080382,3155.00,2954.00,6109.00,2954,3155,0.00,0.00,0,0,96643056.00,1571232.00,98214288.00,1571232,96643056
1669090164.445456,s1-eth2,127206.00,8554100.00,8681306.00,8554100,127206,1919.00,2030.00,3949.00,2030,1919,0.00,0.00,0,0,1017648.00,68432800.00,69450448.00,68432800,1017648
1669090164.445470,s2-eth1,8554100.00,127206.00,8681306.00,127206,8554100,2030.00,1919.00,3949.00,1919,2030,0.00,0.00,0,0,68432800.00,1017648.00,69450448.00,1017648,68432800
1669090164.445494,total,20958342.00,20738104.00,41696448.00,20738104,20958342,10062.00,10039.00,20101.00,10039,10062,0.00,0.00,0,0,167666736.00,165904832.00,333571584.00,165904832,167666736
1669090165.445763,lo,344.00,344.00,688.00,344,344,6.00,6.00,12.00,6,6,0.00,0.00,0,0,2752.00,2752.00,5504.00,2752,2752
1669090165.445830,eth0,0.00,0.00,0.00,0,0,0.00,0.00,0.00,0,0,0.00,0.00,0,0,0.00,0.00,0.00,0,0
1669090165.445842,docker0,0.00,0.00,0.00,0,0,0.00,0.00,0.00,0,0,0.00,0.00,0,0,0.00,0.00,0.00,0,0
1669090165.445853,s1-eth1,73590.00,3403540.00,3477130.00,3403540,73590,1115.00,1174.00,2289.00,1174,1115,0.00,0.00,0,0,588720.00,27228320.00,27817040.00,27228320,588720
1669090165.445868,s2-eth2,62502.00,5689446.00,5751948.00,5689446,62502,947.00,1035.00,1982.00,1035,947,0.00,0.00,0,0,500016.00,45515568.00,46015584.00,45515568,500016
1669090165.445882,s2-eth3,65802.00,3046454.00,3112256.00,3046454,65802,997.00,1051.00,2048.00,1051,997,0.00,0.00,0,0,526416.00,24371632.00,24898048.00,24371632,526416
1669090165.445937,s1-eth3,12071776.00,201960.00,12273736.00,201960,12071776,3244.00,3060.00,6304.00,3060,3244,0.00,0.00,0,0,96574208.00,1615680.00,98189888.00,1615680,96574208
1669090165.445954,s1-eth2,128238.00,8737216.00,8865454.00,8737216,128238,1943.00,2084.00,4027.00,2084,1943,0.00,0.00,0,0,1025904.00,69897728.00,70923632.00,69897728,1025904
1669090165.445968,s2-eth1,8737216.00,128238.00,8865454.00,128238,8737216,2084.00,1943.00,4027.00,1943,2084,0.00,0.00,0,0,69897728.00,1025904.00,70923632.00,1025904,69897728
1669090165.445992,total,21139468.00,21207198.00,42346664.00,21207198,21139468,10336.00,10353.00,20689.00,10353,10336,0.00,0.00,0,0,169115744.00,169657584.00,338773312.00,169657584,169115744
1669090166.446301,lo,0.00,0.00,0.00,0,0,0.00,0.00,0.00,0,0,0.00,0.00,0,0,0.00,0.00,0.00,0,0
1669090166.446347,eth0,0.00,0.00,0.00,0,0,0.00,0.00,0.00,0,0,0.00,0.00,0,0,0.00,0.00,0.00,0,0
1669090166.446359,docker0,0.00,0.00,0.00,0,0,0.00,0.00,0.00,0,0,0.00,0.00,0,0,0.00,0.00,0.00,0,0
1669090166.446369,s1-eth1,68870.00,3019012.00,3087882.00,3019012,68870,1023.00,1074.00,2097.00,1074,1023,0.00,0.00,0,0,550960.00,24152096.00,24703056.00,24152096,550960
1669090166.446384,s2-eth2,64116.00,4799710.00,4863826.00,4799710,64116,962.00,1003.00,1965.00,1003,962,0.00,0.00,0,0,512928.00,38397680.00,38910608.00,38397680,512928
1669090166.446399,s2-eth3,72204.00,4062434.00,4134638.00,4062434,72204,1094.00,1109.00,2203.00,1109,1094,0.00,0.00,0,0,577632.00,32499472.00,33077104.00,32499472,577632
1669090166.446460,s1-eth3,12079148.00,205190.00,12284338.00,205190,12079148,3246.00,3079.00,6325.00,3079,3246,0.00,0.00,0,0,96633184.00,1641520.00,98274704.00,1641520,96633184
1669090166.446477,s1-eth2,136452.00,8868134.00,9004586.00,8868134,136452,2058.00,2115.00,4173.00,2115,2058,0.00,0.00,0,0,1091616.00,70945072.00,72036688.00,70945072,1091616
1669090166.446492,s2-eth1,8868134.00,136452.00,9004586.00,136452,8868134,2115.00,2058.00,4173.00,2058,2115,0.00,0.00,0,0,70945072.00,1091616.00,72036688.00,1091616,70945072
1669090166.446516,total,21288924.00,21090932.00,42379856.00,21090932,21288924,10498.00,10438.00,20936.00,10438,10498,0.00,0.00,0,0,170311392.00,168727456.00,339038848.00,168727456,170311392
1669090167.446871,lo,0.00,0.00,0.00,0,0,0.00,0.00,0.00,0,0,0.00,0.00,0,0,0.00,0.00,0.00,0,0
1669090167.446921,eth0,0.00,0.00,0.00,0,0,0.00,0.00,0.00,0,0,0.00,0.00,0,0,0.00,0.00,0.00,0,0
1669090167.446934,docker0,0.00,0.00,0.00,0,0,0.00,0.00,0.00,0,0,0.00,0.00,0,0,0.00,0.00,0.00,0,0
1669090167.446963,s1-eth1,65538.00,3040530.00,3106068.00,3040530,65538,993.00,1049.00,2042.00,1049,993,0.00,0.00,0,0,524304.00,24324240.00,24848544.00,24324240,524304
1669090167.446977,s2-eth2,63624.00,4269078.00,4332702.00,4269078,63624,964.00,971.00,1935.00,971,964,0.00,0.00,0,0,508992.00,34152624.00,34661616.00,34152624,508992
1669090167.446991,s2-eth3,71808.00,4833360.00,4905168.00,4833360,71808,1088.00,1096.00,2184.00,1096,1088,0.00,0.00,0,0,574464.00,38666880.00,39241344.00,38666880,574464
1669090167.447038,s1-eth3,12060362.00,200970.00,12261332.00,200970,12060362,3093.00,3045.00,6138.00,3045,3093,0.00,0.00,0,0,96482896.00,1607760.00,98090656.00,1607760,96482896
1669090167.447053,s1-eth2,135366.00,9098028.00,9233394.00,9098028,135366,2051.00,2066.00,4117.00,2066,2051,0.00,0.00,0,0,1082928.00,72784224.00,73867152.00,72784224,1082928
1669090167.447067,s2-eth1,9098028.00,135366.00,9233394.00,135366,9098028,2066.00,2051.00,4117.00,2051,2066,0.00,0.00,0,0,72784224.00,1082928.00,73867152.00,1082928,72784224
1669090167.447091,total,21494726.00,21577332.00,43072056.00,21577332,21494726,10255.00,10278.00,20533.00,10278,10255,0.00,0.00,0,0,171957808.00,172618656.00,344576448.00,172618656,171957808
1669090168.447377,lo,338.00,338.00,676.00,338,338,6.00,6.00,12.00,6,6,0.00,0.00,0,0,2704.00,2704.00,5408.00,2704,2704
1669090168.447425,eth0,206.00,208.00,414.00,208,206,3.00,3.00,6.00,3,3,0.00,0.00,0,0,1648.00,1664.00,3312.00,1664,1648
1669090168.447439,docker0,0.00,0.00,0.00,0,0,0.00,0.00,0.00,0,0,0.00,0.00,0,0,0.00,0.00,0.00,0,0
1669090168.447449,s1-eth1,68508.00,3169410.00,3237918.00,3169410,68508,1038.00,1093.00,2131.00,1093,1038,0.00,0.00,0,0,548064.00,25355280.00,25903344.00,25355280,548064
1669090168.447464,s2-eth2,63690.00,4295340.00,4359030.00,4295340,63690,965.00,974.00,1939.00,974,965,0.00,0.00,0,0,509520.00,34362720.00,34872240.00,34362720,509520
1669090168.447478,s2-eth3,69498.00,4666044.00,4735542.00,4666044,69498,1053.00,1062.00,2115.00,1062,1053,0.00,0.00,0,0,555984.00,37328352.00,37884336.00,37328352,555984
1669090168.447508,s1-eth3,12051216.00,201696.00,12252912.00,201696,12051216,3108.00,3056.00,6164.00,3056,3108,0.00,0.00,0,0,96409728.00,1613568.00,98023296.00,1613568,96409728
1669090168.447523,s1-eth2,133254.00,8961384.00,9094638.00,8961384,133254,2019.00,2036.00,4055.00,2036,2019,0.00,0.00,0,0,1066032.00,71691072.00,72757104.00,71691072,1066032
1669090168.447538,s2-eth1,8961384.00,133254.00,9094638.00,133254,8961384,2036.00,2019.00,4055.00,2019,2036,0.00,0.00,0,0,71691072.00,1066032.00,72757104.00,1066032,71691072
1669090168.447562,total,21348094.00,21427674.00,42775768.00,21427674,21348094,10228.00,10249.00,20477.00,10249,10228,0.00,0.00,0,0,170784752.00,171421392.00,342206144.00,171421392,170784752
1669090169.447831,lo,110.00,110.00,220.00,110,110,2.00,2.00,4.00,2,2,0.00,0.00,0,0,880.00,880.00,1760.00,880,880
1669090169.447876,eth0,98.00,40.00,138.00,40,98,1.00,1.00,2.00,1,1,0.00,0.00,0,0,784.00,320.00,1104.00,320,784
1669090169.447890,docker0,0.00,0.00,0.00,0,0,0.00,0.00,0.00,0,0,0.00,0.00,0,0,0.00,0.00,0.00,0,0
1669090169.447901,s1-eth1,71412.00,3313166.00,3384578.00,3313166,71412,1082.00,1143.00,2225.00,1143,1082,0.00,0.00,0,0,571296.00,26505328.00,27076624.00,26505328,571296
1669090169.447916,s2-eth2,62832.00,4224978.00,4287810.00,4224978,62832,952.00,961.00,1913.00,961,952,0.00,0.00,0,0,502656.00,33799824.00,34302480.00,33799824,502656
1669090169.447930,s2-eth3,68508.00,4599630.00,4668138.00,4599630,68508,1038.00,1043.00,2081.00,1043,1038,0.00,0.00,0,0,548064.00,36797040.00,37345104.00,36797040,548064
1669090169.447966,s1-eth3,12064054.00,202818.00,12266872.00,202818,12064054,3127.00,3073.00,6200.00,3073,3127,0.00,0.00,0,0,96512432.00,1622544.00,98134976.00,1622544,96512432
1669090169.447981,s1-eth2,131274.00,8824608.00,8955882.00,8824608,131274,1989.00,2004.00,3993.00,2004,1989,0.00,0.00,0,0,1050192.00,70596864.00,71647056.00,70596864,1050192
1669090169.447995,s2-eth1,8824608.00,131274.00,8955882.00,131274,8824608,2004.00,1989.00,3993.00,1989,2004,0.00,0.00,0,0,70596864.00,1050192.00,71647056.00,1050192,70596864
1669090169.448037,total,21222896.00,21296624.00,42519520.00,21296624,21222896,10195.00,10216.00,20411.00,10216,10195,0.00,0.00,0,0,169783168.00,170372992.00,340156160.00,170372992,169783168
1669090170.448365,lo,344.00,344.00,688.00,344,344,6.00,6.00,12.00,6,6,0.00,0.00,0,0,2752.00,2752.00,5504.00,2752,2752
1669090170.448415,eth0,0.00,0.00,0.00,0,0,0.00,0.00,0.00,0,0,0.00,0.00,0,0,0.00,0.00,0.00,0,0
1669090170.448427,docker0,0.00,0.00,0.00,0,0,0.00,0.00,0.00,0,0,0.00,0.00,0,0,0.00,0.00,0.00,0,0
1669090170.448438,s1-eth1,66348.00,2973724.00,3040072.00,2973724,66348,994.00,1046.00,2040.00,1046,994,0.00,0.00,0,0,530784.00,23789792.00,24320576.00,23789792,530784
1669090170.448452,s2-eth2,65736.00,4979196.00,5044932.00,4979196,65736,996.00,1002.00,1998.00,1002,996,0.00,0.00,0,0,525888.00,39833568.00,40359456.00,39833568,525888
1669090170.448467,s2-eth3,69186.00,3935006.00,4004192.00,3935006,69186,1039.00,1087.00,2126.00,1087,1039,0.00,0.00,0,0,553488.00,31480048.00,32033536.00,31480048,553488
1669090170.448519,s1-eth3,12080716.00,201270.00,12281986.00,201270,12080716,3182.00,3029.00,6211.00,3029,3182,0.00,0.00,0,0,96645728.00,1610160.00,98255888.00,1610160,96645728
1669090170.448536,s1-eth2,134922.00,8915584.00,9050506.00,8915584,134922,2035.00,2088.00,4123.00,2088,2035,0.00,0.00,0,0,1079376.00,71324672.00,72404048.00,71324672,1079376
1669090170.448551,s2-eth1,8915584.00,134922.00,9050506.00,134922,8915584,2088.00,2035.00,4123.00,2035,2088,0.00,0.00,0,0,71324672.00,1079376.00,72404048.00,1079376,71324672
1669090170.448575,total,21332836.00,21140046.00,42472880.00,21140046,21332836,10340.00,10293.00,20633.00,10293,10340,0.00,0.00,0,0,170662688.00,169120368.00,339783040.00,169120368,170662688
1669090171.448839,lo,0.00,0.00,0.00,0,0,0.00,0.00,0.00,0,0,0.00,0.00,0,0,0.00,0.00,0.00,0,0
1669090171.448894,eth0,0.00,0.00,0.00,0,0,0.00,0.00,0.00,0,0,0.00,0.00,0,0,0.00,0.00,0.00,0,0
1669090171.448907,docker0,0.00,0.00,0.00,0,0,0.00,0.00,0.00,0,0,0.00,0.00,0,0,0.00,0.00,0.00,0,0
1669090171.448917,s1-eth1,59796.00,2773818.00,2833614.00,2773818,59796,906.00,957.00,1863.00,957,906,0.00,0.00,0,0,478368.00,22190544.00,22668912.00,22190544,478368
1669090171.448933,s2-eth2,65340.00,5964970.00,6030310.00,5964970,65340,990.00,1085.00,2075.00,1085,990,0.00,0.00,0,0,522720.00,47719760.00,48242480.00,47719760,522720
1669090171.448947,s2-eth3,74052.00,3431712.00,3505764.00,3431712,74052,1122.00,1184.00,2306.00,1184,1122,0.00,0.00,0,0,592416.00,27453696.00,28046112.00,27453696,592416
1669090171.448977,s1-eth3,12079338.00,199254.00,12278592.00,199254,12079338,3205.00,3019.00,6224.00,3019,3205,0.00,0.00,0,0,96634704.00,1594032.00,98228736.00,1594032,96634704
1669090171.448993,s1-eth2,139458.00,9393720.00,9533178.00,9393720,139458,2113.00,2268.00,4381.00,2268,2113,0.00,0.00,0,0,1115664.00,75149760.00,76265424.00,75149760,1115664
1669090171.449007,s2-eth1,9393720.00,139458.00,9533178.00,139458,9393720,2268.00,2113.00,4381.00,2113,2268,0.00,0.00,0,0,75149760.00,1115664.00,76265424.00,1115664,75149760
1669090171.449031,total,21811704.00,21902932.00,43714636.00,21902932,21811704,10604.00,10626.00,21230.00,10626,10604,0.00,0.00,0,0,174493632.00,175223456.00,349717088.00,175223456,174493632
1669090172.449313,lo,0.00,0.00,0.00,0,0,0.00,0.00,0.00,0,0,0.00,0.00,0,0,0.00,0.00,0.00,0,0
1669090172.449364,eth0,0.00,0.00,0.00,0,0,0.00,0.00,0.00,0,0,0.00,0.00,0,0,0.00,0.00,0.00,0,0
1669090172.449376,docker0,0.00,0.00,0.00,0,0,0.00,0.00,0.00,0,0,0.00,0.00,0,0,0.00,0.00,0.00,0,0
1669090172.449387,s1-eth1,62964.00,2919022.00,2981986.00,2919022,62964,954.00,1007.00,1961.00,1007,954,0.00,0.00,0,0,503712.00,23352176.00,23855888.00,23352176,503712
1669090172.449402,s2-eth2,63162.00,5749540.00,5812702.00,5749540,63162,957.00,1046.00,2003.00,1046,957,0.00,0.00,0,0,505296.00,45996320.00,46501616.00,45996320,505296
1669090172.449417,s2-eth3,75372.00,3496876.00,3572248.00,3496876,75372,1142.00,1206.00,2348.00,1206,1142,0.00,0.00,0,0,602976.00,27975008.00,28577984.00,27975008,602976
1669090172.449467,s1-eth3,12084016.00,201498.00,12285514.00,201498,12084016,3232.00,3053.00,6285.00,3053,3232,0.00,0.00,0,0,96672128.00,1611984.00,98284112.00,1611984,96672128
1669090172.449486,s1-eth2,138600.00,9245100.00,9383700.00,9245100,138600,2100.00,2254.00,4354.00,2254,2100,0.00,0.00,0,0,1108800.00,73960800.00,75069600.00,73960800,1108800
1669090172.449500,s2-eth1,9245100.00,138600.00,9383700.00,138600,9245100,2254.00,2100.00,4354.00,2100,2254,0.00,0.00,0,0,73960800.00,1108800.00,75069600.00,1108800,73960800
1669090172.449523,total,21669214.00,21750636.00,43419848.00,21750636,21669214,10639.00,10666.00,21305.00,10666,10639,0.00,0.00,0,0,173353712.00,174005088.00,347358784.00,174005088,173353712
1669090173.449822,lo,338.00,338.00,676.00,338,338,6.00,6.00,12.00,6,6,0.00,0.00,0,0,2704.00,2704.00,5408.00,2704,2704
1669090173.449872,eth0,206.00,208.00,414.00,208,206,3.00,3.00,6.00,3,3,0.00,0.00,0,0,1648.00,1664.00,3312.00,1664,1648
1669090173.449886,docker0,0.00,0.00,0.00,0,0,0.00,0.00,0.00,0,0,0.00,0.00,0,0,0.00,0.00,0.00,0,0
1669090173.449896,s1-eth1,61008.00,2729260.00,2790268.00,2729260,61008,914.00,962.00,1876.00,962,914,0.00,0.00,0,0,488064.00,21834080.00,22322144.00,21834080,488064
1669090173.449911,s2-eth2,60634.00,4809116.00,4869750.00,4809116,60634,905.00,970.00,1875.00,970,905,0.00,0.00,0,0,485072.00,38472928.00,38958000.00,38472928,485072
1669090173.449925,s2-eth3,75306.00,4348688.00,4423994.00,4348688,75306,1141.00,1168.00,2309.00,1168,1141,0.00,0.00,0,0,602448.00,34789504.00,35391952.00,34789504,602448
1669090173.449989,s1-eth3,12081372.00,196750.00,12278122.00,196750,12081372,3170.00,2957.00,6127.00,2957,3170,0.00,0.00,0,0,96650976.00,1574000.00,98224976.00,1574000,96650976
1669090173.450006,s1-eth2,135742.00,9162148.00,9297890.00,9162148,135742,2043.00,2138.00,4181.00,2138,2043,0.00,0.00,0,0,1085936.00,73297184.00,74383120.00,73297184,1085936
1669090173.450021,s2-eth1,9162148.00,135742.00,9297890.00,135742,9162148,2138.00,2043.00,4181.00,2043,2138,0.00,0.00,0,0,73297184.00,1085936.00,74383120.00,1085936,73297184
1669090173.450045,total,21576754.00,21382250.00,42959004.00,21382250,21576754,10320.00,10247.00,20567.00,10247,10320,0.00,0.00,0,0,172614032.00,171058000.00,343672032.00,171058000,172614032
1669090174.450372,lo,110.00,110.00,220.00,110,110,2.00,2.00,4.00,2,2,0.00,0.00,0,0,880.00,880.00,1760.00,880,880
1669090174.450437,eth0,98.00,40.00,138.00,40,98,1.00,1.00,2.00,1,1,0.00,0.00,0,0,784.00,320.00,1104.00,320,784
1669090174.450450,docker0,0.00,0.00,0.00,0,0,0.00,0.00,0.00,0,0,0.00,0.00,0,0,0.00,0.00,0.00,0,0
1669090174.450461,s1-eth1,57156.00,2653758.00,2710914.00,2653758,57156,866.00,915.00,1781.00,915,866,0.00,0.00,0,0,457248.00,21230064.00,21687312.00,21230064,457248
1669090174.450475,s2-eth2,63294.00,4242486.00,4305780.00,4242486,63294,959.00,963.00,1922.00,963,959,0.00,0.00,0,0,506352.00,33939888.00,34446240.00,33939888,506352
1669090174.450489,s2-eth3,57354.00,5245356.00,5302710.00,5245356,57354,869.00,954.00,1823.00,954,869,0.00,0.00,0,0,458832.00,41962848.00,42421680.00,41962848,458832
1669090174.450519,s1-eth3,12062220.00,177870.00,12240090.00,177870,12062220,2814.00,2695.00,5509.00,2695,2814,0.00,0.00,0,0,96497760.00,1422960.00,97920720.00,1422960,96497760
1669090174.450534,s1-eth2,120780.00,9490804.00,9611584.00,9490804,120780,1830.00,1918.00,3748.00,1918,1830,0.00,0.00,0,0,966240.00,75926432.00,76892672.00,75926432,966240
1669090174.450548,s2-eth1,9490804.00,120780.00,9611584.00,120780,9490804,1918.00,1830.00,3748.00,1830,1918,0.00,0.00,0,0,75926432.00,966240.00,76892672.00,966240,75926432
1669090174.450594,total,21851816.00,21931204.00,43783020.00,21931204,21851816,9259.00,9278.00,18537.00,9278,9259,0.00,0.00,0,0,174814528.00,175449632.00,350264160.00,175449632,174814528
1669090175.450894,lo,344.00,344.00,688.00,344,344,6.00,6.00,12.00,6,6,0.00,0.00,0,0,2752.00,2752.00,5504.00,2752,2752
1669090175.450942,eth0,0.00,0.00,0.00,0,0,0.00,0.00,0.00,0,0,0.00,0.00,0,0,0.00,0.00,0.00,0,0
1669090175.451006,docker0,0.00,0.00,0.00,0,0,0.00,0.00,0.00,0,0,0.00,0.00,0,0,0.00,0.00,0.00,0,0
1669090175.451018,s1-eth1,62370.00,2901250.00,2963620.00,2901250,62370,945.00,1001.00,1946.00,1001,945,0.00,0.00,0,0,498960.00,23210000.00,23708960.00,23210000,498960
1669090175.451051,s2-eth2,61710.00,4163040.00,4224750.00,4163040,61710,935.00,944.00,1879.00,944,935,0.00,0.00,0,0,493680.00,33304320.00,33798000.00,33304320,493680
1669090175.451065,s2-eth3,56100.00,5084294.00,5140394.00,5084294,56100,850.00,927.00,1777.00,927,850,0.00,0.00,0,0,448800.00,40674352.00,41123152.00,40674352,448800
1669090175.451095,s1-eth3,12061568.00,180180.00,12241748.00,180180,12061568,2848.00,2730.00,5578.00,2730,2848,0.00,0.00,0,0,96492544.00,1441440.00,97933984.00,1441440,96492544
1669090175.451138,s1-eth2,117810.00,9240028.00,9357838.00,9240028,117810,1785.00,1870.00,3655.00,1870,1785,0.00,0.00,0,0,942480.00,73920224.00,74862704.00,73920224,942480
1669090175.451153,s2-eth1,9240028.00,117810.00,9357838.00,117810,9240028,1870.00,1785.00,3655.00,1785,1870,0.00,0.00,0,0,73920224.00,942480.00,74862704.00,942480,73920224
1669090175.451177,total,21599930.00,21686946.00,43286876.00,21686946,21599930,9239.00,9263.00,18502.00,9263,9239,0.00,0.00,0,0,172799440.00,173495568.00,346295008.00,173495568,172799440
1669090176.451486,lo,0.00,0.00,0.00,0,0,0.00,0.00,0.00,0,0,0.00,0.00,0,0,0.00,0.00,0.00,0,0
1669090176.451530,eth0,0.00,0.00,0.00,0,0,0.00,0.00,0.00,0,0,0.00,0.00,0,0,0.00,0.00,0.00,0,0
1669090176.451543,docker0,0.00,0.00,0.00,0,0,0.00,0.00,0.00,0,0,0.00,0.00,0,0,0.00,0.00,0.00,0,0
1669090176.451554,s1-eth1,64416.00,2979776.00,3044192.00,2979776,64416,976.00,1028.00,2004.00,1028,976,0.00,0.00,0,0,515328.00,23838208.00,24353536.00,23838208,515328
1669090176.451569,s2-eth2,62106.00,4176402.00,4238508.00,4176402,62106,941.00,949.00,1890.00,949,941,0.00,0.00,0,0,496848.00,33411216.00,33908064.00,33411216,496848
1669090176.451614,s2-eth3,64878.00,4973936.00,5038814.00,4973936,64878,983.00,1032.00,2015.00,1032,983,0.00,0.00,0,0,519024.00,39791488.00,40310512.00,39791488,519024
1669090176.451645,s1-eth3,12060144.00,191466.00,12251610.00,191466,12060144,2980.00,2901.00,5881.00,2901,2980,0.00,0.00,0,0,96481152.00,1531728.00,98012880.00,1531728,96481152
1669090176.451660,s1-eth2,126984.00,9153234.00,9280218.00,9153234,126984,1924.00,1981.00,3905.00,1981,1924,0.00,0.00,0,0,1015872.00,73225872.00,74241744.00,73225872,1015872
1669090176.451675,s2-eth1,9153234.00,126984.00,9280218.00,126984,9153234,1981.00,1924.00,3905.00,1924,1981,0.00,0.00,0,0,73225872.00,1015872.00,74241744.00,1015872,73225872
1669090176.451700,total,21531762.00,21601798.00,43133560.00,21601798,21531762,9785.00,9815.00,19600.00,9815,9785,0.00,0.00,0,0,172254096.00,172814384.00,345068480.00,172814384,172254096
1669090177.451978,lo,0.00,0.00,0.00,0,0,0.00,0.00,0.00,0,0,0.00,0.00,0,0,0.00,0.00,0.00,0,0
1669090177.452053,eth0,0.00,0.00,0.00,0,0,0.00,0.00,0.00,0,0,0.00,0.00,0,0,0.00,0.00,0.00,0,0
1669090177.452066,docker0,0.00,0.00,0.00,0,0,0.00,0.00,0.00,0,0,0.00,0.00,0,0,0.00,0.00,0.00,0,0
1669090177.452078,s1-eth1,69168.00,3576030.00,3645198.00,3576030,69168,1048.00,1067.00,2115.00,1067,1048,0.00,0.00,0,0,553344.00,28608240.00,29161584.00,28608240,553344
1669090177.452094,s2-eth2,61500.00,3735290.00,3796790.00,3735290,61500,924.00,957.00,1881.00,957,924,0.00,0.00,0,0,492000.00,29882320.00,30374320.00,29882320,492000
1669090177.452110,s2-eth3,70266.00,4527234.00,4597500.00,4527234,70266,1055.00,1065.00,2120.00,1065,1055,0.00,0.00,0,0,562128.00,36217872.00,36780000.00,36217872,562128
1669090177.452143,s1-eth3,12068864.00,200934.00,12269798.00,200934,12068864,3156.00,3027.00,6183.00,3027,3156,0.00,0.00,0,0,96550912.00,1607472.00,98158384.00,1607472,96550912
1669090177.452174,s1-eth2,131766.00,8266934.00,8398700.00,8266934,131766,1979.00,2023.00,4002.00,2023,1979,0.00,0.00,0,0,1054128.00,66135472.00,67189600.00,66135472,1054128
1669090177.452191,s2-eth1,8266934.00,131766.00,8398700.00,131766,8266934,2023.00,1979.00,4002.00,1979,2023,0.00,0.00,0,0,66135472.00,1054128.00,67189600.00,1054128,66135472
1669090177.452217,total,20668498.00,20438188.00,41106688.00,20438188,20668498,10185.00,10118.00,20303.00,10118,10185,0.00,0.00,0,0,165347984.00,163505504.00,328853504.00,163505504,165347984
1669090178.452459,lo,338.00,338.00,676.00,338,338,6.00,6.00,12.00,6,6,0.00,0.00,0,0,2704.00,2704.00,5408.00,2704,2704
1669090178.452564,eth0,206.00,208.00,414.00,208,206,3.00,3.00,6.00,3,3,0.00,0.00,0,0,1648.00,1664.00,3312.00,1664,1648
1669090178.452579,docker0,0.00,0.00,0.00,0,0,0.00,0.00,0.00,0,0,0.00,0.00,0,0,0.00,0.00,0.00,0,0
1669090178.452589,s1-eth1,66000.00,4951626.00,5017626.00,4951626,66000,1000.00,1045.00,2045.00,1045,1000,0.00,0.00,0,0,528000.00,39613008.00,40141008.00,39613008,528000
1669090178.452603,s2-eth2,73128.00,3385768.00,3458896.00,3385768,73128,1108.00,1168.00,2276.00,1168,1108,0.00,0.00,0,0,585024.00,27086144.00,27671168.00,27086144,585024
1669090178.452617,s2-eth3,56760.00,3819060.00,3875820.00,3819060,56760,860.00,866.00,1726.00,866,860,0.00,0.00,0,0,454080.00,30552480.00,31006560.00,30552480,454080
1669090178.452663,s1-eth3,12065948.00,195822.00,12261770.00,195822,12065948,3046.00,2967.00,6013.00,2967,3046,0.00,0.00,0,0,96527584.00,1566576.00,98094160.00,1566576,96527584
1669090178.452680,s1-eth2,129822.00,7200352.00,7330174.00,7200352,129822,1967.00,2032.00,3999.00,2032,1967,0.00,0.00,0,0,1038576.00,57602816.00,58641392.00,57602816,1038576
1669090178.452695,s2-eth1,7200352.00,129822.00,7330174.00,129822,7200352,2032.00,1967.00,3999.00,1967,2032,0.00,0.00,0,0,57602816.00,1038576.00,58641392.00,1038576,57602816
1669090178.452719,total,19592554.00,19682996.00,39275552.00,19682996,19592554,10022.00,10054.00,20076.00,10054,10022,0.00,0.00,0,0,156740432.00,157463968.00,314204416.00,157463968,156740432
1669090179.453064,lo,110.00,110.00,220.00,110,110,2.00,2.00,4.00,2,2,0.00,0.00,0,0,880.00,880.00,1760.00,880,880
1669090179.453114,eth0,188.00,116.00,304.00,116,188,2.00,2.00,4.00,2,2,0.00,0.00,0,0,1504.00,928.00,2432.00,928,1504
1669090179.453128,docker0,0.00,0.00,0.00,0,0,0.00,0.00,0.00,0,0,0.00,0.00,0,0,0.00,0.00,0.00,0,0
1669090179.453139,s1-eth1,72402.00,4864230.00,4936632.00,4864230,72402,1097.00,1103.00,2200.00,1103,1097,0.00,0.00,0,0,579216.00,38913840.00,39493056.00,38913840,579216
1669090179.453182,s2-eth2,73128.00,3379844.00,3452972.00,3379844,73128,1108.00,1166.00,2274.00,1166,1108,0.00,0.00,0,0,585024.00,27038752.00,27623776.00,27038752,585024
1669090179.453201,s2-eth3,57816.00,3898572.00,3956388.00,3898572,57816,876.00,886.00,1762.00,886,876,0.00,0.00,0,0,462528.00,31188576.00,31651104.00,31188576,462528
1669090179.453233,s1-eth3,12066030.00,203412.00,12269442.00,203412,12066030,3135.00,3082.00,6217.00,3082,3135,0.00,0.00,0,0,96528240.00,1627296.00,98155536.00,1627296,96528240
1669090179.453248,s1-eth2,131010.00,7278482.00,7409492.00,7278482,131010,1985.00,2053.00,4038.00,2053,1985,0.00,0.00,0,0,1048080.00,58227856.00,59275936.00,58227856,1048080
1669090179.453262,s2-eth1,7278482.00,131010.00,7409492.00,131010,7278482,2053.00,1985.00,4038.00,1985,2053,0.00,0.00,0,0,58227856.00,1048080.00,59275936.00,1048080,58227856
1669090179.453286,total,19679166.00,19755776.00,39434944.00,19755776,19679166,10258.00,10279.00,20537.00,10279,10258,0.00,0.00,0,0,157433328.00,158046208.00,315479552.00,158046208,157433328
1669090180.453571,lo,344.00,344.00,688.00,344,344,6.00,6.00,12.00,6,6,0.00,0.00,0,0,2752.00,2752.00,5504.00,2752,2752
1669090180.453666,eth0,0.00,0.00,0.00,0,0,0.00,0.00,0.00,0,0,0.00,0.00,0,0,0.00,0.00,0.00,0,0
1669090180.453678,docker0,0.00,0.00,0.00,0,0,0.00,0.00,0.00,0,0,0.00,0.00,0,0,0.00,0.00,0.00,0,0
1669090180.453689,s1-eth1,71214.00,4784982.00,4856196.00,4784982,71214,1079.00,1087.00,2166.00,1087,1079,0.00,0.00,0,0,569712.00,38279856.00,38849568.00,38279856,569712
1669090180.453704,s2-eth2,75636.00,3505762.00,3581398.00,3505762,75636,1146.00,1209.00,2355.00,1209,1146,0.00,0.00,0,0,605088.00,28046096.00,28651184.00,28046096,605088
1669090180.453718,s2-eth3,57420.00,3854538.00,3911958.00,3854538,57420,870.00,877.00,1747.00,877,870,0.00,0.00,0,0,459360.00,30836304.00,31295664.00,30836304,459360
1669090180.453748,s1-eth3,12075840.00,204204.00,12280044.00,204204,12075840,3152.00,3094.00,6246.00,3094,3152,0.00,0.00,0,0,96606720.00,1633632.00,98240352.00,1633632,96606720
1669090180.453781,s1-eth2,133056.00,7360300.00,7493356.00,7360300,133056,2016.00,2086.00,4102.00,2086,2016,0.00,0.00,0,0,1064448.00,58882400.00,59946848.00,58882400,1064448
1669090180.453796,s2-eth1,7360300.00,133056.00,7493356.00,133056,7360300,2086.00,2016.00,4102.00,2016,2086,0.00,0.00,0,0,58882400.00,1064448.00,59946848.00,1064448,58882400
1669090180.453820,total,19773810.00,19843186.00,39616996.00,19843186,19773810,10355.00,10375.00,20730.00,10375,10355,0.00,0.00,0,0,158190480.00,158745488.00,316935968.00,158745488,158190480
1669090181.454088,lo,0.00,0.00,0.00,0,0,0.00,0.00,0.00,0,0,0.00,0.00,0,0,0.00,0.00,0.00,0,0
1669090181.454134,eth0,0.00,0.00,0.00,0,0,0.00,0.00,0.00,0,0,0.00,0.00,0,0,0.00,0.00,0.00,0,0
1669090181.454146,docker0,0.00,0.00,0.00,0,0,0.00,0.00,0.00,0,0,0.00,0.00,0,0,0.00,0.00,0.00,0,0
1669090181.454157,s1-eth1,72622.00,4209998.00,4282620.00,4209998,72622,1079.00,1107.00,2186.00,1107,1079,0.00,0.00,0,0,580976.00,33679984.00,34260960.00,33679984,580976
1669090181.454173,s2-eth2,73260.00,4358292.00,4431552.00,4358292,73260,1110.00,1138.00,2248.00,1138,1110,0.00,0.00,0,0,586080.00,34866336.00,35452416.00,34866336,586080
1669090181.454188,s2-eth3,59028.00,3292788.00,3351816.00,3292788,59028,886.00,922.00,1808.00,922,886,0.00,0.00,0,0,472224.00,26342304.00,26814528.00,26342304,472224
1669090181.454217,s1-eth3,12070654.00,205042.00,12275696.00,205042,12070654,3227.00,3077.00,6304.00,3077,3227,0.00,0.00,0,0,96565232.00,1640336.00,98205568.00,1640336,96565232
1669090181.454232,s1-eth2,132354.00,7653976.00,7786330.00,7653976,132354,1997.00,2060.00,4057.00,2060,1997,0.00,0.00,0,0,1058832.00,61231808.00,62290640.00,61231808,1058832
1669090181.454246,s2-eth1,7653976.00,132354.00,7786330.00,132354,7653976,2060.00,1997.00,4057.00,1997,2060,0.00,0.00,0,0,61231808.00,1058832.00,62290640.00,1058832,61231808
1669090181.454271,total,20061894.00,19852450.00,39914344.00,19852450,20061894,10359.00,10301.00,20660.00,10301,10359,0.00,0.00,0,0,160495152.00,158819600.00,319314752.00,158819600,160495152
1669090182.454569,lo,0.00,0.00,0.00,0,0,0.00,0.00,0.00,0,0,0.00,0.00,0,0,0.00,0.00,0.00,0,0
1669090182.454619,eth0,0.00,0.00,0.00,0,0,0.00,0.00,0.00,0,0,0.00,0.00,0,0,0.00,0.00,0.00,0,0
1669090182.454631,docker0,0.00,0.00,0.00,0,0,0.00,0.00,0.00,0,0,0.00,0.00,0,0,0.00,0.00,0.00,0,0
1669090182.454642,s1-eth1,61116.00,4863142.00,4924258.00,4863142,61116,926.00,911.00,1837.00,911,926,0.00,0.00,0,0,488928.00,38905136.00,39394064.00,38905136,488928
1669090182.454657,s2-eth2,36630.00,3064662.00,3101292.00,3064662,36630,555.00,559.00,1114.00,559,555,0.00,0.00,0,0,293040.00,24517296.00,24810336.00,24517296,293040
1669090182.454671,s2-eth3,67584.00,3956920.00,4024504.00,3956920,67584,1024.00,1068.00,2092.00,1068,1024,0.00,0.00,0,0,540672.00,31655360.00,32196032.00,31655360,540672
1669090182.454702,s1-eth3,12053364.00,165066.00,12218430.00,165066,12053364,2614.00,2501.00,5115.00,2501,2614,0.00,0.00,0,0,96426912.00,1320528.00,97747440.00,1320528,96426912
1669090182.454717,s1-eth2,104016.00,7021648.00,7125664.00,7021648,104016,1576.00,1628.00,3204.00,1628,1576,0.00,0.00,0,0,832128.00,56173184.00,57005312.00,56173184,832128
1669090182.454731,s2-eth1,7021648.00,104016.00,7125664.00,104016,7021648,1628.00,1576.00,3204.00,1576,1628,0.00,0.00,0,0,56173184.00,832128.00,57005312.00,832128,56173184
1669090182.454755,total,19344358.00,19175454.00,38519812.00,19175454,19344358,8323.00,8243.00,16566.00,8243,8323,0.00,0.00,0,0,154754864.00,153403632.00,308158496.00,153403632,154754864
