1669090282.176929,lo,0.00,0.00,0.00,0,0,0.00,0.00,0.00,0,0,0.00,0.00,0,0,0.00,0.00,0.00,0,0
1669090282.176986,eth0,0.00,0.00,0.00,0,0,0.00,0.00,0.00,0,0,0.00,0.00,0,0,0.00,0.00,0.00,0,0
1669090282.176998,docker0,0.00,0.00,0.00,0,0,0.00,0.00,0.00,0,0,0.00,0.00,0,0,0.00,0.00,0.00,0,0
1669090282.177012,s1-eth1,0.00,0.00,0.00,0,0,0.00,0.00,0.00,0,0,0.00,0.00,0,0,0.00,0.00,0.00,0,0
1669090282.177022,s2-eth2,0.00,0.00,0.00,0,0,0.00,0.00,0.00,0,0,0.00,0.00,0,0,0.00,0.00,0.00,0,0
1669090282.177031,s2-eth3,0.00,0.00,0.00,0,0,0.00,0.00,0.00,0,0,0.00,0.00,0,0,0.00,0.00,0.00,0,0
1669090282.177057,s1-eth3,0.00,0.00,0.00,0,0,0.00,0.00,0.00,0,0,0.00,0.00,0,0,0.00,0.00,0.00,0,0
1669090282.177066,s1-eth2,0.00,0.00,0.00,0,0,0.00,0.00,0.00,0,0,0.00,0.00,0,0,0.00,0.00,0.00,0,0
1669090282.177076,s2-eth1,0.00,0.00,0.00,0,0,0.00,0.00,0.00,0,0,0.00,0.00,0,0,0.00,0.00,0.00,0,0
1669090282.177100,total,0.00,0.00,0.00,0,0,0.00,0.00,0.00,0,0,0.00,0.00,0,0,0.00,0.00,0.00,0,0
1669090283.177465,lo,9548.00,9548.00,19096.00,9548,9548,72.00,72.00,144.00,72,72,0.00,0.00,0,0,76384.00,76384.00,152768.00,76384,76384
1669090283.177519,eth0,292.00,316.00,608.00,316,292,4.00,4.00,8.00,4,4,0.00,0.00,0,0,2336.00,2528.00,4864.00,2528,2336
1669090283.177533,docker0,0.00,0.00,0.00,0,0,0.00,0.00,0.00,0,0,0.00,0.00,0,0,0.00,0.00,0.00,0,0
1669090283.177543,s1-eth1,75442.00,5388616.00,5464058.00,5388616,75442,943.00,1040.00,1983.00,1040,943,0.00,0.00,0,0,603536.00,43108928.00,43712464.00,43108928,603536
1669090283.177557,s2-eth2,58364.00,3242684.00,3301048.00,3242684,58364,758.00,908.00,1666.00,908,758,0.00,0.00,0,0,466912.00,25941472.00,26408384.00,25941472,466912
1669090283.177571,s2-eth3,66254.00,3511178.00,3577432.00,3511178,66254,841.00,1027.00,1868.00,1027,841,0.00,0.00,0,0,530032.00,28089424.00,28619456.00,28089424,530032
1669090283.177638,s1-eth3,12032324.00,197470.00,12229794.00,197470,12032324,2928.00,2513.00,5441.00,2513,2928,0.00,0.00,0,0,96258592.00,1579760.00,97838352.00,1579760,96258592
1669090283.177656,s1-eth2,123104.00,6761352.00,6884456.00,6761352,123104,1582.00,1938.00,3520.00,1938,1582,0.00,0.00,0,0,984832.00,54090816.00,55075648.00,54090816,984832
1669090283.177670,s2-eth1,6761352.00,123170.00,6884522.00,123170,6761352,1938.00,1583.00,3521.00,1583,1938,0.00,0.00,0,0,54090816.00,985360.00,55076176.00,985360,54090816
1669090283.177694,total,19126680.00,19234334.00,38361016.00,19234334,19126680,9066.00,9085.00,18151.00,9085,9066,0.00,0.00,0,0,153013440.00,153874672.00,306888128.00,153874672,153013440
1669090284.177976,lo,5184.00,5184.00,10368.00,5184,5184,30.00,30.00,60.00,30,30,0.00,0.00,0,0,41472.00,41472.00,82944.00,41472,41472
1669090284.178027,eth0,4090.00,1372.00,5462.00,1372,4090,15.00,12.00,27.00,12,15,0.00,0.00,0,0,32720.00,10976.00,43696.00,10976,32720
1669090284.178043,docker0,0.00,0.00,0.00,0,0,0.00,0.00,0.00,0,0,0.00,0.00,0,0,0.00,0.00,0.00,0,0
1669090284.178055,s1-eth1,61182.00,6139964.00,6201146.00,6139964,61182,927.00,994.00,1921.00,994,927,0.00,0.00,0,0,489456.00,49119712.00,49609168.00,49119712,489456
1669090284.178070,s2-eth2,63360.00,2972338.00,3035698.00,2972338,63360,960.00,1025.00,1985.00,1025,960,0.00,0.00,0,0,506880.00,23778704.00,24285584.00,23778704,506880
1669090284.178084,s2-eth3,65010.00,3028682.00,3093692.00,3028682,65010,985.00,1045.00,2030.00,1045,985,0.00,0.00,0,0,520080.00,24229456.00,24749536.00,24229456,520080
1669090284.178163,s1-eth3,12042974.00,189552.00,12232526.00,189552,12042974,3027.00,2872.00,5899.00,2872,3027,0.00,0.00,0,0,96343792.00,1516416.00,97860208.00,1516416,96343792
1669090284.178182,s1-eth2,128436.00,6001020.00,6129456.00,6001020,128436,1946.00,2070.00,4016.00,2070,1946,0.00,0.00,0,0,1027488.00,48008160.00,49035648.00,48008160,1027488
1669090284.178197,s2-eth1,6001020.00,128370.00,6129390.00,128370,6001020,2070.00,1945.00,4015.00,1945,2070,0.00,0.00,0,0,48008160.00,1026960.00,49035120.00,1026960,48008160
1669090284.178223,total,18371256.00,18466482.00,36837736.00,18466482,18371256,9960.00,9993.00,19953.00,9993,9960,0.00,0.00,0,0,146970048.00,147731856.00,294701888.00,147731856,146970048
1669090285.178584,lo,231.00,231.00,462.00,231,231,4.00,4.00,8.00,4,4,0.00,0.00,0,0,1848.00,1848.00,3696.00,1848,1848
1669090285.178651,eth0,194.00,160.00,354.00,160,194,3.00,3.00,6.00,3,3,0.00,0.00,0,0,1552.00,1280.00,2832.00,1280,1552
1669090285.178664,docker0,0.00,0.00,0.00,0,0,0.00,0.00,0.00,0,0,0.00,0.00,0,0,0.00,0.00,0.00,0,0
1669090285.178676,s1-eth1,64020.00,5838924.00,5902944.00,5838924,64020,970.00,1062.00,2032.00,1062,970,0.00,0.00,0,0,512160.00,46711392.00,47223552.00,46711392,512160
1669090285.178690,s2-eth2,67980.00,3151638.00,3219618.00,3151638,67980,1030.00,1087.00,2117.00,1087,1030,0.00,0.00,0,0,543840.00,25213104.00,25756944.00,25213104,543840
1669090285.178736,s2-eth3,68508.00,3175334.00,3243842.00,3175334,68508,1038.00,1095.00,2133.00,1095,1038,0.00,0.00,0,0,548064.00,25402672.00,25950736.00,25402672,548064
1669090285.178771,s1-eth3,12074404.00,200376.00,12274780.00,200376,12074404,3218.00,3036.00,6254.00,3036,3218,0.00,0.00,0,0,96595232.00,1603008.00,98198240.00,1603008,96595232
1669090285.178785,s1-eth2,136488.00,6324010.00,6460498.00,6324010,136488,2068.00,2181.00,4249.00,2181,2068,0.00,0.00,0,0,1091904.00,50592080.00,51683984.00,50592080,1091904
1669090285.178798,s2-eth1,6324010.00,136488.00,6460498.00,136488,6324010,2181.00,2068.00,4249.00,2068,2181,0.00,0.00,0,0,50592080.00,1091904.00,51683984.00,1091904,50592080
1669090285.178830,total,18735836.00,18827160.00,37562996.00,18827161,18735835,10512.00,10536.00,21048.00,10536,10512,0.00,0.00,0,0,149886688.00,150617280.00,300503968.00,150617288,149886680
1669090286.179101,lo,8257.00,8257.00,16514.00,8257,8257,62.00,62.00,124.00,62,62,0.00,0.00,0,0,66056.00,66056.00,132112.00,66056,66056
1669090286.179148,eth0,5110.00,5667.00,10777.00,5667,5110,11.00,11.00,22.00,11,11,0.00,0.00,0,0,40880.00,45336.00,86216.00,45336,40880
1669090286.179163,docker0,0.00,0.00,0.00,0,0,0.00,0.00,0.00,0,0,0.00,0.00,0,0,0.00,0.00,0.00,0,0
1669090286.179174,s1-eth1,62066.00,5648594.00,5710660.00,5648594,62066,941.00,1031.00,1972.00,1031,941,0.00,0.00,0,0,496528.00,45188752.00,45685280.00,45188752,496528
1669090286.179189,s2-eth2,69598.00,3216952.00,3286550.00,3216952,69598,1055.00,1112.00,2167.00,1112,1055,0.00,0.00,0,0,556784.00,25735616.00,26292400.00,25735616,556784
1669090286.179202,s2-eth3,71508.00,3295548.00,3367056.00,3295548,71508,1084.00,1140.00,2224.00,1140,1084,0.00,0.00,0,0,572064.00,26364384.00,26936448.00,26364384,572064
1669090286.179231,s1-eth3,12082440.00,202426.00,12284866.00,202426,12082440,3252.00,3067.00,6319.00,3067,3252,0.00,0.00,0,0,96659520.00,1619408.00,98278928.00,1619408,96659520
1669090286.179245,s1-eth2,140606.00,6512416.00,6653022.00,6512416,140606,2131.00,2250.00,4381.00,2250,2131,0.00,0.00,0,0,1124848.00,52099328.00,53224176.00,52099328,1124848
1669090286.179260,s2-eth1,6512416.00,140606.00,6653022.00,140606,6512416,2250.00,2131.00,4381.00,2131,2250,0.00,0.00,0,0,52099328.00,1124848.00,53224176.00,1124848,52099328
1669090286.179283,total,18952000.00,19030466.00,37982468.00,19030466,18952001,10786.00,10804.00,21590.00,10804,10786,0.00,0.00,0,0,151616000.00,152243728.00,303859744.00,152243728,151616008
1669090287.179564,lo,1544.00,1544.00,3088.00,1544,1544,12.00,12.00,24.00,12,12,0.00,0.00,0,0,12352.00,12352.00,24704.00,12352,12352
1669090287.179612,eth0,0.00,0.00,0.00,0,0,0.00,0.00,0.00,0,0,0.00,0.00,0,0,0.00,0.00,0.00,0,0
1669090287.179624,docker0,0.00,0.00,0.00,0,0,0.00,0.00,0.00,0,0,0.00,0.00,0,0,0.00,0.00,0.00,0,0
1669090287.179634,s1-eth1,64434.00,5374306.00,5438740.00,5374306,64434,965.00,1021.00,1986.00,1021,965,0.00,0.00,0,0,515472.00,42994448.00,43509920.00,42994448,515472
1669090287.179648,s2-eth2,68776.00,3140388.00,3209164.00,3140388,68776,1034.00,1092.00,2126.00,1092,1034,0.00,0.00,0,0,550208.00,25123104.00,25673312.00,25123104,550208
1669090287.179662,s2-eth3,70784.00,3242474.00,3313258.00,3242474,70784,1064.00,1125.00,2189.00,1125,1064,0.00,0.00,0,0,566272.00,25939792.00,26506064.00,25939792,566272
1669090287.179701,s1-eth3,12075364.00,203640.00,12279004.00,203640,12075364,3320.00,3058.00,6378.00,3058,3320,0.00,0.00,0,0,96602912.00,1629120.00,98232032.00,1629120,96602912
1669090287.179729,s1-eth2,139486.00,6384380.00,6523866.00,6384380,139486,2097.00,2218.00,4315.00,2218,2097,0.00,0.00,0,0,1115888.00,51075040.00,52190928.00,51075040,1115888
1669090287.179743,s2-eth1,6384380.00,139486.00,6523866.00,139486,6384380,2218.00,2097.00,4315.00,2097,2218,0.00,0.00,0,0,51075040.00,1115888.00,52190928.00,1115888,51075040
1669090287.179767,total,18804768.00,18486218.00,37290984.00,18486218,18804768,10710.00,10623.00,21333.00,10623,10710,0.00,0.00,0,0,150438144.00,147889744.00,298327872.00,147889744,150438144
1669090288.180085,lo,229.00,229.00,458.00,229,229,4.00,4.00,8.00,4,4,0.00,0.00,0,0,1832.00,1832.00,3664.00,1832,1832
1669090288.180165,eth0,108.00,176.00,284.00,176,108,2.00,2.00,4.00,2,2,0.00,0.00,0,0,864.00,1408.00,2272.00,1408,864
1669090288.180179,docker0,0.00,0.00,0.00,0,0,0.00,0.00,0.00,0,0,0.00,0.00,0,0,0.00,0.00,0.00,0,0
1669090288.180189,s1-eth1,60192.00,5425638.00,5485830.00,5425638,60192,912.00,987.00,1899.00,987,912,0.00,0.00,0,0,481536.00,43405104.00,43886640.00,43405104,481536
1669090288.180204,s2-eth2,72798.00,3375368.00,3448166.00,3375368,72798,1103.00,1164.00,2267.00,1164,1103,0.00,0.00,0,0,582384.00,27002944.00,27585328.00,27002944,582384
1669090288.180217,s2-eth3,72864.00,3388730.00,3461594.00,3388730,72864,1104.00,1169.00,2273.00,1169,1104,0.00,0.00,0,0,582912.00,27109840.00,27692752.00,27109840,582912
1669090288.180247,s1-eth3,12078104.00,205920.00,12284024.00,205920,12078104,3296.00,3120.00,6416.00,3120,3296,0.00,0.00,0,0,96624832.00,1647360.00,98272192.00,1647360,96624832
1669090288.180270,s1-eth2,145728.00,6768574.00,6914302.00,6768574,145728,2208.00,2335.00,4543.00,2335,2208,0.00,0.00,0,0,1165824.00,54148592.00,55314416.00,54148592,1165824
1669090288.180285,s2-eth1,6768574.00,145728.00,6914302.00,145728,6768574,2335.00,2208.00,4543.00,2208,2335,0.00,0.00,0,0,54148592.00,1165824.00,55314416.00,1165824,54148592
1669090288.180308,total,19198596.00,19310364.00,38508960.00,19310363,19198597,10964.00,10989.00,21953.00,10989,10964,0.00,0.00,0,0,153588768.00,154482912.00,308071680.00,154482904,153588776
1669090289.180579,lo,110.00,110.00,220.00,110,110,2.00,2.00,4.00,2,2,0.00,0.00,0,0,880.00,880.00,1760.00,880,880
1669090289.180626,eth0,98.00,40.00,138.00,40,98,1.00,1.00,2.00,1,1,0.00,0.00,0,0,784.00,320.00,1104.00,320,784
1669090289.180640,docker0,0.00,0.00,0.00,0,0,0.00,0.00,0.00,0,0,0.00,0.00,0,0,0.00,0.00,0.00,0,0
1669090289.180650,s1-eth1,56958.00,5204350.00,5261308.00,5204350,56958,863.00,947.00,1810.00,947,863,0.00,0.00,0,0,455664.00,41634800.00,42090464.00,41634800,455664
1669090289.180677,s2-eth2,75570.00,3507276.00,3582846.00,3507276,75570,1145.00,1210.00,2355.00,1210,1145,0.00,0.00,0,0,604560.00,28058208.00,28662768.00,28058208,604560
1669090289.180691,s2-eth3,74976.00,3476142.00,3551118.00,3476142,74976,1136.00,1199.00,2335.00,1199,1136,0.00,0.00,0,0,599808.00,27809136.00,28408944.00,27809136,599808
1669090289.180721,s1-eth3,12084560.00,207504.00,12292064.00,207504,12084560,3328.00,3144.00,6472.00,3144,3328,0.00,0.00,0,0,96676480.00,1660032.00,98336512.00,1660032,96676480
1669090289.180736,s1-eth2,150546.00,6983418.00,7133964.00,6983418,150546,2281.00,2409.00,4690.00,2409,2281,0.00,0.00,0,0,1204368.00,55867344.00,57071712.00,55867344,1204368
1669090289.180749,s2-eth1,6983418.00,150546.00,7133964.00,150546,6983418,2409.00,2281.00,4690.00,2281,2409,0.00,0.00,0,0,55867344.00,1204368.00,57071712.00,1204368,55867344
1669090289.180773,total,19426236.00,19529386.00,38955624.00,19529386,19426236,11165.00,11193.00,22358.00,11193,11165,0.00,0.00,0,0,155409888.00,156235088.00,311644992.00,156235088,155409888
1669090290.181042,lo,110.00,110.00,220.00,110,110,2.00,2.00,4.00,2,2,0.00,0.00,0,0,880.00,880.00,1760.00,880,880
1669090290.181088,eth0,98.00,40.00,138.00,40,98,1.00,1.00,2.00,1,1,0.00,0.00,0,0,784.00,320.00,1104.00,320,784
1669090290.181101,docker0,0.00,0.00,0.00,0,0,0.00,0.00,0.00,0,0,0.00,0.00,0,0,0.00,0.00,0.00,0,0
1669090290.181112,s1-eth1,55440.00,5043156.00,5098596.00,5043156,55440,840.00,918.00,1758.00,918,840,0.00,0.00,0,0,443520.00,40345248.00,40788768.00,40345248,443520
1669090290.181144,s2-eth2,77418.00,3588764.00,3666182.00,3588764,77418,1173.00,1238.00,2411.00,1238,1173,0.00,0.00,0,0,619344.00,28710112.00,29329456.00,28710112,619344
1669090290.181157,s2-eth3,76428.00,3522086.00,3598514.00,3522086,76428,1158.00,1215.00,2373.00,1215,1158,0.00,0.00,0,0,611424.00,28176688.00,28788112.00,28176688,611424
1669090290.181186,s1-eth3,12083116.00,209220.00,12292336.00,209220,12083116,3350.00,3170.00,6520.00,3170,3350,0.00,0.00,0,0,96664928.00,1673760.00,98338688.00,1673760,96664928
1669090290.181200,s1-eth2,153780.00,7107888.00,7261668.00,7107888,153780,2330.00,2452.00,4782.00,2452,2330,0.00,0.00,0,0,1230240.00,56863104.00,58093344.00,56863104,1230240
1669090290.181214,s2-eth1,7107888.00,153780.00,7261668.00,153780,7107888,2452.00,2330.00,4782.00,2330,2452,0.00,0.00,0,0,56863104.00,1230240.00,58093344.00,1230240,56863104
1669090290.181237,total,19554278.00,19625044.00,39179320.00,19625044,19554278,11306.00,11326.00,22632.00,11326,11306,0.00,0.00,0,0,156434224.00,157000352.00,313434560.00,157000352,156434224
1669090291.181511,lo,0.00,0.00,0.00,0,0,0.00,0.00,0.00,0,0,0.00,0.00,0,0,0.00,0.00,0.00,0,0
1669090291.181565,eth0,0.00,0.00,0.00,0,0,0.00,0.00,0.00,0,0,0.00,0.00,0,0,0.00,0.00,0.00,0,0
1669090291.181578,docker0,0.00,0.00,0.00,0,0,0.00,0.00,0.00,0,0,0.00,0.00,0,0,0.00,0.00,0.00,0,0
1669090291.181589,s1-eth1,66318.00,4486682.00,4553000.00,4486682,66318,985.00,1021.00,2006.00,1021,985,0.00,0.00,0,0,530544.00,35893456.00,36424000.00,35893456,530544
1669090291.181604,s2-eth2,68562.00,3140582.00,3209144.00,3140582,68562,1025.00,1095.00,2120.00,1095,1025,0.00,0.00,0,0,548496.00,25124656.00,25673152.00,25124656,548496
1669090291.181618,s2-eth3,75372.00,4286886.00,4362258.00,4286886,75372,1142.00,1175.00,2317.00,1175,1142,0.00,0.00,0,0,602976.00,34295088.00,34898064.00,34295088,602976
1669090291.181648,s1-eth3,12071730.00,210054.00,12281784.00,210054,12071730,3353.00,3149.00,6502.00,3149,3353,0.00,0.00,0,0,96573840.00,1680432.00,98254272.00,1680432,96573840
1669090291.181663,s1-eth2,143802.00,7427534.00,7571336.00,7427534,143802,2165.00,2271.00,4436.00,2271,2165,0.00,0.00,0,0,1150416.00,59420272.00,60570688.00,59420272,1150416
1669090291.181676,s2-eth1,7427534.00,143802.00,7571336.00,143802,7427534,2271.00,2165.00,4436.00,2165,2271,0.00,0.00,0,0,59420272.00,1150416.00,60570688.00,1150416,59420272
1669090291.181700,total,19853318.00,19695540.00,39548856.00,19695540,19853318,10941.00,10876.00,21817.00,10876,10941,0.00,0.00,0,0,158826544.00,157564320.00,316390848.00,157564320,158826544
1669090292.181968,lo,344.00,344.00,688.00,344,344,6.00,6.00,12.00,6,6,0.00,0.00,0,0,2752.00,2752.00,5504.00,2752,2752
1669090292.182016,eth0,90.00,76.00,166.00,76,90,1.00,1.00,2.00,1,1,0.00,0.00,0,0,720.00,608.00,1328.00,608,720
1669090292.182030,docker0,0.00,0.00,0.00,0,0,0.00,0.00,0.00,0,0,0.00,0.00,0,0,0.00,0.00,0.00,0,0
1669090292.182040,s1-eth1,59004.00,3982362.00,4041366.00,3982362,59004,894.00,905.00,1799.00,905,894,0.00,0.00,0,0,472032.00,31858896.00,32330928.00,31858896,472032
1669090292.182054,s2-eth2,62436.00,2890850.00,2953286.00,2890850,62436,946.00,997.00,1943.00,997,946,0.00,0.00,0,0,499488.00,23126800.00,23626288.00,23126800,499488
1669090292.182068,s2-eth3,57816.00,5287876.00,5345692.00,5287876,57816,876.00,962.00,1838.00,962,876,0.00,0.00,0,0,462528.00,42303008.00,42765536.00,42303008,462528
1669090292.182097,s1-eth3,12064200.00,179520.00,12243720.00,179520,12064200,2844.00,2720.00,5564.00,2720,2844,0.00,0.00,0,0,96513600.00,1436160.00,97949760.00,1436160,96513600
1669090292.182112,s1-eth2,120384.00,8178726.00,8299110.00,8178726,120384,1824.00,1959.00,3783.00,1959,1824,0.00,0.00,0,0,963072.00,65429808.00,66392880.00,65429808,963072
1669090292.182126,s2-eth1,8178726.00,120384.00,8299110.00,120384,8178726,1959.00,1824.00,3783.00,1824,1959,0.00,0.00,0,0,65429808.00,963072.00,66392880.00,963072,65429808
1669090292.182163,total,20543000.00,20640138.00,41183136.00,20640138,20543000,9350.00,9374.00,18724.00,9374,9350,0.00,0.00,0,0,164344000.00,165121104.00,329465088.00,165121104,164344000
1669090293.182455,lo,228.00,228.00,456.00,228,228,4.00,4.00,8.00,4,4,0.00,0.00,0,0,1824.00,1824.00,3648.00,1824,1824
1669090293.182502,eth0,108.00,168.00,276.00,168,108,2.00,2.00,4.00,2,2,0.00,0.00,0,0,864.00,1344.00,2208.00,1344,864
1669090293.182515,docker0,0.00,0.00,0.00,0,0,0.00,0.00,0.00,0,0,0.00,0.00,0,0,0.00,0.00,0.00,0,0
1669090293.182526,s1-eth1,59268.00,3986772.00,4046040.00,3986772,59268,898.00,906.00,1804.00,906,898,0.00,0.00,0,0,474144.00,31894176.00,32368320.00,31894176,474144
1669090293.182542,s2-eth2,67782.00,3148676.00,3216458.00,3148676,67782,1027.00,1086.00,2113.00,1086,1027,0.00,0.00,0,0,542256.00,25189408.00,25731664.00,25189408,542256
1669090293.182557,s2-eth3,54912.00,5012352.00,5067264.00,5012352,54912,832.00,912.00,1744.00,912,832,0.00,0.00,0,0,439296.00,40098816.00,40538112.00,40098816,439296
1669090293.182587,s1-eth3,12069406.00,181830.00,12251236.00,181830,12069406,2879.00,2755.00,5634.00,2755,2879,0.00,0.00,0,0,96555248.00,1454640.00,98009888.00,1454640,96555248
1669090293.182602,s1-eth2,122694.00,8161028.00,8283722.00,8161028,122694,1859.00,1998.00,3857.00,1998,1859,0.00,0.00,0,0,981552.00,65288224.00,66269776.00,65288224,981552
1669090293.182615,s2-eth1,8161028.00,122694.00,8283722.00,122694,8161028,1998.00,1859.00,3857.00,1859,1998,0.00,0.00,0,0,65288224.00,981552.00,66269776.00,981552,65288224
1669090293.182639,total,20535426.00,20613748.00,41149176.00,20613748,20535426,9499.00,9522.00,19021.00,9522,9499,0.00,0.00,0,0,164283408.00,164909984.00,329193408.00,164909984,164283408
1669090294.182869,lo,110.00,110.00,220.00,110,110,2.00,2.00,4.00,2,2,0.00,0.00,0,0,880.00,880.00,1760.00,880,880
1669090294.182915,eth0,98.00,40.00,138.00,40,98,1.00,1.00,2.00,1,1,0.00,0.00,0,0,784.00,320.00,1104.00,320,784
1669090294.182928,docker0,0.00,0.00,0.00,0,0,0.00,0.00,0.00,0,0,0.00,0.00,0,0,0.00,0.00,0.00,0,0
1669090294.182939,s1-eth1,59730.00,4017642.00,4077372.00,4017642,59730,905.00,913.00,1818.00,913,905,0.00,0.00,0,0,477840.00,32141136.00,32618976.00,32141136,477840
1669090294.182993,s2-eth2,66990.00,3101284.00,3168274.00,3101284,66990,1015.00,1070.00,2085.00,1070,1015,0.00,0.00,0,0,535920.00,24810272.00,25346192.00,24810272,535920
1669090294.183011,s2-eth3,68578.00,5030614.00,5099192.00,5030614,68578,1039.00,1079.00,2118.00,1079,1039,0.00,0.00,0,0,548624.00,40244912.00,40793536.00,40244912,548624
1669090294.183040,s1-eth3,12070684.00,195228.00,12265912.00,195228,12070684,3030.00,2958.00,5988.00,2958,3030,0.00,0.00,0,0,96565472.00,1561824.00,98127296.00,1561824,96565472
1669090294.183055,s1-eth2,135498.00,8133346.00,8268844.00,8133346,135498,2053.00,2149.00,4202.00,2149,2053,0.00,0.00,0,0,1083984.00,65066768.00,66150752.00,65066768,1083984
1669090294.183069,s2-eth1,8133346.00,135498.00,8268844.00,135498,8133346,2149.00,2053.00,4202.00,2053,2149,0.00,0.00,0,0,65066768.00,1083984.00,66150752.00,1083984,65066768
1669090294.183119,total,20535034.00,20613762.00,41148796.00,20613762,20535034,10194.00,10225.00,20419.00,10225,10194,0.00,0.00,0,0,164280272.00,164910096.00,329190368.00,164910096,164280272
1669090295.183408,lo,3198.00,3198.00,6396.00,3198,3198,26.00,26.00,52.00,26,26,0.00,0.00,0,0,25584.00,25584.00,51168.00,25584,25584
1669090295.183484,eth0,98.00,40.00,138.00,40,98,1.00,1.00,2.00,1,1,0.00,0.00,0,0,784.00,320.00,1104.00,320,784
1669090295.183498,docker0,0.00,0.00,0.00,0,0,0.00,0.00,0.00,0,0,0.00,0.00,0,0,0.00,0.00,0.00,0,0
1669090295.183509,s1-eth1,61924.00,4208456.00,4270380.00,4208456,61924,938.00,930.00,1868.00,930,938,0.00,0.00,0,0,495392.00,33667648.00,34163040.00,33667648,495392
1669090295.183522,s2-eth2,71890.00,3437232.00,3509122.00,3437232,71890,1089.00,1114.00,2203.00,1114,1089,0.00,0.00,0,0,575120.00,27497856.00,28072976.00,27497856,575120
1669090295.183536,s2-eth3,68352.00,4331032.00,4399384.00,4331032,68352,1026.00,1054.00,2080.00,1054,1026,0.00,0.00,0,0,546816.00,34648256.00,35195072.00,34648256,546816
1669090295.183566,s1-eth3,12064594.00,201466.00,12266060.00,201466,12064594,3135.00,3043.00,6178.00,3043,3135,0.00,0.00,0,0,96516752.00,1611728.00,98128480.00,1611728,96516752
1669090295.183595,s1-eth2,139892.00,7766750.00,7906642.00,7766750,139892,2110.00,2167.00,4277.00,2167,2110,0.00,0.00,0,0,1119136.00,62134000.00,63253136.00,62134000,1119136
1669090295.183609,s2-eth1,7766750.00,139892.00,7906642.00,139892,7766750,2167.00,2110.00,4277.00,2110,2167,0.00,0.00,0,0,62134000.00,1119136.00,63253136.00,1119136,62134000
1669090295.183633,total,20176698.00,20088066.00,40264764.00,20088066,20176698,10492.00,10445.00,20937.00,10445,10492,0.00,0.00,0,0,161413584.00,160704528.00,322118112.00,160704528,161413584
1669090296.183977,lo,772.00,772.00,1544.00,772,772,6.00,6.00,12.00,6,6,0.00,0.00,0,0,6176.00,6176.00,12352.00,6176,6176
1669090296.184061,eth0,0.00,0.00,0.00,0,0,0.00,0.00,0.00,0,0,0.00,0.00,0,0,0.00,0.00,0.00,0,0
1669090296.184073,docker0,0.00,0.00,0.00,0,0,0.00,0.00,0.00,0,0,0.00,0.00,0,0,0.00,0.00,0.00,0,0
1669090296.184084,s1-eth1,56764.00,5025454.00,5082218.00,5025454,56764,860.00,935.00,1795.00,935,860,0.00,0.00,0,0,454112.00,40203632.00,40657744.00,40203632,454112
1669090296.184098,s2-eth2,59800.00,4004346.00,4064146.00,4004346,59800,906.00,909.00,1815.00,909,906,0.00,0.00,0,0,478400.00,32034768.00,32513168.00,32034768,478400
1669090296.184111,s2-eth3,66994.00,3101284.00,3168278.00,3101284,66994,1015.00,1070.00,2085.00,1070,1015,0.00,0.00,0,0,535952.00,24810272.00,25346224.00,24810272,535952
1669090296.184195,s1-eth3,12060070.00,183282.00,12243352.00,183282,12060070,2891.00,2777.00,5668.00,2777,2891,0.00,0.00,0,0,96480560.00,1466256.00,97946816.00,1466256,96480560
1669090296.184215,s1-eth2,126658.00,7107214.00,7233872.00,7107214,126658,1919.00,1981.00,3900.00,1981,1919,0.00,0.00,0,0,1013264.00,56857712.00,57870976.00,56857712,1013264
1669090296.184229,s2-eth1,7107214.00,126658.00,7233872.00,126658,7107214,1981.00,1919.00,3900.00,1919,1981,0.00,0.00,0,0,56857712.00,1013264.00,57870976.00,1013264,56857712
1669090296.184253,total,19478272.00,19549010.00,39027280.00,19549010,19478272,9578.00,9597.00,19175.00,9597,9578,0.00,0.00,0,0,155826176.00,156392080.00,312218240.00,156392080,155826176
1669090297.184489,lo,0.00,0.00,0.00,0,0,0.00,0.00,0.00,0,0,0.00,0.00,0,0,0.00,0.00,0.00,0,0
1669090297.184534,eth0,0.00,0.00,0.00,0,0,0.00,0.00,0.00,0,0,0.00,0.00,0,0,0.00,0.00,0.00,0,0
1669090297.184545,docker0,0.00,0.00,0.00,0,0,0.00,0.00,0.00,0,0,0.00,0.00,0,0,0.00,0.00,0.00,0,0
1669090297.184555,s1-eth1,71214.00,4949398.00,5020612.00,4949398,71214,1079.00,1099.00,2178.00,1099,1079,0.00,0.00,0,0,569712.00,39595184.00,40164896.00,39595184,569712
1669090297.184570,s2-eth2,58674.00,3947082.00,4005756.00,3947082,58674,889.00,897.00,1786.00,897,889,0.00,0.00,0,0,469392.00,31576656.00,32046048.00,31576656,469392
1669090297.184584,s2-eth3,70158.00,3242012.00,3312170.00,3242012,70158,1063.00,1118.00,2181.00,1118,1063,0.00,0.00,0,0,561264.00,25936096.00,26497360.00,25936096,561264
1669090297.184612,s1-eth3,12070432.00,200178.00,12270610.00,200178,12070432,3092.00,3033.00,6125.00,3033,3092,0.00,0.00,0,0,96563456.00,1601424.00,98164880.00,1601424,96563456
1669090297.184626,s1-eth2,128898.00,7189094.00,7317992.00,7189094,128898,1953.00,2015.00,3968.00,2015,1953,0.00,0.00,0,0,1031184.00,57512752.00,58543936.00,57512752,1031184
1669090297.184640,s2-eth1,7189094.00,128898.00,7317992.00,128898,7189094,2015.00,1953.00,3968.00,1953,2015,0.00,0.00,0,0,57512752.00,1031184.00,58543936.00,1031184,57512752
1669090297.184664,total,19588470.00,19656662.00,39245132.00,19656662,19588470,10091.00,10115.00,20206.00,10115,10091,0.00,0.00,0,0,156707760.00,157253296.00,313961056.00,157253296,156707760
1669090298.184970,lo,228.00,228.00,456.00,228,228,4.00,4.00,8.00,4,4,0.00,0.00,0,0,1824.00,1824.00,3648.00,1824,1824
1669090298.185017,eth0,108.00,168.00,276.00,168,108,2.00,2.00,4.00,2,2,0.00,0.00,0,0,864.00,1344.00,2208.00,1344,864
1669090298.185031,docker0,0.00,0.00,0.00,0,0,0.00,0.00,0.00,0,0,0.00,0.00,0,0,0.00,0.00,0.00,0,0
1669090298.185054,s1-eth1,63114.00,3018134.00,3081248.00,3018134,63114,931.00,951.00,1882.00,951,931,0.00,0.00,0,0,504912.00,24145072.00,24649984.00,24145072,504912
1669090298.185069,s2-eth2,65160.00,3782360.00,3847520.00,3782360,65160,980.00,1012.00,1992.00,1012,980,0.00,0.00,0,0,521280.00,30258880.00,30780160.00,30258880,521280
1669090298.185095,s2-eth3,69630.00,4992442.00,5062072.00,4992442,69630,1055.00,1093.00,2148.00,1093,1055,0.00,0.00,0,0,557040.00,39939536.00,40496576.00,39939536,557040
1669090298.185124,s1-eth3,12078666.00,197772.00,12276438.00,197772,12078666,3129.00,2964.00,6093.00,2964,3129,0.00,0.00,0,0,96629328.00,1582176.00,98211504.00,1582176,96629328
1669090298.185177,s1-eth2,134724.00,8767496.00,8902220.00,8767496,134724,2034.00,2104.00,4138.00,2104,2034,0.00,0.00,0,0,1077792.00,70139968.00,71217760.00,70139968,1077792
1669090298.185190,s2-eth1,8767496.00,134724.00,8902220.00,134724,8767496,2104.00,2034.00,4138.00,2034,2104,0.00,0.00,0,0,70139968.00,1077792.00,71217760.00,1077792,70139968
1669090298.185214,total,21179126.00,20893324.00,42072448.00,20893324,21179126,10239.00,10164.00,20403.00,10164,10239,0.00,0.00,0,0,169433008.00,167146592.00,336579584.00,167146592,169433008
1669090299.185511,lo,110.00,110.00,220.00,110,110,2.00,2.00,4.00,2,2,0.00,0.00,0,0,880.00,880.00,1760.00,880,880
1669090299.185557,eth0,98.00,40.00,138.00,40,98,1.00,1.00,2.00,1,1,0.00,0.00,0,0,784.00,320.00,1104.00,320,784
1669090299.185571,docker0,0.00,0.00,0.00,0,0,0.00,0.00,0.00,0,0,0.00,0.00,0,0,0.00,0.00,0.00,0,0
1669090299.185581,s1-eth1,60786.00,2827134.00,2887920.00,2827134,60786,921.00,975.00,1896.00,975,921,0.00,0.00,0,0,486288.00,22617072.00,23103360.00,22617072,486288
1669090299.185595,s2-eth2,58146.00,3727510.00,3785656.00,3727510,58146,881.00,883.00,1764.00,883,881,0.00,0.00,0,0,465168.00,29820080.00,30285248.00,29820080,465168
1669090299.185609,s2-eth3,61248.00,5605920.00,5667168.00,5605920,61248,928.00,1020.00,1948.00,1020,928,0.00,0.00,0,0,489984.00,44847360.00,45337344.00,44847360,489984
1669090299.185639,s1-eth3,12064138.00,180246.00,12244384.00,180246,12064138,2865.00,2731.00,5596.00,2731,2865,0.00,0.00,0,0,96513104.00,1441968.00,97955072.00,1441968,96513104
1669090299.185684,s1-eth2,119460.00,9334878.00,9454338.00,9334878,119460,1810.00,1903.00,3713.00,1903,1810,0.00,0.00,0,0,955680.00,74679024.00,75634704.00,74679024,955680
1669090299.185701,s2-eth1,9334878.00,119460.00,9454338.00,119460,9334878,1903.00,1810.00,3713.00,1810,1903,0.00,0.00,0,0,74679024.00,955680.00,75634704.00,955680,74679024
1669090299.185725,total,21698864.00,21795298.00,43494160.00,21795298,21698864,9311.00,9325.00,18636.00,9325,9311,0.00,0.00,0,0,173590912.00,174362384.00,347953280.00,174362384,173590912
1669090300.186014,lo,110.00,110.00,220.00,110,110,2.00,2.00,4.00,2,2,0.00,0.00,0,0,880.00,880.00,1760.00,880,880
1669090300.186065,eth0,98.00,40.00,138.00,40,98,1.00,1.00,2.00,1,1,0.00,0.00,0,0,784.00,320.00,1104.00,320,784
1669090300.186079,docker0,0.00,0.00,0.00,0,0,0.00,0.00,0.00,0,0,0.00,0.00,0,0,0.00,0.00,0.00,0,0
1669090300.186089,s1-eth1,65274.00,3027168.00,3092442.00,3027168,65274,989.00,1044.00,2033.00,1044,989,0.00,0.00,0,0,522192.00,24217344.00,24739536.00,24217344,522192
1669090300.186104,s2-eth2,56364.00,3783780.00,3840144.00,3783780,56364,854.00,858.00,1712.00,858,854,0.00,0.00,0,0,450912.00,30270240.00,30721152.00,30270240,450912
1669090300.186118,s2-eth3,58344.00,5324538.00,5382882.00,5324538,58344,884.00,969.00,1853.00,969,884,0.00,0.00,0,0,466752.00,42596304.00,43063056.00,42596304,466752
1669090300.186148,s1-eth3,12064794.00,180048.00,12244842.00,180048,12064794,2853.00,2728.00,5581.00,2728,2853,0.00,0.00,0,0,96518352.00,1440384.00,97958736.00,1440384,96518352
1669090300.186162,s1-eth2,114708.00,9114176.00,9228884.00,9114176,114708,1738.00,1828.00,3566.00,1828,1738,0.00,0.00,0,0,917664.00,72913408.00,73831072.00,72913408,917664
1669090300.186176,s2-eth1,9114176.00,114708.00,9228884.00,114708,9114176,1828.00,1738.00,3566.00,1738,1828,0.00,0.00,0,0,72913408.00,917664.00,73831072.00,917664,72913408
1669090300.186250,total,21473868.00,21544568.00,43018436.00,21544568,21473868,9149.00,9168.00,18317.00,9168,9149,0.00,0.00,0,0,171790944.00,172356544.00,344147488.00,172356544,171790944
1669090301.186524,lo,344.00,344.00,688.00,344,344,6.00,6.00,12.00,6,6,0.00,0.00,0,0,2752.00,2752.00,5504.00,2752,2752
1669090301.186591,eth0,0.00,0.00,0.00,0,0,0.00,0.00,0.00,0,0,0.00,0.00,0,0,0.00,0.00,0.00,0,0
1669090301.186603,docker0,0.00,0.00,0.00,0,0,0.00,0.00,0.00,0,0,0.00,0.00,0,0,0.00,0.00,0.00,0,0
1669090301.186613,s1-eth1,67584.00,3130904.00,3198488.00,3130904,67584,1024.00,1080.00,2104.00,1080,1024,0.00,0.00,0,0,540672.00,25047232.00,25587904.00,25047232,540672
1669090301.186627,s2-eth2,56496.00,3819192.00,3875688.00,3819192,56496,856.00,868.00,1724.00,868,856,0.00,0.00,0,0,451968.00,30553536.00,31005504.00,30553536,451968
1669090301.186640,s2-eth3,57024.00,5204350.00,5261374.00,5204350,57024,864.00,947.00,1811.00,947,864,0.00,0.00,0,0,456192.00,41634800.00,42090992.00,41634800,456192
1669090301.186668,s1-eth3,12065982.00,181038.00,12247020.00,181038,12065982,2871.00,2743.00,5614.00,2743,2871,0.00,0.00,0,0,96527856.00,1448304.00,97976160.00,1448304,96527856
1669090301.186682,s1-eth2,113454.00,9014722.00,9128176.00,9014722,113454,1719.00,1813.00,3532.00,1813,1719,0.00,0.00,0,0,907632.00,72117776.00,73025408.00,72117776,907632
1669090301.186696,s2-eth1,9014722.00,113454.00,9128176.00,113454,9014722,1813.00,1719.00,3532.00,1719,1813,0.00,0.00,0,0,72117776.00,907632.00,73025408.00,907632,72117776
1669090301.186731,total,21375606.00,21464004.00,42839608.00,21464004,21375606,9153.00,9176.00,18329.00,9176,9153,0.00,0.00,0,0,171004848.00,171712032.00,342716864.00,171712032,171004848
1669090302.187006,lo,0.00,0.00,0.00,0,0,0.00,0.00,0.00,0,0,0.00,0.00,0,0,0.00,0.00,0.00,0,0
1669090302.187078,eth0,0.00,0.00,0.00,0,0,0.00,0.00,0.00,0,0,0.00,0.00,0,0,0.00,0.00,0.00,0,0
1669090302.187090,docker0,0.00,0.00,0.00,0,0,0.00,0.00,0.00,0,0,0.00,0.00,0,0,0.00,0.00,0.00,0,0
1669090302.187101,s1-eth1,70224.00,3249450.00,3319674.00,3249450,70224,1064.00,1121.00,2185.00,1121,1064,0.00,0.00,0,0,561792.00,25995600.00,26557392.00,25995600,561792
1669090302.187116,s2-eth2,56628.00,3806160.00,3862788.00,3806160,56628,858.00,868.00,1726.00,868,858,0.00,0.00,0,0,453024.00,30449280.00,30902304.00,30449280,453024
1669090302.187129,s2-eth3,55770.00,5078370.00,5134140.00,5078370,55770,845.00,925.00,1770.00,925,845,0.00,0.00,0,0,446160.00,40626960.00,41073120.00,40626960,446160
1669090302.187158,s1-eth3,12061906.00,182556.00,12244462.00,182556,12061906,2897.00,2766.00,5663.00,2766,2897,0.00,0.00,0,0,96495248.00,1460448.00,97955696.00,1460448,96495248
1669090302.187172,s1-eth2,112398.00,8887492.00,8999890.00,8887492,112398,1703.00,1794.00,3497.00,1794,1703,0.00,0.00,0,0,899184.00,71099936.00,71999120.00,71099936,899184
1669090302.187186,s2-eth1,8887492.00,112398.00,8999890.00,112398,8887492,1794.00,1703.00,3497.00,1703,1794,0.00,0.00,0,0,71099936.00,899184.00,71999120.00,899184,71099936
1669090302.187209,total,21244418.00,21316426.00,42560844.00,21316426,21244418,9161.00,9177.00,18338.00,9177,9161,0.00,0.00,0,0,169955344.00,170531408.00,340486752.00,170531408,169955344
1669090303.187503,lo,228.00,228.00,456.00,228,228,4.00,4.00,8.00,4,4,0.00,0.00,0,0,1824.00,1824.00,3648.00,1824,1824
1669090303.187560,eth0,108.00,168.00,276.00,168,108,2.00,2.00,4.00,2,2,0.00,0.00,0,0,864.00,1344.00,2208.00,1344,864
1669090303.187576,docker0,0.00,0.00,0.00,0,0,0.00,0.00,0.00,0,0,0.00,0.00,0,0,0.00,0.00,0.00,0,0
1669090303.187587,s1-eth1,66282.00,2908956.00,2975238.00,2908956,66282,983.00,1030.00,2013.00,1030,983,0.00,0.00,0,0,530256.00,23271648.00,23801904.00,23271648,530256
1669090303.187601,s2-eth2,56098.00,3276522.00,3332620.00,3276522,56098,837.00,873.00,1710.00,873,837,0.00,0.00,0,0,448784.00,26212176.00,26660960.00,26212176,448784
1669090303.187614,s2-eth3,60192.00,5682586.00,5742778.00,5682586,60192,912.00,953.00,1865.00,953,912,0.00,0.00,0,0,481536.00,45460688.00,45942224.00,45460688,481536
1669090303.187645,s1-eth3,12058288.00,182506.00,12240794.00,182506,12058288,2908.00,2731.00,5639.00,2731,2908,0.00,0.00,0,0,96466304.00,1460048.00,97926352.00,1460048,96466304
1669090303.187659,s1-eth2,116224.00,8962070.00,9078294.00,8962070,116224,1748.00,1827.00,3575.00,1827,1748,0.00,0.00,0,0,929792.00,71696560.00,72626352.00,71696560,929792
1669090303.187707,s2-eth1,8962070.00,116224.00,9078294.00,116224,8962070,1827.00,1748.00,3575.00,1748,1827,0.00,0.00,0,0,71696560.00,929792.00,72626352.00,929792,71696560
1669090303.187733,total,21319490.00,21129260.00,42448752.00,21129260,21319490,9221.00,9168.00,18389.00,9168,9221,0.00,0.00,0,0,170555920.00,169034080.00,339590016.00,169034080,170555920
1669090304.188062,lo,110.00,110.00,220.00,110,110,2.00,2.00,4.00,2,2,0.00,0.00,0,0,880.00,880.00,1760.00,880,880
1669090304.188108,eth0,98.00,40.00,138.00,40,98,1.00,1.00,2.00,1,1,0.00,0.00,0,0,784.00,320.00,1104.00,320,784
1669090304.188121,docker0,0.00,0.00,0.00,0,0,0.00,0.00,0.00,0,0,0.00,0.00,0,0,0.00,0.00,0.00,0,0
1669090304.188131,s1-eth1,55044.00,2557460.00,2612504.00,2557460,55044,834.00,882.00,1716.00,882,834,0.00,0.00,0,0,440352.00,20459680.00,20900032.00,20459680,440352
1669090304.188145,s2-eth2,60456.00,2796000.00,2856456.00,2796000,60456,916.00,964.00,1880.00,964,916,0.00,0.00,0,0,483648.00,22368000.00,22851648.00,22368000,483648
1669090304.188159,s2-eth3,60852.00,6779968.00,6840820.00,6779968,60852,922.00,928.00,1850.00,928,922,0.00,0.00,0,0,486816.00,54239744.00,54726560.00,54239744,486816
1669090304.188230,s1-eth3,12046676.00,176484.00,12223160.00,176484,12046676,2754.00,2674.00,5428.00,2674,2754,0.00,0.00,0,0,96373408.00,1411872.00,97785280.00,1411872,96373408
1669090304.188245,s1-eth2,121440.00,9577350.00,9698790.00,9577350,121440,1840.00,1891.00,3731.00,1891,1840,0.00,0.00,0,0,971520.00,76618800.00,77590320.00,76618800,971520
1669090304.188259,s2-eth1,9577350.00,121440.00,9698790.00,121440,9577350,1891.00,1840.00,3731.00,1840,1891,0.00,0.00,0,0,76618800.00,971520.00,77590320.00,971520,76618800
1669090304.188283,total,21922026.00,22008852.00,43930880.00,22008852,21922026,9160.00,9182.00,18342.00,9182,9160,0.00,0.00,0,0,175376208.00,176070816.00,351447040.00,176070816,175376208
1669090305.188542,lo,110.00,110.00,220.00,110,110,2.00,2.00,4.00,2,2,0.00,0.00,0,0,880.00,880.00,1760.00,880,880
1669090305.188587,eth0,98.00,40.00,138.00,40,98,1.00,1.00,2.00,1,1,0.00,0.00,0,0,784.00,320.00,1104.00,320,784
1669090305.188599,docker0,0.00,0.00,0.00,0,0,0.00,0.00,0.00,0,0,0.00,0.00,0,0,0.00,0.00,0.00,0,0
1669090305.188610,s1-eth1,59136.00,2736760.00,2795896.00,2736760,59136,896.00,944.00,1840.00,944,896,0.00,0.00,0,0,473088.00,21894080.00,22367168.00,21894080,473088
1669090305.188624,s2-eth2,63492.00,2947194.00,3010686.00,2947194,63492,962.00,1017.00,1979.00,1017,962,0.00,0.00,0,0,507936.00,23577552.00,24085488.00,23577552,507936
1669090305.188649,s2-eth3,58014.00,6429280.00,6487294.00,6429280,58014,879.00,880.00,1759.00,880,879,0.00,0.00,0,0,464112.00,51434240.00,51898352.00,51434240,464112
1669090305.188678,s1-eth3,12050966.00,180510.00,12231476.00,180510,12050966,2819.00,2735.00,5554.00,2735,2819,0.00,0.00,0,0,96407728.00,1444080.00,97851808.00,1444080,96407728
1669090305.188692,s1-eth2,121440.00,9375092.00,9496532.00,9375092,121440,1840.00,1898.00,3738.00,1898,1840,0.00,0.00,0,0,971520.00,75000736.00,75972256.00,75000736,971520
1669090305.188706,s2-eth1,9375092.00,121440.00,9496532.00,121440,9375092,1898.00,1840.00,3738.00,1840,1898,0.00,0.00,0,0,75000736.00,971520.00,75972256.00,971520,75000736
1669090305.188728,total,21728348.00,21790426.00,43518776.00,21790426,21728348,9297.00,9317.00,18614.00,9317,9297,0.00,0.00,0,0,173826784.00,174323408.00,348150208.00,174323408,173826784
1669090306.188992,lo,344.00,344.00,688.00,344,344,6.00,6.00,12.00,6,6,0.00,0.00,0,0,2752.00,2752.00,5504.00,2752,2752
1669090306.189073,eth0,0.00,0.00,0.00,0,0,0.00,0.00,0.00,0,0,0.00,0.00,0,0,0.00,0.00,0.00,0,0
1669090306.189085,docker0,0.00,0.00,0.00,0,0,0.00,0.00,0.00,0,0,0.00,0.00,0,0,0.00,0.00,0.00,0,0
1669090306.189095,s1-eth1,63938.00,2733806.00,2797744.00,2733806,63938,941.00,987.00,1928.00,987,941,0.00,0.00,0,0,511504.00,21870448.00,22381952.00,21870448,511504
1669090306.189110,s2-eth2,64642.00,2952132.00,3016774.00,2952132,64642,963.00,1026.00,1989.00,1026,963,0.00,0.00,0,0,517136.00,23617056.00,24134192.00,23617056,517136
1669090306.189125,s2-eth3,61864.00,6044318.00,6106182.00,6044318,61864,912.00,927.00,1839.00,927,912,0.00,0.00,0,0,494912.00,48354544.00,48849456.00,48354544,494912
1669090306.189169,s1-eth3,12043102.00,190510.00,12233612.00,190510,12043102,3007.00,2817.00,5824.00,2817,3007,0.00,0.00,0,0,96344816.00,1524080.00,97868896.00,1524080,96344816
1669090306.189184,s1-eth2,126506.00,8992040.00,9118546.00,8992040,126506,1875.00,1952.00,3827.00,1952,1875,0.00,0.00,0,0,1012048.00,71936320.00,72948368.00,71936320,1012048
1669090306.189198,s2-eth1,8992040.00,126506.00,9118546.00,126506,8992040,1952.00,1875.00,3827.00,1875,1952,0.00,0.00,0,0,71936320.00,1012048.00,72948368.00,1012048,71936320
1669090306.189221,total,21352436.00,21039656.00,42392092.00,21039656,21352436,9656.00,9590.00,19246.00,9590,9656,0.00,0.00,0,0,170819488.00,168317248.00,339136736.00,168317248,170819488
1669090307.189531,lo,0.00,0.00,0.00,0,0,0.00,0.00,0.00,0,0,0.00,0.00,0,0,0.00,0.00,0.00,0,0
1669090307.189606,eth0,90.00,40.00,130.00,40,90,1.00,1.00,2.00,1,1,0.00,0.00,0,0,720.00,320.00,1040.00,320,720
1669090307.189635,docker0,0.00,0.00,0.00,0,0,0.00,0.00,0.00,0,0,0.00,0.00,0,0,0.00,0.00,0.00,0,0
1669090307.189646,s1-eth1,67914.00,3157562.00,3225476.00,3157562,67914,1029.00,1089.00,2118.00,1089,1029,0.00,0.00,0,0,543312.00,25260496.00,25803808.00,25260496,543312
1669090307.189660,s2-eth2,68508.00,3182772.00,3251280.00,3182772,68508,1038.00,1098.00,2136.00,1098,1038,0.00,0.00,0,0,548064.00,25462176.00,26010240.00,25462176,548064
1669090307.189674,s2-eth3,64086.00,5841820.00,5905906.00,5841820,64086,971.00,1062.00,2033.00,1062,971,0.00,0.00,0,0,512688.00,46734560.00,47247248.00,46734560,512688
1669090307.189737,s1-eth3,12074206.00,200574.00,12274780.00,200574,12074206,3215.00,3039.00,6254.00,3039,3215,0.00,0.00,0,0,96593648.00,1604592.00,98198240.00,1604592,96593648
1669090307.189754,s1-eth2,132594.00,9024592.00,9157186.00,9024592,132594,2009.00,2160.00,4169.00,2160,2009,0.00,0.00,0,0,1060752.00,72196736.00,73257488.00,72196736,1060752
1669090307.189768,s2-eth1,9024592.00,132594.00,9157186.00,132594,9024592,2160.00,2009.00,4169.00,2009,2160,0.00,0.00,0,0,72196736.00,1060752.00,73257488.00,1060752,72196736
1669090307.189792,total,21431990.00,21539954.00,42971944.00,21539954,21431990,10423.00,10458.00,20881.00,10458,10423,0.00,0.00,0,0,171455920.00,172319632.00,343775552.00,172319632,171455920
1669090308.190070,lo,228.00,228.00,456.00,228,228,4.00,4.00,8.00,4,4,0.00,0.00,0,0,1824.00,1824.00,3648.00,1824,1824
1669090308.190117,eth0,198.00,244.00,442.00,244,198,3.00,3.00,6.00,3,3,0.00,0.00,0,0,1584.00,1952.00,3536.00,1952,1584
1669090308.190146,docker0,0.00,0.00,0.00,0,0,0.00,0.00,0.00,0,0,0.00,0.00,0,0,0.00,0.00,0.00,0,0
1669090308.190158,s1-eth1,72798.00,3373920.00,3446718.00,3373920,72798,1103.00,1164.00,2267.00,1164,1103,0.00,0.00,0,0,582384.00,26991360.00,27573744.00,26991360,582384
1669090308.190172,s2-eth2,70422.00,3262746.00,3333168.00,3262746,70422,1067.00,1125.00,2192.00,1125,1067,0.00,0.00,0,0,563376.00,26101968.00,26665344.00,26101968,563376
1669090308.190186,s2-eth3,60786.00,5545826.00,5606612.00,5545826,60786,921.00,1009.00,1930.00,1009,921,0.00,0.00,0,0,486288.00,44366608.00,44852896.00,44366608,486288
1669090308.190216,s1-eth3,12088104.00,203940.00,12292044.00,203940,12088104,3272.00,3090.00,6362.00,3090,3272,0.00,0.00,0,0,96704832.00,1631520.00,98336352.00,1631520,96704832
1669090308.190229,s1-eth2,131142.00,8808572.00,8939714.00,8808572,131142,1987.00,2134.00,4121.00,2134,1987,0.00,0.00,0,0,1049136.00,70468576.00,71517712.00,70468576,1049136
1669090308.190243,s2-eth1,8808572.00,131142.00,8939714.00,131142,8808572,2134.00,1987.00,4121.00,1987,2134,0.00,0.00,0,0,70468576.00,1049136.00,71517712.00,1049136,70468576
1669090308.190267,total,21232250.00,21326618.00,42558868.00,21326618,21232250,10491.00,10516.00,21007.00,10516,10491,0.00,0.00,0,0,169858000.00,170612944.00,340470944.00,170612944,169858000
1669090309.190499,lo,817.00,817.00,1634.00,817,817,11.00,11.00,22.00,11,11,0.00,0.00,0,0,6536.00,6536.00,13072.00,6536,6536
1669090309.190548,eth0,550.00,428.00,978.00,428,550,5.00,5.00,10.00,5,5,0.00,0.00,0,0,4400.00,3424.00,7824.00,3424,4400
1669090309.190606,docker0,0.00,0.00,0.00,0,0,0.00,0.00,0.00,0,0,0.00,0.00,0,0,0.00,0.00,0.00,0,0
1669090309.190620,s1-eth1,74514.00,3450932.00,3525446.00,3450932,74514,1129.00,1190.00,2319.00,1190,1129,0.00,0.00,0,0,596112.00,27607456.00,28203568.00,27607456,596112
1669090309.190635,s2-eth2,73524.00,3403540.00,3477064.00,3403540,73524,1114.00,1174.00,2288.00,1174,1114,0.00,0.00,0,0,588192.00,27228320.00,27816512.00,27228320,588192
1669090309.190648,s2-eth3,58216.00,5312822.00,5371038.00,5312822,58216,882.00,967.00,1849.00,967,882,0.00,0.00,0,0,465728.00,42502576.00,42968304.00,42502576,465728
1669090309.190678,s1-eth3,12090480.00,206250.00,12296730.00,206250,12090480,3308.00,3125.00,6433.00,3125,3308,0.00,0.00,0,0,96723840.00,1650000.00,98373840.00,1650000,96723840
1669090309.190692,s1-eth2,131736.00,8717744.00,8849480.00,8717744,131736,1996.00,2140.00,4136.00,2140,1996,0.00,0.00,0,0,1053888.00,69741952.00,70795840.00,69741952,1053888
1669090309.190705,s2-eth1,8717744.00,131736.00,8849480.00,131736,8717744,2140.00,1996.00,4136.00,1996,2140,0.00,0.00,0,0,69741952.00,1053888.00,70795840.00,1053888,69741952
1669090309.190728,total,21147580.00,21224268.00,42371848.00,21224269,21147581,10585.00,10608.00,21193.00,10608,10585,0.00,0.00,0,0,169180640.00,169794144.00,338974784.00,169794152,169180648
1669090310.191091,lo,110.00,110.00,220.00,110,110,2.00,2.00,4.00,2,2,0.00,0.00,0,0,880.00,880.00,1760.00,880,880
1669090310.191138,eth0,98.00,40.00,138.00,40,98,1.00,1.00,2.00,1,1,0.00,0.00,0,0,784.00,320.00,1104.00,320,784
1669090310.191151,docker0,0.00,0.00,0.00,0,0,0.00,0.00,0.00,0,0,0.00,0.00,0,0,0.00,0.00,0.00,0,0
1669090310.191162,s1-eth1,77664.00,3449620.00,3527284.00,3449620,77664,1164.00,1214.00,2378.00,1214,1164,0.00,0.00,0,0,621312.00,27596960.00,28218272.00,27596960,621312
1669090310.191176,s2-eth2,72036.00,3316458.00,3388494.00,3316458,72036,1084.00,1149.00,2233.00,1149,1084,0.00,0.00,0,0,576288.00,26531664.00,27107952.00,26531664,576288
1669090310.191190,s2-eth3,59934.00,5013742.00,5073676.00,5013742,59934,899.00,955.00,1854.00,955,899,0.00,0.00,0,0,479472.00,40109936.00,40589408.00,40109936,479472
1669090310.191236,s1-eth3,12092802.00,209568.00,12302370.00,209568,12092802,3409.00,3146.00,6555.00,3146,3409,0.00,0.00,0,0,96742416.00,1676544.00,98418960.00,1676544,96742416
1669090310.191252,s1-eth2,131970.00,8328752.00,8460722.00,8328752,131970,1983.00,2104.00,4087.00,2104,1983,0.00,0.00,0,0,1055760.00,66630016.00,67685776.00,66630016,1055760
1669090310.191266,s2-eth1,8328752.00,131970.00,8460722.00,131970,8328752,2104.00,1983.00,4087.00,1983,2104,0.00,0.00,0,0,66630016.00,1055760.00,67685776.00,1055760,66630016
1669090310.191305,total,20763366.00,20450260.00,41213624.00,20450260,20763366,10646.00,10554.00,21200.00,10554,10646,0.00,0.00,0,0,166106928.00,163602080.00,329708992.00,163602080,166106928
1669090311.191599,lo,461.00,461.00,922.00,461,461,8.00,8.00,16.00,8,8,0.00,0.00,0,0,3688.00,3688.00,7376.00,3688,3688
1669090311.191647,eth0,54.00,92.00,146.00,92,54,1.00,1.00,2.00,1,1,0.00,0.00,0,0,432.00,736.00,1168.00,736,432
1669090311.191660,docker0,0.00,0.00,0.00,0,0,0.00,0.00,0.00,0,0,0.00,0.00,0,0,0.00,0.00,0.00,0,0
1669090311.191671,s1-eth1,57948.00,3777336.00,3835284.00,3777336,57948,878.00,892.00,1770.00,892,878,0.00,0.00,0,0,463584.00,30218688.00,30682272.00,30218688,463584
1669090311.191685,s2-eth2,74778.00,3464294.00,3539072.00,3464294,74778,1133.00,1195.00,2328.00,1195,1133,0.00,0.00,0,0,598224.00,27714352.00,28312576.00,27714352,598224
1669090311.191698,s2-eth3,66726.00,4929052.00,4995778.00,4929052,66726,1011.00,1054.00,2065.00,1054,1011,0.00,0.00,0,0,533808.00,39432416.00,39966224.00,39432416,533808
1669090311.191728,s1-eth3,12054310.00,199518.00,12253828.00,199518,12054310,3111.00,3023.00,6134.00,3023,3111,0.00,0.00,0,0,96434480.00,1596144.00,98030624.00,1596144,96434480
1669090311.191744,s1-eth2,141504.00,8396242.00,8537746.00,8396242,141504,2144.00,2249.00,4393.00,2249,2144,0.00,0.00,0,0,1132032.00,67169936.00,68301968.00,67169936,1132032
1669090311.191758,s2-eth1,8396242.00,141504.00,8537746.00,141504,8396242,2249.00,2144.00,4393.00,2144,2249,0.00,0.00,0,0,67169936.00,1132032.00,68301968.00,1132032,67169936
1669090311.191801,total,20792024.00,20908500.00,41700520.00,20908499,20792023,10535.00,10566.00,21101.00,10566,10535,0.00,0.00,0,0,166336192.00,167268000.00,333604160.00,167267992,166336184
1669090312.192142,lo,1930.00,1930.00,3860.00,1930,1930,15.00,15.00,30.00,15,15,0.00,0.00,0,0,15440.00,15440.00,30880.00,15440,15440
1669090312.192190,eth0,0.00,0.00,0.00,0,0,0.00,0.00,0.00,0,0,0.00,0.00,0,0,0.00,0.00,0.00,0,0
1669090312.192203,docker0,0.00,0.00,0.00,0,0,0.00,0.00,0.00,0,0,0.00,0.00,0,0,0.00,0.00,0.00,0,0
1669090312.192213,s1-eth1,57696.00,3876522.00,3934218.00,3876522,57696,874.00,881.00,1755.00,881,874,0.00,0.00,0,0,461568.00,31012176.00,31473744.00,31012176,461568
1669090312.192228,s2-eth2,77298.00,3576916.00,3654214.00,3576916,77298,1171.00,1234.00,2405.00,1234,1171,0.00,0.00,0,0,618384.00,28615328.00,29233712.00,28615328,618384
1669090312.192242,s2-eth3,70228.00,4718770.00,4788998.00,4718770,70228,1064.00,1071.00,2135.00,1071,1064,0.00,0.00,0,0,561824.00,37750160.00,38311984.00,37750160,561824
1669090312.192299,s1-eth3,12067688.00,204868.00,12272556.00,204868,12067688,3160.00,3104.00,6264.00,3104,3160,0.00,0.00,0,0,96541504.00,1638944.00,98180448.00,1638944,96541504
1669090312.192316,s1-eth2,147382.00,8295756.00,8443138.00,8295756,147382,2233.00,2306.00,4539.00,2306,2233,0.00,0.00,0,0,1179056.00,66366048.00,67545104.00,66366048,1179056
1669090312.192330,s2-eth1,8295756.00,147382.00,8443138.00,147382,8295756,2306.00,2233.00,4539.00,2233,2306,0.00,0.00,0,0,66366048.00,1179056.00,67545104.00,1179056,66366048
1669090312.192355,total,20717978.00,20822144.00,41540120.00,20822144,20717978,10823.00,10844.00,21667.00,10844,10823,0.00,0.00,0,0,165743824.00,166577152.00,332320960.00,166577152,165743824
1669090313.192639,lo,229.00,229.00,458.00,229,229,4.00,4.00,8.00,4,4,0.00,0.00,0,0,1832.00,1832.00,3664.00,1832,1832
1669090313.192690,eth0,108.00,176.00,284.00,176,108,2.00,2.00,4.00,2,2,0.00,0.00,0,0,864.00,1408.00,2272.00,1408,864
1669090313.192704,docker0,0.00,0.00,0.00,0,0,0.00,0.00,0.00,0,0,0.00,0.00,0,0,0.00,0.00,0.00,0,0
1669090313.192714,s1-eth1,57948.00,3898638.00,3956586.00,3898638,57948,878.00,887.00,1765.00,887,878,0.00,0.00,0,0,463584.00,31189104.00,31652688.00,31189104,463584
1669090313.192729,s2-eth2,78210.00,3615422.00,3693632.00,3615422,78210,1185.00,1247.00,2432.00,1247,1185,0.00,0.00,0,0,625680.00,28923376.00,29549056.00,28923376,625680
1669090313.192743,s2-eth3,68838.00,4626090.00,4694928.00,4626090,68838,1043.00,1049.00,2092.00,1049,1043,0.00,0.00,0,0,550704.00,37008720.00,37559424.00,37008720,550704
1669090313.192771,s1-eth3,12072222.00,204996.00,12277218.00,204996,12072222,3163.00,3106.00,6269.00,3106,3163,0.00,0.00,0,0,96577776.00,1639968.00,98217744.00,1639968,96577776
1669090313.192785,s1-eth2,147114.00,8245988.00,8393102.00,8245988,147114,2229.00,2298.00,4527.00,2298,2229,0.00,0.00,0,0,1176912.00,65967904.00,67144816.00,65967904,1176912
1669090313.192799,s2-eth1,8245988.00,147114.00,8393102.00,147114,8245988,2298.00,2229.00,4527.00,2229,2298,0.00,0.00,0,0,65967904.00,1176912.00,67144816.00,1176912,65967904
1669090313.192822,total,20670656.00,20738652.00,41409312.00,20738653,20670657,10802.00,10822.00,21624.00,10822,10802,0.00,0.00,0,0,165365248.00,165909216.00,331274496.00,165909224,165365256
1669090314.193107,lo,2621.00,2621.00,5242.00,2621,2621,24.00,24.00,48.00,24,24,0.00,0.00,0,0,20968.00,20968.00,41936.00,20968,20968
1669090314.193153,eth0,396.00,392.00,788.00,392,396,4.00,4.00,8.00,4,4,0.00,0.00,0,0,3168.00,3136.00,6304.00,3136,3168
1669090314.193168,docker0,0.00,0.00,0.00,0,0,0.00,0.00,0.00,0,0,0.00,0.00,0,0,0.00,0.00,0.00,0,0
1669090314.193178,s1-eth1,58550.00,3929578.00,3988128.00,3929578,58550,887.00,895.00,1782.00,895,887,0.00,0.00,0,0,468400.00,31436624.00,31905024.00,31436624,468400
1669090314.193192,s2-eth2,77888.00,3603644.00,3681532.00,3603644,77888,1180.00,1244.00,2424.00,1244,1180,0.00,0.00,0,0,623104.00,28829152.00,29452256.00,28829152,623104
1669090314.193223,s2-eth3,68916.00,4608516.00,4677432.00,4608516,68916,1044.00,1046.00,2090.00,1046,1044,0.00,0.00,0,0,551328.00,36868128.00,37419456.00,36868128,551328
1669090314.193258,s1-eth3,12063810.00,204930.00,12268740.00,204930,12063810,3167.00,3105.00,6272.00,3105,3167,0.00,0.00,0,0,96510480.00,1639440.00,98149920.00,1639440,96510480
1669090314.193273,s1-eth2,146594.00,8204788.00,8351382.00,8204788,146594,2221.00,2288.00,4509.00,2288,2221,0.00,0.00,0,0,1172752.00,65638304.00,66811056.00,65638304,1172752
1669090314.193286,s2-eth1,8204788.00,146594.00,8351382.00,146594,8204788,2288.00,2221.00,4509.00,2221,2288,0.00,0.00,0,0,65638304.00,1172752.00,66811056.00,1172752,65638304
1669090314.193309,total,20623564.00,20701064.00,41324624.00,20701063,20623563,10815.00,10827.00,21642.00,10827,10815,0.00,0.00,0,0,164988512.00,165608512.00,330596992.00,165608504,164988504
1669090315.193595,lo,1613.00,1613.00,3226.00,1613,1613,21.00,21.00,42.00,21,21,0.00,0.00,0,0,12904.00,12904.00,25808.00,12904,12904
1669090315.193643,eth0,948.00,808.00,1756.00,808,948,8.00,8.00,16.00,8,8,0.00,0.00,0,0,7584.00,6464.00,14048.00,6464,7584
1669090315.193658,docker0,0.00,0.00,0.00,0,0,0.00,0.00,0.00,0,0,0.00,0.00,0,0,0.00,0.00,0.00,0,0
1669090315.193668,s1-eth1,55578.00,3152906.00,3208484.00,3152906,55578,821.00,821.00,1642.00,821,821,0.00,0.00,0,0,444624.00,25223248.00,25667872.00,25223248,444624
1669090315.193682,s2-eth2,76032.00,3504314.00,3580346.00,3504314,76032,1144.00,1209.00,2353.00,1209,1144,0.00,0.00,0,0,608256.00,28034512.00,28642768.00,28034512,608256
1669090315.193696,s2-eth3,68508.00,5167176.00,5235684.00,5167176,68508,1038.00,1020.00,2058.00,1020,1038,0.00,0.00,0,0,548064.00,41337408.00,41885472.00,41337408,548064
1669090315.193731,s1-eth3,12064186.00,199986.00,12264172.00,199986,12064186,3129.00,3001.00,6130.00,3001,3129,0.00,0.00,0,0,96513488.00,1599888.00,98113376.00,1599888,96513488
1669090315.193745,s1-eth2,144342.00,8668528.00,8812870.00,8668528,144342,2179.00,2228.00,4407.00,2228,2179,0.00,0.00,0,0,1154736.00,69348224.00,70502960.00,69348224,1154736
1669090315.193759,s2-eth1,8668528.00,144342.00,8812870.00,144342,8668528,2228.00,2179.00,4407.00,2179,2228,0.00,0.00,0,0,69348224.00,1154736.00,70502960.00,1154736,69348224
1669090315.193782,total,21079736.00,20839672.00,41919408.00,20839673,21079735,10568.00,10487.00,21055.00,10487,10568,0.00,0.00,0,0,168637888.00,166717376.00,335355264.00,166717384,168637880
1669090316.194055,lo,434.00,434.00,868.00,434,434,6.00,6.00,12.00,6,6,0.00,0.00,0,0,3472.00,3472.00,6944.00,3472,3472
1669090316.194105,eth0,236.00,256.00,492.00,256,236,2.00,3.00,5.00,3,2,0.00,0.00,0,0,1888.00,2048.00,3936.00,2048,1888
1669090316.194119,docker0,0.00,0.00,0.00,0,0,0.00,0.00,0.00,0,0,0.00,0.00,0,0,0.00,0.00,0.00,0,0
1669090316.194129,s1-eth1,43296.00,2021074.00,2064370.00,2021074,43296,656.00,697.00,1353.00,697,656,0.00,0.00,0,0,346368.00,16168592.00,16514960.00,16168592,346368
1669090316.194143,s2-eth2,67122.00,3114580.00,3181702.00,3114580,67122,1017.00,1074.00,2091.00,1074,1017,0.00,0.00,0,0,536976.00,24916640.00,25453616.00,24916640,536976
1669090316.194157,s2-eth3,62964.00,7006454.00,7069418.00,7006454,62964,954.00,959.00,1913.00,959,954,0.00,0.00,0,0,503712.00,56051632.00,56555344.00,56051632,503712
1669090316.194185,s1-eth3,12041862.00,173382.00,12215244.00,173382,12041862,2703.00,2627.00,5330.00,2627,2703,0.00,0.00,0,0,96334896.00,1387056.00,97721952.00,1387056,96334896
1669090316.194199,s1-eth2,130152.00,10128472.00,10258624.00,10128472,130152,1972.00,2036.00,4008.00,2036,1972,0.00,0.00,0,0,1041216.00,81027776.00,82068992.00,81027776,1041216
1669090316.194215,s2-eth1,10128472.00,130152.00,10258624.00,130152,10128472,2036.00,1972.00,4008.00,1972,2036,0.00,0.00,0,0,81027776.00,1041216.00,82068992.00,1041216,81027776
1669090316.194239,total,22474538.00,22574804.00,45049344.00,22574804,22474538,9346.00,9374.00,18720.00,9374,9346,0.00,0.00,0,0,179796304.00,180598432.00,360394752.00,180598432,179796304
1669090317.194528,lo,118.00,118.00,236.00,118,118,2.00,2.00,4.00,2,2,0.00,0.00,0,0,944.00,944.00,1888.00,944,944
1669090317.194627,eth0,54.00,92.00,146.00,92,54,1.00,1.00,2.00,1,1,0.00,0.00,0,0,432.00,736.00,1168.00,736,432
1669090317.194641,docker0,0.00,0.00,0.00,0,0,0.00,0.00,0.00,0,0,0.00,0.00,0,0,0.00,0.00,0.00,0,0
1669090317.194652,s1-eth1,49962.00,2321882.00,2371844.00,2321882,49962,757.00,801.00,1558.00,801,757,0.00,0.00,0,0,399696.00,18575056.00,18974752.00,18575056,399696
1669090317.194666,s2-eth2,70224.00,3240564.00,3310788.00,3240564,70224,1064.00,1118.00,2182.00,1118,1064,0.00,0.00,0,0,561792.00,25924512.00,26486304.00,25924512,561792
1669090317.194680,s2-eth3,58872.00,6553482.00,6612354.00,6553482,58872,892.00,897.00,1789.00,897,892,0.00,0.00,0,0,470976.00,52427856.00,52898832.00,52427856,470976
1669090317.194709,s1-eth3,12038326.00,179322.00,12217648.00,179322,12038326,2803.00,2717.00,5520.00,2717,2803,0.00,0.00,0,0,96306608.00,1434576.00,97741184.00,1434576,96306608
1669090317.194747,s1-eth2,129360.00,9789504.00,9918864.00,9789504,129360,1960.00,2012.00,3972.00,2012,1960,0.00,0.00,0,0,1034880.00,78316032.00,79350912.00,78316032,1034880
1669090317.194764,s2-eth1,9789504.00,129360.00,9918864.00,129360,9789504,2012.00,1960.00,3972.00,1960,2012,0.00,0.00,0,0,78316032.00,1034880.00,79350912.00,1034880,78316032
1669090317.194789,total,22136420.00,22214324.00,44350744.00,22214324,22136420,9491.00,9508.00,18999.00,9508,9491,0.00,0.00,0,0,177091360.00,177714592.00,354805952.00,177714592,177091360
1669090318.195056,lo,348.00,348.00,696.00,348,348,6.00,6.00,12.00,6,6,0.00,0.00,0,0,2784.00,2784.00,5568.00,2784,2784
1669090318.195103,eth0,162.00,276.00,438.00,276,162,3.00,3.00,6.00,3,3,0.00,0.00,0,0,1296.00,2208.00,3504.00,2208,1296
1669090318.195116,docker0,0.00,0.00,0.00,0,0,0.00,0.00,0.00,0,0,0.00,0.00,0,0,0.00,0.00,0.00,0,0
1669090318.195127,s1-eth1,54582.00,2530802.00,2585384.00,2530802,54582,827.00,873.00,1700.00,873,827,0.00,0.00,0,0,436656.00,20246416.00,20683072.00,20246416,436656
1669090318.195141,s2-eth2,72546.00,3369444.00,3441990.00,3369444,72546,1099.00,1162.00,2261.00,1162,1099,0.00,0.00,0,0,580368.00,26955552.00,27535920.00,26955552,580368
1669090318.195155,s2-eth3,57750.00,6244204.00,6301954.00,6244204,57750,875.00,906.00,1781.00,906,875,0.00,0.00,0,0,462000.00,49953632.00,50415632.00,49953632,462000
1669090318.195184,s1-eth3,12064670.00,184680.00,12249350.00,184680,12064670,2895.00,2798.00,5693.00,2798,2895,0.00,0.00,0,0,96517360.00,1477440.00,97994800.00,1477440,96517360
1669090318.195199,s1-eth2,130098.00,9619638.00,9749736.00,9619638,130098,1971.00,2071.00,4042.00,2071,1971,0.00,0.00,0,0,1040784.00,76957104.00,77997888.00,76957104,1040784
1669090318.195213,s2-eth1,9619638.00,130098.00,9749736.00,130098,9619638,2071.00,1971.00,4042.00,1971,2071,0.00,0.00,0,0,76957104.00,1040784.00,77997888.00,1040784,76957104
1669090318.195237,total,21999794.00,22079490.00,44079284.00,22079490,21999794,9747.00,9790.00,19537.00,9790,9747,0.00,0.00,0,0,175998352.00,176635920.00,352634272.00,176635920,175998352
1669090319.195535,lo,455.00,455.00,910.00,455,455,8.00,8.00,16.00,8,8,0.00,0.00,0,0,3640.00,3640.00,7280.00,3640,3640
1669090319.195583,eth0,98.00,40.00,138.00,40,98,1.00,1.00,2.00,1,1,0.00,0.00,0,0,784.00,320.00,1104.00,320,784
1669090319.195597,docker0,0.00,0.00,0.00,0,0,0.00,0.00,0.00,0,0,0.00,0.00,0,0,0.00,0.00,0.00,0,0
1669090319.195607,s1-eth1,51582.00,2194260.00,2245842.00,2194260,51582,763.00,798.00,1561.00,798,763,0.00,0.00,0,0,412656.00,17554080.00,17966736.00,17554080,412656
1669090319.195621,s2-eth2,70818.00,3502450.00,3573268.00,3502450,70818,1073.00,1093.00,2166.00,1093,1073,0.00,0.00,0,0,566544.00,28019600.00,28586144.00,28019600,566544
1669090319.195635,s2-eth3,66000.00,6338154.00,6404154.00,6338154,66000,1000.00,1057.00,2057.00,1057,1000,0.00,0.00,0,0,528000.00,50705232.00,51233232.00,50705232,528000
1669090319.195664,s1-eth3,12063374.00,188334.00,12251708.00,188334,12063374,3007.00,2835.00,5842.00,2835,3007,0.00,0.00,0,0,96506992.00,1506672.00,98013664.00,1506672,96506992
1669090319.195679,s1-eth2,136818.00,9837642.00,9974460.00,9837642,136818,2073.00,2149.00,4222.00,2149,2073,0.00,0.00,0,0,1094544.00,78701136.00,79795680.00,78701136,1094544
1669090319.195710,s2-eth1,9837642.00,136818.00,9974460.00,136818,9837642,2149.00,2073.00,4222.00,2073,2149,0.00,0.00,0,0,78701136.00,1094544.00,79795680.00,1094544,78701136
1669090319.195734,total,22226788.00,22198152.00,44424940.00,22198153,22226787,10074.00,10014.00,20088.00,10014,10074,0.00,0.00,0,0,177814304.00,177585216.00,355399520.00,177585224,177814296
1669090320.196044,lo,110.00,110.00,220.00,110,110,2.00,2.00,4.00,2,2,0.00,0.00,0,0,880.00,880.00,1760.00,880,880
1669090320.196091,eth0,98.00,40.00,138.00,40,98,1.00,1.00,2.00,1,1,0.00,0.00,0,0,784.00,320.00,1104.00,320,784
1669090320.196104,docker0,0.00,0.00,0.00,0,0,0.00,0.00,0.00,0,0,0.00,0.00,0,0,0.00,0.00,0.00,0,0
1669090320.196114,s1-eth1,36300.00,1689198.00,1725498.00,1689198,36300,550.00,583.00,1133.00,583,550,0.00,0.00,0,0,290400.00,13513584.00,13803984.00,13513584,290400
1669090320.196128,s2-eth2,56694.00,3823602.00,3880296.00,3823602,56694,859.00,869.00,1728.00,869,859,0.00,0.00,0,0,453552.00,30588816.00,31042368.00,30588816,453552
1669090320.196142,s2-eth3,59466.00,6590012.00,6649478.00,6590012,59466,901.00,902.00,1803.00,902,901,0.00,0.00,0,0,475728.00,52720096.00,53195824.00,52720096,475728
1669090320.196215,s1-eth3,12027578.00,152328.00,12179906.00,152328,12027578,2333.00,2308.00,4641.00,2308,2333,0.00,0.00,0,0,96220624.00,1218624.00,97439248.00,1218624,96220624
1669090320.196235,s1-eth2,116028.00,10415128.00,10531156.00,10415128,116028,1758.00,1772.00,3530.00,1772,1758,0.00,0.00,0,0,928224.00,83321024.00,84249248.00,83321024,928224
1669090320.196249,s2-eth1,10415128.00,116028.00,10531156.00,116028,10415128,1772.00,1758.00,3530.00,1758,1772,0.00,0.00,0,0,83321024.00,928224.00,84249248.00,928224,83321024
1669090320.196273,total,22711402.00,22786446.00,45497848.00,22786446,22711402,8176.00,8195.00,16371.00,8195,8176,0.00,0.00,0,0,181691216.00,182291568.00,363982784.00,182291568,181691216
1669090321.196643,lo,5260.00,5260.00,10520.00,5260,5260,40.00,40.00,80.00,40,40,0.00,0.00,0,0,42080.00,42080.00,84160.00,42080,42080
1669090321.196697,eth0,0.00,0.00,0.00,0,0,0.00,0.00,0.00,0,0,0.00,0.00,0,0,0.00,0.00,0.00,0,0
1669090321.196709,docker0,0.00,0.00,0.00,0,0,0.00,0.00,0.00,0,0,0.00,0.00,0,0,0.00,0.00,0.00,0,0
1669090321.196720,s1-eth1,40578.00,1884798.00,1925376.00,1884798,40578,615.00,651.00,1266.00,651,615,0.00,0.00,0,0,324624.00,15078384.00,15403008.00,15078384,324624
1669090321.196735,s2-eth2,56208.00,3775332.00,3831540.00,3775332,56208,852.00,862.00,1714.00,862,852,0.00,0.00,0,0,449664.00,30202656.00,30652320.00,30202656,449664
1669090321.196748,s2-eth3,58212.00,6441236.00,6499448.00,6441236,58212,882.00,886.00,1768.00,886,882,0.00,0.00,0,0,465696.00,51529888.00,51995584.00,51529888,465696
1669090321.196794,s1-eth3,12036532.00,155064.00,12191596.00,155064,12036532,2382.00,2350.00,4732.00,2350,2382,0.00,0.00,0,0,96292256.00,1240512.00,97532768.00,1240512,96292256
1669090321.196809,s1-eth2,114486.00,10219464.00,10333950.00,10219464,114486,1735.00,1748.00,3483.00,1748,1735,0.00,0.00,0,0,915888.00,81755712.00,82671600.00,81755712,915888
1669090321.196823,s2-eth1,10219464.00,114486.00,10333950.00,114486,10219464,1748.00,1735.00,3483.00,1735,1748,0.00,0.00,0,0,81755712.00,915888.00,82671600.00,915888,81755712
1669090321.196847,total,22530740.00,22595640.00,45126380.00,22595640,22530740,8254.00,8272.00,16526.00,8272,8254,0.00,0.00,0,0,180245920.00,180765120.00,361011040.00,180765120,180245920
1669090322.197118,lo,0.00,0.00,0.00,0,0,0.00,0.00,0.00,0,0,0.00,0.00,0,0,0.00,0.00,0.00,0,0
1669090322.197171,eth0,0.00,0.00,0.00,0,0,0.00,0.00,0.00,0,0,0.00,0.00,0,0,0.00,0.00,0.00,0,0
1669090322.197184,docker0,0.00,0.00,0.00,0,0,0.00,0.00,0.00,0,0,0.00,0.00,0,0,0.00,0.00,0.00,0,0
1669090322.197194,s1-eth1,44418.00,2064056.00,2108474.00,2064056,44418,673.00,712.00,1385.00,712,673,0.00,0.00,0,0,355344.00,16512448.00,16867792.00,16512448,355344
1669090322.197209,s2-eth2,57354.00,3841110.00,3898464.00,3841110,57354,869.00,871.00,1740.00,871,869,0.00,0.00,0,0,458832.00,30728880.00,31187712.00,30728880,458832
1669090322.197237,s2-eth3,60456.00,6188206.00,6248662.00,6188206,60456,916.00,979.00,1895.00,979,916,0.00,0.00,0,0,483648.00,49505648.00,49989296.00,49505648,483648
1669090322.197267,s1-eth3,12031892.00,162360.00,12194252.00,162360,12031892,2530.00,2460.00,4990.00,2460,2530,0.00,0.00,0,0,96255136.00,1298880.00,97554016.00,1298880,96255136
1669090322.197281,s1-eth2,117876.00,10020496.00,10138372.00,10020496,117876,1786.00,1848.00,3634.00,1848,1786,0.00,0.00,0,0,943008.00,80163968.00,81106976.00,80163968,943008
1669090322.197297,s2-eth1,10020496.00,117876.00,10138372.00,117876,10020496,1848.00,1786.00,3634.00,1786,1848,0.00,0.00,0,0,80163968.00,943008.00,81106976.00,943008,80163968
1669090322.197321,total,22332492.00,22394104.00,44726596.00,22394104,22332492,8622.00,8656.00,17278.00,8656,8622,0.00,0.00,0,0,178659936.00,179152832.00,357812768.00,179152832,178659936
1669090323.197595,lo,228.00,228.00,456.00,228,228,4.00,4.00,8.00,4,4,0.00,0.00,0,0,1824.00,1824.00,3648.00,1824,1824
1669090323.197641,eth0,198.00,208.00,406.00,208,198,3.00,3.00,6.00,3,3,0.00,0.00,0,0,1584.00,1664.00,3248.00,1664,1584
1669090323.197655,docker0,0.00,0.00,0.00,0,0,0.00,0.00,0.00,0,0,0.00,0.00,0,0,0.00,0.00,0.00,0,0
1669090323.197666,s1-eth1,41810.00,1744102.00,1785912.00,1744102,41810,615.00,647.00,1262.00,647,615,0.00,0.00,0,0,334480.00,13952816.00,14287296.00,13952816,334480
1669090323.197680,s2-eth2,64020.00,5118534.00,5182554.00,5118534,64020,970.00,1007.00,1977.00,1007,970,0.00,0.00,0,0,512160.00,40948272.00,41460432.00,40948272,512160
1669090323.197694,s2-eth3,68880.00,4948602.00,5017482.00,4948602,68880,1032.00,1065.00,2097.00,1065,1032,0.00,0.00,0,0,551040.00,39588816.00,40139856.00,39588816,551040
1669090323.197723,s1-eth3,12056618.00,174776.00,12231394.00,174776,12056618,2773.00,2618.00,5391.00,2618,2773,0.00,0.00,0,0,96452944.00,1398208.00,97851152.00,1398208,96452944
1669090323.197737,s1-eth2,132966.00,10070032.00,10202998.00,10070032,132966,2003.00,2072.00,4075.00,2072,2003,0.00,0.00,0,0,1063728.00,80560256.00,81623984.00,80560256,1063728
1669090323.197751,s2-eth1,10070032.00,132966.00,10202998.00,132966,10070032,2072.00,2003.00,4075.00,2003,2072,0.00,0.00,0,0,80560256.00,1063728.00,81623984.00,1063728,80560256
1669090323.197775,total,22434752.00,22189448.00,44624200.00,22189448,22434752,9472.00,9419.00,18891.00,9419,9472,0.00,0.00,0,0,179478016.00,177515584.00,356993600.00,177515584,179478016
1669090324.198107,lo,110.00,110.00,220.00,110,110,2.00,2.00,4.00,2,2,0.00,0.00,0,0,880.00,880.00,1760.00,880,880
1669090324.198158,eth0,188.00,116.00,304.00,116,188,2.00,2.00,4.00,2,2,0.00,0.00,0,0,1504.00,928.00,2432.00,928,1504
1669090324.198172,docker0,0.00,0.00,0.00,0,0,0.00,0.00,0.00,0,0,0.00,0.00,0,0,0.00,0.00,0.00,0,0
1669090324.198183,s1-eth1,42504.00,1973682.00,2016186.00,1973682,42504,644.00,681.00,1325.00,681,644,0.00,0.00,0,0,340032.00,15789456.00,16129488.00,15789456,340032
1669090324.198197,s2-eth2,61380.00,5586832.00,5648212.00,5586832,61380,930.00,1016.00,1946.00,1016,930,0.00,0.00,0,0,491040.00,44694656.00,45185696.00,44694656,491040
1669090324.198211,s2-eth3,67848.00,4568958.00,4636806.00,4568958,67848,1028.00,1039.00,2067.00,1039,1028,0.00,0.00,0,0,542784.00,36551664.00,37094448.00,36551664,542784
1669090324.198268,s1-eth3,12057332.00,171600.00,12228932.00,171600,12057332,2718.00,2600.00,5318.00,2600,2718,0.00,0.00,0,0,96458656.00,1372800.00,97831456.00,1372800,96458656
1669090324.198284,s1-eth2,129096.00,10154408.00,10283504.00,10154408,129096,1956.00,2056.00,4012.00,2056,1956,0.00,0.00,0,0,1032768.00,81235264.00,82268032.00,81235264,1032768
1669090324.198298,s2-eth1,10154408.00,129096.00,10283504.00,129096,10154408,2056.00,1956.00,4012.00,1956,2056,0.00,0.00,0,0,81235264.00,1032768.00,82268032.00,1032768,81235264
1669090324.198322,total,22512866.00,22584802.00,45097668.00,22584802,22512866,9336.00,9352.00,18688.00,9352,9336,0.00,0.00,0,0,180102928.00,180678416.00,360781344.00,180678416,180102928
1669090325.198621,lo,110.00,110.00,220.00,110,110,2.00,2.00,4.00,2,2,0.00,0.00,0,0,880.00,880.00,1760.00,880,880
1669090325.198668,eth0,98.00,40.00,138.00,40,98,1.00,1.00,2.00,1,1,0.00,0.00,0,0,784.00,320.00,1104.00,320,784
1669090325.198698,docker0,0.00,0.00,0.00,0,0,0.00,0.00,0.00,0,0,0.00,0.00,0,0,0.00,0.00,0.00,0,0
1669090325.198708,s1-eth1,47124.00,2189974.00,2237098.00,2189974,47124,714.00,755.00,1469.00,755,714,0.00,0.00,0,0,376992.00,17519792.00,17896784.00,17519792,376992
1669090325.198722,s2-eth2,59136.00,5408064.00,5467200.00,5408064,59136,896.00,984.00,1880.00,984,896,0.00,0.00,0,0,473088.00,43264512.00,43737600.00,43264512,473088
1669090325.198736,s2-eth3,67650.00,4529136.00,4596786.00,4529136,67650,1025.00,1028.00,2053.00,1028,1025,0.00,0.00,0,0,541200.00,36233088.00,36774288.00,36233088,541200
1669090325.198766,s1-eth3,12060958.00,173976.00,12234934.00,173976,12060958,2751.00,2636.00,5387.00,2636,2751,0.00,0.00,0,0,96487664.00,1391808.00,97879472.00,1391808,96487664
1669090325.198779,s1-eth2,126852.00,9940096.00,10066948.00,9940096,126852,1922.00,2012.00,3934.00,2012,1922,0.00,0.00,0,0,1014816.00,79520768.00,80535584.00,79520768,1014816
1669090325.198793,s2-eth1,9940096.00,126852.00,10066948.00,126852,9940096,2012.00,1922.00,3934.00,1922,2012,0.00,0.00,0,0,79520768.00,1014816.00,80535584.00,1014816,79520768
1669090325.198817,total,22302024.00,22368248.00,44670272.00,22368248,22302024,9323.00,9340.00,18663.00,9340,9323,0.00,0.00,0,0,178416192.00,178945984.00,357362176.00,178945984,178416192
1669090326.199102,lo,616.00,616.00,1232.00,616,616,10.00,10.00,20.00,10,10,0.00,0.00,0,0,4928.00,4928.00,9856.00,4928,4928
1669090326.199163,eth0,176.00,148.00,324.00,148,176,2.00,2.00,4.00,2,2,0.00,0.00,0,0,1408.00,1184.00,2592.00,1184,1408
1669090326.199183,docker0,0.00,0.00,0.00,0,0,0.00,0.00,0.00,0,0,0.00,0.00,0,0,0.00,0.00,0.00,0,0
1669090326.199194,s1-eth1,51084.00,2364864.00,2415948.00,2364864,51084,774.00,816.00,1590.00,816,774,0.00,0.00,0,0,408672.00,18918912.00,19327584.00,18918912,408672
1669090326.199208,s2-eth2,57882.00,5276160.00,5334042.00,5276160,57882,877.00,960.00,1837.00,960,877,0.00,0.00,0,0,463056.00,42209280.00,42672336.00,42209280,463056
1669090326.199226,s2-eth3,66726.00,4480626.00,4547352.00,4480626,66726,1011.00,1017.00,2028.00,1017,1011,0.00,0.00,0,0,533808.00,35845008.00,36378816.00,35845008,533808
1669090326.199259,s1-eth3,12059844.00,175692.00,12235536.00,175692,12059844,2778.00,2662.00,5440.00,2662,2778,0.00,0.00,0,0,96478752.00,1405536.00,97884288.00,1405536,96478752
1669090326.199274,s1-eth2,124608.00,9756786.00,9881394.00,9756786,124608,1888.00,1977.00,3865.00,1977,1888,0.00,0.00,0,0,996864.00,78054288.00,79051152.00,78054288,996864
1669090326.199288,s2-eth1,9756786.00,124608.00,9881394.00,124608,9756786,1977.00,1888.00,3865.00,1888,1977,0.00,0.00,0,0,78054288.00,996864.00,79051152.00,996864,78054288
1669090326.199312,total,22117722.00,22179500.00,44297224.00,22179500,22117722,9317.00,9332.00,18649.00,9332,9317,0.00,0.00,0,0,176941776.00,177436000.00,354377792.00,177436000,176941776
1669090327.199609,lo,0.00,0.00,0.00,0,0,0.00,0.00,0.00,0,0,0.00,0.00,0,0,0.00,0.00,0.00,0,0
1669090327.199654,eth0,0.00,0.00,0.00,0,0,0.00,0.00,0.00,0,0,0.00,0.00,0,0,0.00,0.00,0.00,0,0
1669090327.199667,docker0,0.00,0.00,0.00,0,0,0.00,0.00,0.00,0,0,0.00,0.00,0,0,0.00,0.00,0.00,0,0
1669090327.199678,s1-eth1,49704.00,2187280.00,2236984.00,2187280,49704,742.00,780.00,1522.00,780,742,0.00,0.00,0,0,397632.00,17498240.00,17895872.00,17498240,397632
1669090327.199693,s2-eth2,59238.00,4627716.00,4686954.00,4627716,59238,881.00,942.00,1823.00,942,881,0.00,0.00,0,0,473904.00,37021728.00,37495632.00,37021728,473904
1669090327.199707,s2-eth3,66924.00,5031192.00,5098116.00,5031192,66924,1014.00,1000.00,2014.00,1000,1014,0.00,0.00,0,0,535392.00,40249536.00,40784928.00,40249536,535392
1669090327.199737,s1-eth3,12057476.00,175800.00,12233276.00,175800,12057476,2786.00,2636.00,5422.00,2636,2786,0.00,0.00,0,0,96459808.00,1406400.00,97866208.00,1406400,96459808
1669090327.199751,s1-eth2,126162.00,9653116.00,9779278.00,9653116,126162,1895.00,1942.00,3837.00,1942,1895,0.00,0.00,0,0,1009296.00,77224928.00,78234224.00,77224928,1009296
1669090327.199765,s2-eth1,9653116.00,126162.00,9779278.00,126162,9653116,1942.00,1895.00,3837.00,1895,1942,0.00,0.00,0,0,77224928.00,1009296.00,78234224.00,1009296,77224928
1669090327.199805,total,22012620.00,21801266.00,43813888.00,21801266,22012620,9260.00,9195.00,18455.00,9195,9260,0.00,0.00,0,0,176100960.00,174410128.00,350511104.00,174410128,176100960
1669090328.200121,lo,346.00,346.00,692.00,346,346,6.00,6.00,12.00,6,6,0.00,0.00,0,0,2768.00,2768.00,5536.00,2768,2768
1669090328.200171,eth0,162.00,268.00,430.00,268,162,3.00,3.00,6.00,3,3,0.00,0.00,0,0,1296.00,2144.00,3440.00,2144,1296
1669090328.200184,docker0,0.00,0.00,0.00,0,0,0.00,0.00,0.00,0,0,0.00,0.00,0,0,0.00,0.00,0.00,0,0
1669090328.200195,s1-eth1,44616.00,2075904.00,2120520.00,2075904,44616,676.00,716.00,1392.00,716,676,0.00,0.00,0,0,356928.00,16607232.00,16964160.00,16607232,356928
1669090328.200209,s2-eth2,56430.00,3779436.00,3835866.00,3779436,56430,855.00,858.00,1713.00,858,855,0.00,0.00,0,0,451440.00,30235488.00,30686928.00,30235488,451440
1669090328.200222,s2-eth3,59466.00,6259414.00,6318880.00,6259414,59466,901.00,939.00,1840.00,939,901,0.00,0.00,0,0,475728.00,50075312.00,50551040.00,50075312,475728
1669090328.200292,s1-eth3,12041954.00,160578.00,12202532.00,160578,12041954,2485.00,2433.00,4918.00,2433,2485,0.00,0.00,0,0,96335632.00,1284624.00,97620256.00,1284624,96335632
1669090328.200309,s1-eth2,115896.00,10053462.00,10169358.00,10053462,115896,1756.00,1799.00,3555.00,1799,1756,0.00,0.00,0,0,927168.00,80427696.00,81354864.00,80427696,927168
1669090328.200323,s2-eth1,10053462.00,115896.00,10169358.00,115896,10053462,1799.00,1756.00,3555.00,1756,1799,0.00,0.00,0,0,80427696.00,927168.00,81354864.00,927168,80427696
1669090328.200348,total,22372332.00,22445304.00,44817636.00,22445304,22372332,8481.00,8510.00,16991.00,8510,8481,0.00,0.00,0,0,178978656.00,179562432.00,358541088.00,179562432,178978656
1669090329.200634,lo,110.00,110.00,220.00,110,110,2.00,2.00,4.00,2,2,0.00,0.00,0,0,880.00,880.00,1760.00,880,880
1669090329.200681,eth0,98.00,40.00,138.00,40,98,1.00,1.00,2.00,1,1,0.00,0.00,0,0,784.00,320.00,1104.00,320,784
1669090329.200695,docker0,0.00,0.00,0.00,0,0,0.00,0.00,0.00,0,0,0.00,0.00,0,0,0.00,0.00,0.00,0,0
1669090329.200705,s1-eth1,49698.00,2305558.00,2355256.00,2305558,49698,753.00,795.00,1548.00,795,753,0.00,0.00,0,0,397584.00,18444464.00,18842048.00,18444464,397584
1669090329.200719,s2-eth2,56958.00,3841110.00,3898068.00,3841110,56958,863.00,871.00,1734.00,871,863,0.00,0.00,0,0,455664.00,30728880.00,31184544.00,30728880,455664
1669090329.200733,s2-eth3,65802.00,6001632.00,6067434.00,6001632,65802,997.00,1092.00,2089.00,1092,997,0.00,0.00,0,0,526416.00,48013056.00,48539472.00,48013056,526416
1669090329.200762,s1-eth3,12064312.00,172326.00,12236638.00,172326,12064312,2736.00,2611.00,5347.00,2611,2736,0.00,0.00,0,0,96514496.00,1378608.00,97893104.00,1378608,96514496
1669090329.200776,s1-eth2,122694.00,9828064.00,9950758.00,9828064,122694,1859.00,1960.00,3819.00,1960,1859,0.00,0.00,0,0,981552.00,78624512.00,79606064.00,78624512,981552
1669090329.200790,s2-eth1,9828064.00,122694.00,9950758.00,122694,9828064,1960.00,1859.00,3819.00,1859,1960,0.00,0.00,0,0,78624512.00,981552.00,79606064.00,981552,78624512
1669090329.200814,total,22187736.00,22271534.00,44459272.00,22271534,22187736,9171.00,9191.00,18362.00,9191,9171,0.00,0.00,0,0,177501888.00,178172272.00,355674176.00,178172272,177501888
1669090330.201021,lo,110.00,110.00,220.00,110,110,2.00,2.00,4.00,2,2,0.00,0.00,0,0,880.00,880.00,1760.00,880,880
1669090330.201086,eth0,98.00,40.00,138.00,40,98,1.00,1.00,2.00,1,1,0.00,0.00,0,0,784.00,320.00,1104.00,320,784
1669090330.201102,docker0,0.00,0.00,0.00,0,0,0.00,0.00,0.00,0,0,0.00,0.00,0,0,0.00,0.00,0.00,0,0
1669090330.201113,s1-eth1,52602.00,2437466.00,2490068.00,2437466,52602,797.00,841.00,1638.00,841,797,0.00,0.00,0,0,420816.00,19499728.00,19920544.00,19499728,420816
1669090330.201129,s2-eth2,57222.00,3832356.00,3889578.00,3832356,57222,867.00,870.00,1737.00,870,867,0.00,0.00,0,0,457776.00,30658848.00,31116624.00,30658848,457776
1669090330.201144,s2-eth3,64020.00,5840438.00,5904458.00,5840438,64020,970.00,1063.00,2033.00,1063,970,0.00,0.00,0,0,512160.00,46723504.00,47235664.00,46723504,512160
1669090330.201237,s1-eth3,12058722.00,173910.00,12232632.00,173910,12058722,2761.00,2635.00,5396.00,2635,2761,0.00,0.00,0,0,96469776.00,1391280.00,97861056.00,1391280,96469776
1669090330.201257,s1-eth2,121308.00,9683062.00,9804370.00,9683062,121308,1838.00,1935.00,3773.00,1935,1838,0.00,0.00,0,0,970464.00,77464496.00,78434960.00,77464496,970464
1669090330.201272,s2-eth1,9683062.00,121308.00,9804370.00,121308,9683062,1935.00,1838.00,3773.00,1838,1935,0.00,0.00,0,0,77464496.00,970464.00,78434960.00,970464,77464496
1669090330.201298,total,22037144.00,22088690.00,44125832.00,22088690,22037144,9171.00,9185.00,18356.00,9185,9171,0.00,0.00,0,0,176297152.00,176709520.00,353006656.00,176709520,176297152
1669090331.201729,lo,344.00,344.00,688.00,344,344,6.00,6.00,12.00,6,6,0.00,0.00,0,0,2752.00,2752.00,5504.00,2752,2752
1669090331.201826,eth0,0.00,0.00,0.00,0,0,0.00,0.00,0.00,0,0,0.00,0.00,0,0,0.00,0.00,0.00,0,0
1669090331.201847,docker0,0.00,0.00,0.00,0,0,0.00,0.00,0.00,0,0,0.00,0.00,0,0,0.00,0.00,0.00,0,0
1669090331.201858,s1-eth1,55176.00,2548574.00,2603750.00,2548574,55176,836.00,879.00,1715.00,879,836,0.00,0.00,0,0,441408.00,20388592.00,20830000.00,20388592,441408
1669090331.201873,s2-eth2,56958.00,3836700.00,3893658.00,3836700,56958,863.00,870.00,1733.00,870,863,0.00,0.00,0,0,455664.00,30693600.00,31149264.00,30693600,455664
1669090331.201886,s2-eth3,63464.00,5561560.00,5625024.00,5561560,63464,946.00,1028.00,1974.00,1028,946,0.00,0.00,0,0,507712.00,44492480.00,45000192.00,44492480,507712
1669090331.201936,s1-eth3,12065702.00,175592.00,12241294.00,175592,12065702,2779.00,2644.00,5423.00,2644,2779,0.00,0.00,0,0,96525616.00,1404736.00,97930352.00,1404736,96525616
1669090331.201952,s1-eth2,120396.00,9396812.00,9517208.00,9396812,120396,1808.00,1898.00,3706.00,1898,1808,0.00,0.00,0,0,963168.00,75174496.00,76137664.00,75174496,963168
1669090331.201967,s2-eth1,9396812.00,120396.00,9517208.00,120396,9396812,1898.00,1808.00,3706.00,1808,1898,0.00,0.00,0,0,75174496.00,963168.00,76137664.00,963168,75174496
1669090331.201991,total,21758852.00,21639978.00,43398832.00,21639978,21758852,9136.00,9133.00,18269.00,9133,9136,0.00,0.00,0,0,174070816.00,173119824.00,347190656.00,173119824,174070816
1669090332.202230,lo,0.00,0.00,0.00,0,0,0.00,0.00,0.00,0,0,0.00,0.00,0,0,0.00,0.00,0.00,0,0
1669090332.202306,eth0,0.00,0.00,0.00,0,0,0.00,0.00,0.00,0,0,0.00,0.00,0,0,0.00,0.00,0.00,0,0
1669090332.202318,docker0,0.00,0.00,0.00,0,0,0.00,0.00,0.00,0,0,0.00,0.00,0,0,0.00,0.00,0.00,0,0
1669090332.202328,s1-eth1,61048.00,2660478.00,2721526.00,2660478,61048,904.00,951.00,1855.00,951,904,0.00,0.00,0,0,488384.00,21283824.00,21772208.00,21283824,488384
1669090332.202343,s2-eth2,65802.00,5344822.00,5410624.00,5344822,65802,997.00,1035.00,2032.00,1035,997,0.00,0.00,0,0,526416.00,42758576.00,43284992.00,42758576,526416
1669090332.202356,s2-eth3,72658.00,4022682.00,4095340.00,4022682,72658,1097.00,1121.00,2218.00,1121,1097,0.00,0.00,0,0,581264.00,32181456.00,32762720.00,32181456,581264
1669090332.202386,s1-eth3,12070968.00,199514.00,12270482.00,199514,12070968,3144.00,2999.00,6143.00,2999,3144,0.00,0.00,0,0,96567744.00,1596112.00,98163856.00,1596112,96567744
1669090332.202401,s1-eth2,138420.00,9367504.00,9505924.00,9367504,138420,2094.00,2156.00,4250.00,2156,2094,0.00,0.00,0,0,1107360.00,74940032.00,76047392.00,74940032,1107360
1669090332.202415,s2-eth1,9367504.00,138420.00,9505924.00,138420,9367504,2156.00,2094.00,4250.00,2094,2156,0.00,0.00,0,0,74940032.00,1107360.00,76047392.00,1107360,74940032
1669090332.202438,total,21776400.00,21733420.00,43509820.00,21733420,21776400,10392.00,10356.00,20748.00,10356,10392,0.00,0.00,0,0,174211200.00,173867360.00,348078560.00,173867360,174211200
1669090333.202679,lo,228.00,228.00,456.00,228,228,4.00,4.00,8.00,4,4,0.00,0.00,0,0,1824.00,1824.00,3648.00,1824,1824
1669090333.202741,eth0,150.00,196.00,346.00,196,150,3.00,3.00,6.00,3,3,0.00,0.00,0,0,1200.00,1568.00,2768.00,1568,1200
1669090333.202756,docker0,0.00,0.00,0.00,0,0,0.00,0.00,0.00,0,0,0.00,0.00,0,0,0.00,0.00,0.00,0,0
1669090333.202784,s1-eth1,49170.00,2281862.00,2331032.00,2281862,49170,745.00,787.00,1532.00,787,745,0.00,0.00,0,0,393360.00,18254896.00,18648256.00,18254896,393360
1669090333.202798,s2-eth2,60720.00,5545826.00,5606546.00,5545826,60720,920.00,1009.00,1929.00,1009,920,0.00,0.00,0,0,485760.00,44366608.00,44852368.00,44366608,485760
1669090333.202812,s2-eth3,64218.00,4304358.00,4368576.00,4304358,64218,973.00,979.00,1952.00,979,973,0.00,0.00,0,0,513744.00,34434864.00,34948608.00,34434864,513744
1669090333.202878,s1-eth3,12065764.00,174108.00,12239872.00,174108,12065764,2758.00,2638.00,5396.00,2638,2758,0.00,0.00,0,0,96526112.00,1392864.00,97918976.00,1392864,96526112
1669090333.202897,s1-eth2,124938.00,9841364.00,9966302.00,9841364,124938,1893.00,1986.00,3879.00,1986,1893,0.00,0.00,0,0,999504.00,78730912.00,79730416.00,78730912,999504
1669090333.202910,s2-eth1,9841364.00,124938.00,9966302.00,124938,9841364,1986.00,1893.00,3879.00,1893,1986,0.00,0.00,0,0,78730912.00,999504.00,79730416.00,999504,78730912
1669090333.202935,total,22206552.00,22272880.00,44479432.00,22272880,22206552,9282.00,9299.00,18581.00,9299,9282,0.00,0.00,0,0,177652416.00,178183040.00,355835456.00,178183040,177652416
1669090334.203223,lo,110.00,110.00,220.00,110,110,2.00,2.00,4.00,2,2,0.00,0.00,0,0,880.00,880.00,1760.00,880,880
1669090334.203316,eth0,188.00,116.00,304.00,116,188,2.00,2.00,4.00,2,2,0.00,0.00,0,0,1504.00,928.00,2432.00,928,1504
1669090334.203330,docker0,0.00,0.00,0.00,0,0,0.00,0.00,0.00,0,0,0.00,0.00,0,0,0.00,0.00,0.00,0,0
1669090334.203341,s1-eth1,53460.00,2478934.00,2532394.00,2478934,53460,810.00,855.00,1665.00,855,810,0.00,0.00,0,0,427680.00,19831472.00,20259152.00,19831472,427680
1669090334.203355,s2-eth2,59862.00,5456442.00,5516304.00,5456442,59862,907.00,993.00,1900.00,993,907,0.00,0.00,0,0,478896.00,43651536.00,44130432.00,43651536,478896
1669090334.203368,s2-eth3,62370.00,4189698.00,4252068.00,4189698,62370,945.00,953.00,1898.00,953,945,0.00,0.00,0,0,498960.00,33517584.00,34016544.00,33517584,498960
1669090334.203398,s1-eth3,12055896.00,175692.00,12231588.00,175692,12055896,2784.00,2662.00,5446.00,2662,2784,0.00,0.00,0,0,96447168.00,1405536.00,97852704.00,1405536,96447168
1669090334.203412,s1-eth2,122298.00,9650550.00,9772848.00,9650550,122298,1853.00,1947.00,3800.00,1947,1853,0.00,0.00,0,0,978384.00,77204400.00,78182784.00,77204400,978384
1669090334.203426,s2-eth1,9650550.00,122298.00,9772848.00,122298,9650550,1947.00,1853.00,3800.00,1853,1947,0.00,0.00,0,0,77204400.00,978384.00,78182784.00,978384,77204400
1669090334.203450,total,22004734.00,22073840.00,44078576.00,22073840,22004734,9250.00,9267.00,18517.00,9267,9250,0.00,0.00,0,0,176037872.00,176590720.00,352628608.00,176590720,176037872
1669090335.203700,lo,110.00,110.00,220.00,110,110,2.00,2.00,4.00,2,2,0.00,0.00,0,0,880.00,880.00,1760.00,880,880
1669090335.203749,eth0,98.00,40.00,138.00,40,98,1.00,1.00,2.00,1,1,0.00,0.00,0,0,784.00,320.00,1104.00,320,784
1669090335.203763,docker0,0.00,0.00,0.00,0,0,0.00,0.00,0.00,0,0,0.00,0.00,0,0,0.00,0.00,0.00,0,0
1669090335.203773,s1-eth1,56166.00,2594518.00,2650684.00,2594518,56166,851.00,895.00,1746.00,895,851,0.00,0.00,0,0,449328.00,20756144.00,21205472.00,20756144,449328
1669090335.203787,s2-eth2,58608.00,5318680.00,5377288.00,5318680,58608,888.00,968.00,1856.00,968,888,0.00,0.00,0,0,468864.00,42549440.00,43018304.00,42549440,468864
1669090335.203801,s2-eth3,62568.00,4203060.00,4265628.00,4203060,62568,948.00,958.00,1906.00,958,948,0.00,0.00,0,0,500544.00,33624480.00,34125024.00,33624480,500544
1669090335.203832,s1-eth3,12053004.00,177342.00,12230346.00,177342,12053004,2806.00,2687.00,5493.00,2687,2806,0.00,0.00,0,0,96424032.00,1418736.00,97842768.00,1418736,96424032
1669090335.203847,s1-eth2,121110.00,9527598.00,9648708.00,9527598,121110,1835.00,1927.00,3762.00,1927,1835,0.00,0.00,0,0,968880.00,76220784.00,77189664.00,76220784,968880
1669090335.203861,s2-eth1,9527598.00,121110.00,9648708.00,121110,9527598,1927.00,1835.00,3762.00,1835,1927,0.00,0.00,0,0,76220784.00,968880.00,77189664.00,968880,76220784
1669090335.203912,total,21879262.00,21942458.00,43821720.00,21942458,21879262,9258.00,9273.00,18531.00,9273,9258,0.00,0.00,0,0,175034096.00,175539664.00,350573760.00,175539664,175034096
1669090336.204202,lo,344.00,344.00,688.00,344,344,6.00,6.00,12.00,6,6,0.00,0.00,0,0,2752.00,2752.00,5504.00,2752,2752
1669090336.204281,eth0,0.00,0.00,0.00,0,0,0.00,0.00,0.00,0,0,0.00,0.00,0,0,0.00,0.00,0.00,0,0
1669090336.204293,docker0,0.00,0.00,0.00,0,0,0.00,0.00,0.00,0,0,0.00,0.00,0,0,0.00,0.00,0.00,0,0
1669090336.204303,s1-eth1,54102.00,2369740.00,2423842.00,2369740,54102,801.00,846.00,1647.00,846,801,0.00,0.00,0,0,432816.00,18957920.00,19390736.00,18957920,432816
1669090336.204318,s2-eth2,59070.00,4412158.00,4471228.00,4412158,59070,885.00,923.00,1808.00,923,885,0.00,0.00,0,0,472560.00,35297264.00,35769824.00,35297264,472560
1669090336.204331,s2-eth3,66792.00,5058972.00,5125764.00,5058972,66792,1012.00,1026.00,2038.00,1026,1012,0.00,0.00,0,0,534336.00,40471776.00,41006112.00,40471776,534336
1669090336.204386,s1-eth3,12066110.00,180030.00,12246140.00,180030,12066110,2851.00,2699.00,5550.00,2699,2851,0.00,0.00,0,0,96528880.00,1440240.00,97969120.00,1440240,96528880
1669090336.204401,s1-eth2,125994.00,9466720.00,9592714.00,9466720,125994,1899.00,1948.00,3847.00,1948,1899,0.00,0.00,0,0,1007952.00,75733760.00,76741712.00,75733760,1007952
1669090336.204415,s2-eth1,9466720.00,125994.00,9592714.00,125994,9466720,1948.00,1899.00,3847.00,1899,1948,0.00,0.00,0,0,75733760.00,1007952.00,76741712.00,1007952,75733760
1669090336.204440,total,21839132.00,21613958.00,43453088.00,21613958,21839132,9402.00,9347.00,18749.00,9347,9402,0.00,0.00,0,0,174713056.00,172911664.00,347624704.00,172911664,174713056
1669090337.204764,lo,0.00,0.00,0.00,0,0,0.00,0.00,0.00,0,0,0.00,0.00,0,0,0.00,0.00,0.00,0,0
1669090337.204831,eth0,0.00,0.00,0.00,0,0,0.00,0.00,0.00,0,0,0.00,0.00,0,0,0.00,0.00,0.00,0,0
1669090337.204842,docker0,0.00,0.00,0.00,0,0,0.00,0.00,0.00,0,0,0.00,0.00,0,0,0.00,0.00,0.00,0,0
1669090337.204852,s1-eth1,49038.00,2278900.00,2327938.00,2278900,49038,743.00,786.00,1529.00,786,743,0.00,0.00,0,0,392304.00,18231200.00,18623504.00,18231200,392304
1669090337.204867,s2-eth2,57750.00,3889884.00,3947634.00,3889884,57750,875.00,886.00,1761.00,886,875,0.00,0.00,0,0,462000.00,31119072.00,31581072.00,31119072,462000
1669090337.204881,s2-eth3,65538.00,5970828.00,6036366.00,5970828,65538,993.00,1086.00,2079.00,1086,993,0.00,0.00,0,0,524304.00,47766624.00,48290928.00,47766624,524304
1669090337.204911,s1-eth3,12061548.00,172260.00,12233808.00,172260,12061548,2738.00,2610.00,5348.00,2610,2738,0.00,0.00,0,0,96492384.00,1378080.00,97870464.00,1378080,96492384
1669090337.204983,s1-eth2,123156.00,9854854.00,9978010.00,9854854,123156,1866.00,1971.00,3837.00,1971,1866,0.00,0.00,0,0,985248.00,78838832.00,79824080.00,78838832,985248
1669090337.205003,s2-eth1,9854854.00,123156.00,9978010.00,123156,9854854,1971.00,1866.00,3837.00,1866,1971,0.00,0.00,0,0,78838832.00,985248.00,79824080.00,985248,78838832
1669090337.205028,total,22211884.00,22289882.00,44501768.00,22289882,22211884,9186.00,9205.00,18391.00,9205,9186,0.00,0.00,0,0,177695072.00,178319056.00,356014144.00,178319056,177695072
1669090338.205344,lo,228.00,228.00,456.00,228,228,4.00,4.00,8.00,4,4,0.00,0.00,0,0,1824.00,1824.00,3648.00,1824,1824
1669090338.205393,eth0,108.00,168.00,276.00,168,108,2.00,2.00,4.00,2,2,0.00,0.00,0,0,864.00,1344.00,2208.00,1344,864
1669090338.205407,docker0,0.00,0.00,0.00,0,0,0.00,0.00,0.00,0,0,0.00,0.00,0,0,0.00,0.00,0.00,0,0
1669090338.205418,s1-eth1,53394.00,2475972.00,2529366.00,2475972,53394,809.00,854.00,1663.00,854,809,0.00,0.00,0,0,427152.00,19807776.00,20234928.00,19807776,427152
1669090338.205432,s2-eth2,57948.00,3889620.00,3947568.00,3889620,57948,878.00,882.00,1760.00,882,878,0.00,0.00,0,0,463584.00,31116960.00,31580544.00,31116960,463584
1669090338.205478,s2-eth3,63294.00,5768628.00,5831922.00,5768628,63294,959.00,1050.00,2009.00,1050,959,0.00,0.00,0,0,506352.00,46149024.00,46655376.00,46149024,506352
1669090338.205510,s1-eth3,12060632.00,174636.00,12235268.00,174636,12060632,2768.00,2646.00,5414.00,2646,2768,0.00,0.00,0,0,96485056.00,1397088.00,97882144.00,1397088,96485056
1669090338.205544,s1-eth2,121242.00,9662658.00,9783900.00,9662658,121242,1837.00,1933.00,3770.00,1933,1837,0.00,0.00,0,0,969936.00,77301264.00,78271200.00,77301264,969936
1669090338.205558,s2-eth1,9662658.00,121242.00,9783900.00,121242,9662658,1933.00,1837.00,3770.00,1837,1933,0.00,0.00,0,0,77301264.00,969936.00,78271200.00,969936,77301264
1669090338.205582,total,22019504.00,22093152.00,44112656.00,22093152,22019504,9190.00,9208.00,18398.00,9208,9190,0.00,0.00,0,0,176156032.00,176745216.00,352901248.00,176745216,176156032
1669090339.205795,lo,110.00,110.00,220.00,110,110,2.00,2.00,4.00,2,2,0.00,0.00,0,0,880.00,880.00,1760.00,880,880
1669090339.205842,eth0,98.00,40.00,138.00,40,98,1.00,1.00,2.00,1,1,0.00,0.00,0,0,784.00,320.00,1104.00,320,784
1669090339.205856,docker0,0.00,0.00,0.00,0,0,0.00,0.00,0.00,0,0,0.00,0.00,0,0,0.00,0.00,0.00,0,0
1669090339.205866,s1-eth1,56562.00,2621176.00,2677738.00,2621176,56562,857.00,904.00,1761.00,904,857,0.00,0.00,0,0,452496.00,20969408.00,21421904.00,20969408,452496
1669090339.205880,s2-eth2,56760.00,3823602.00,3880362.00,3823602,56760,860.00,869.00,1729.00,869,860,0.00,0.00,0,0,454080.00,30588816.00,31042896.00,30588816,454080
1669090339.205894,s2-eth3,62506.00,5683588.00,5746094.00,5683588,62506,947.00,1034.00,1981.00,1034,947,0.00,0.00,0,0,500048.00,45468704.00,45968752.00,45468704,500048
1669090339.205923,s1-eth3,12056226.00,175692.00,12231918.00,175692,12056226,2789.00,2662.00,5451.00,2662,2789,0.00,0.00,0,0,96449808.00,1405536.00,97855344.00,1405536,96449808
1669090339.205937,s1-eth2,119196.00,9505742.00,9624938.00,9505742,119196,1806.00,1903.00,3709.00,1903,1806,0.00,0.00,0,0,953568.00,76045936.00,76999504.00,76045936,953568
1669090339.205951,s2-eth1,9505742.00,119196.00,9624938.00,119196,9505742,1903.00,1806.00,3709.00,1806,1903,0.00,0.00,0,0,76045936.00,953568.00,76999504.00,953568,76045936
1669090339.205974,total,21857200.00,21929146.00,43786344.00,21929146,21857200,9165.00,9181.00,18346.00,9181,9165,0.00,0.00,0,0,174857600.00,175433168.00,350290752.00,175433168,174857600
1669090340.206301,lo,110.00,110.00,220.00,110,110,2.00,2.00,4.00,2,2,0.00,0.00,0,0,880.00,880.00,1760.00,880,880
1669090340.206350,eth0,188.00,116.00,304.00,116,188,2.00,2.00,4.00,2,2,0.00,0.00,0,0,1504.00,928.00,2432.00,928,1504
1669090340.206364,docker0,0.00,0.00,0.00,0,0,0.00,0.00,0.00,0,0,0.00,0.00,0,0,0.00,0.00,0.00,0,0
1669090340.206374,s1-eth1,57474.00,2529688.00,2587162.00,2529688,57474,859.00,900.00,1759.00,900,859,0.00,0.00,0,0,459792.00,20237504.00,20697296.00,20237504,459792
1669090340.206388,s2-eth2,60126.00,4035216.00,4095342.00,4035216,60126,911.00,916.00,1827.00,916,911,0.00,0.00,0,0,481008.00,32281728.00,32762736.00,32281728,481008
1669090340.206402,s2-eth3,60954.00,5245628.00,5306582.00,5245628,60954,913.00,1002.00,1915.00,1002,913,0.00,0.00,0,0,487632.00,41965024.00,42452656.00,41965024,487632
1669090340.206432,s1-eth3,12057356.00,178554.00,12235910.00,178554,12057356,2850.00,2683.00,5533.00,2683,2850,0.00,0.00,0,0,96458848.00,1428432.00,97887280.00,1428432,96458848
1669090340.206464,s1-eth2,121080.00,9283740.00,9404820.00,9283740,121080,1824.00,1918.00,3742.00,1918,1824,0.00,0.00,0,0,968640.00,74269920.00,75238560.00,74269920,968640
1669090340.206479,s2-eth1,9283740.00,121080.00,9404820.00,121080,9283740,1918.00,1824.00,3742.00,1824,1918,0.00,0.00,0,0,74269920.00,968640.00,75238560.00,968640,74269920
1669090340.206503,total,21641028.00,21394132.00,43035160.00,21394132,21641028,9279.00,9247.00,18526.00,9247,9279,0.00,0.00,0,0,173128224.00,171153056.00,344281280.00,171153056,173128224
1669090341.206740,lo,344.00,344.00,688.00,344,344,6.00,6.00,12.00,6,6,0.00,0.00,0,0,2752.00,2752.00,5504.00,2752,2752
1669090341.206796,eth0,0.00,0.00,0.00,0,0,0.00,0.00,0.00,0,0,0.00,0.00,0,0,0.00,0.00,0.00,0,0
1669090341.206817,docker0,0.00,0.00,0.00,0,0,0.00,0.00,0.00,0,0,0.00,0.00,0,0,0.00,0.00,0.00,0,0
1669090341.206828,s1-eth1,49302.00,2292262.00,2341564.00,2292262,49302,747.00,791.00,1538.00,791,747,0.00,0.00,0,0,394416.00,18338096.00,18732512.00,18338096,394416
1669090341.206876,s2-eth2,64152.00,5726174.00,5790326.00,5726174,64152,972.00,1043.00,2015.00,1043,972,0.00,0.00,0,0,513216.00,45809392.00,46322608.00,45809392,513216
1669090341.206891,s2-eth3,62106.00,4112030.00,4174136.00,4112030,62106,941.00,939.00,1880.00,939,941,0.00,0.00,0,0,496848.00,32896240.00,33393088.00,32896240,496848
1669090341.206921,s1-eth3,12057212.00,175626.00,12232838.00,175626,12057212,2782.00,2661.00,5443.00,2661,2782,0.00,0.00,0,0,96457696.00,1405008.00,97862704.00,1405008,96457696
1669090341.206935,s1-eth2,126324.00,9833794.00,9960118.00,9833794,126324,1914.00,1981.00,3895.00,1981,1914,0.00,0.00,0,0,1010592.00,78670352.00,79680944.00,78670352,1010592
1669090341.206951,s2-eth1,9833794.00,126324.00,9960118.00,126324,9833794,1981.00,1914.00,3895.00,1914,1981,0.00,0.00,0,0,78670352.00,1010592.00,79680944.00,1010592,78670352
1669090341.206976,total,22193234.00,22266554.00,44459788.00,22266554,22193234,9343.00,9335.00,18678.00,9335,9343,0.00,0.00,0,0,177545872.00,178132432.00,355678304.00,178132432,177545872
1669090342.207263,lo,0.00,0.00,0.00,0,0,0.00,0.00,0.00,0,0,0.00,0.00,0,0,0.00,0.00,0.00,0,0
1669090342.207308,eth0,90.00,76.00,166.00,76,90,1.00,1.00,2.00,1,1,0.00,0.00,0,0,720.00,608.00,1328.00,608,720
1669090342.207322,docker0,0.00,0.00,0.00,0,0,0.00,0.00,0.00,0,0,0.00,0.00,0,0,0.00,0.00,0.00,0,0
1669090342.207333,s1-eth1,53856.00,2502630.00,2556486.00,2502630,53856,816.00,863.00,1679.00,863,816,0.00,0.00,0,0,430848.00,20021040.00,20451888.00,20021040,430848
1669090342.207348,s2-eth2,61116.00,5563400.00,5624516.00,5563400,61116,926.00,1012.00,1938.00,1012,926,0.00,0.00,0,0,488928.00,44507200.00,44996128.00,44507200,488928
1669090342.207361,s2-eth3,60654.00,4074972.00,4135626.00,4074972,60654,919.00,926.00,1845.00,926,919,0.00,0.00,0,0,485232.00,32599776.00,33085008.00,32599776,485232
1669090342.207391,s1-eth3,12063004.00,175626.00,12238630.00,175626,12063004,2782.00,2661.00,5443.00,2661,2782,0.00,0.00,0,0,96504032.00,1405008.00,97909040.00,1405008,96504032
1669090342.207405,s1-eth2,121704.00,9642782.00,9764486.00,9642782,121704,1844.00,1939.00,3783.00,1939,1844,0.00,0.00,0,0,973632.00,77142256.00,78115888.00,77142256,973632
1669090342.207419,s2-eth1,9642782.00,121704.00,9764486.00,121704,9642782,1939.00,1844.00,3783.00,1844,1939,0.00,0.00,0,0,77142256.00,973632.00,78115888.00,973632,77142256
1669090342.207443,total,22003206.00,22081190.00,44084396.00,22081190,22003206,9227.00,9246.00,18473.00,9246,9227,0.00,0.00,0,0,176025648.00,176649520.00,352675168.00,176649520,176025648
1669090343.207750,lo,228.00,228.00,456.00,228,228,4.00,4.00,8.00,4,4,0.00,0.00,0,0,1824.00,1824.00,3648.00,1824,1824
1669090343.207797,eth0,108.00,168.00,276.00,168,108,2.00,2.00,4.00,2,2,0.00,0.00,0,0,864.00,1344.00,2208.00,1344,864
1669090343.207810,docker0,0.00,0.00,0.00,0,0,0.00,0.00,0.00,0,0,0.00,0.00,0,0,0.00,0.00,0.00,0,0
1669090343.207820,s1-eth1,66594.00,4763180.00,4829774.00,4763180,66594,1009.00,998.00,2007.00,998,1009,0.00,0.00,0,0,532752.00,38105440.00,38638192.00,38105440,532752
1669090343.207834,s2-eth2,28908.00,2279096.00,2308004.00,2279096,28908,438.00,416.00,854.00,416,438,0.00,0.00,0,0,231264.00,18232768.00,18464032.00,18232768,231264
1669090343.207847,s2-eth3,56958.00,4445178.00,4502136.00,4445178,56958,863.00,809.00,1672.00,809,863,0.00,0.00,0,0,455664.00,35561424.00,36017088.00,35561424,455664
1669090343.207879,s1-eth3,12056612.00,152196.00,12208808.00,152196,12056612,2378.00,2306.00,4684.00,2306,2378,0.00,0.00,0,0,96452896.00,1217568.00,97670464.00,1217568,96452896
1669090343.207893,s1-eth2,85734.00,6733094.00,6818828.00,6733094,85734,1299.00,1227.00,2526.00,1227,1299,0.00,0.00,0,0,685872.00,53864752.00,54550624.00,53864752,685872
1669090343.207907,s2-eth1,6733094.00,85734.00,6818828.00,85734,6733094,1227.00,1299.00,2526.00,1299,1227,0.00,0.00,0,0,53864752.00,685872.00,54550624.00,685872,53864752
1669090343.207930,total,19028236.00,18458874.00,37487112.00,18458874,19028236,7220.00,7061.00,14281.00,7061,7220,0.00,0.00,0,0,152225888.00,147670992.00,299896896.00,147670992,152225888
